11 0.500462962962963 0.5178372352285395 0.700925925925926 0.9186176142697882
17 0.30694444444444446 0.10869565217391304 0.19166666666666668 0.028985507246376812
5 0.3194444444444445 0.1596989966555184 0.21481481481481482 0.030657748049052396
17 0.3773148148148148 0.16025641025641024 0.09907407407407408 0.020624303232998884
5 0.3263888888888889 0.22965440356744704 0.22685185185185186 0.030100334448160536
17 0.3824074074074074 0.22993311036789296 0.11481481481481481 0.021739130434782608
5 0.3662037037037037 0.2996098104793757 0.30833333333333335 0.030657748049052396
17 0.4226851851851852 0.29988851727982163 0.1953703703703704 0.022296544035674472
5 0.32083333333333336 0.3704013377926421 0.21574074074074076 0.030657748049052396
17 0.3768518518518519 0.3704013377926421 0.10370370370370371 0.021739130434782608
5 0.3101851851851852 0.4406354515050167 0.1962962962962963 0.03177257525083612
17 0.3662037037037037 0.4431438127090301 0.08425925925925926 0.026755852842809364
5 0.3439814814814815 0.5103121516164995 0.26203703703703707 0.030657748049052396
17 0.4 0.5111482720178372 0.15 0.021181716833890748
5 0.3625 0.5811036789297659 0.2990740740740741 0.03177257525083612
17 0.4185185185185185 0.5838907469342252 0.18703703703703706 0.026198439241917504
5 0.3513888888888889 0.6507803790412486 0.27685185185185185 0.030657748049052396
17 0.40694444444444444 0.6516164994425864 0.16574074074074074 0.021181716833890748
5 0.3513888888888889 0.7210144927536232 0.27685185185185185 0.030657748049052396
17 0.40740740740740744 0.7215719063545151 0.16481481481481483 0.020624303232998884
5 0.3263888888888889 0.7918060200668896 0.22870370370370371 0.03177257525083612
17 0.38333333333333336 0.7948717948717948 0.11481481481481481 0.02564102564102564
5 0.3138888888888889 0.8614827201783724 0.20370370370370372 0.030657748049052396
17 0.3717592592592593 0.8614827201783724 0.08796296296296297 0.020624303232998884
17 0.7444444444444445 0.9361761426978819 0.0462962962962963 0.017279821627647716
17 0.5712962962962963 0.9364548494983277 0.12962962962962962 0.016722408026755852
20 0.500462962962963 0.018115942028985508 0.9990740740740741 0.03511705685618729
