17 0.1287037037037037 0.9793756967670011 0.07962962962962963 0.016722408026755852
17 0.37592592592592594 0.9788182831661092 0.14814814814814814 0.017837235228539576
17 0.625925925925926 0.9793756967670011 0.17407407407407408 0.016722408026755852
17 0.875925925925926 0.9793756967670011 0.16666666666666669 0.016722408026755852
8 0.875925925925926 0.9470457079152731 0.044444444444444446 0.032329988851727984
9 0.5740740740740741 0.7146042363433668 0.06666666666666667 0.04013377926421405
9 0.7481481481481482 0.632664437012263 0.4851851851851852 0.16387959866220736
9 0.08148148148148149 0.7140468227424749 0.06296296296296297 0.03901895206243032
9 0.25277777777777777 0.6321070234113713 0.48703703703703705 0.16499442586399107
9 0.5768518518518518 0.35841694537346713 0.06481481481481481 0.03901895206243032
9 0.7490740740740741 0.27647714604236345 0.48333333333333334 0.16499442586399107
9 0.08148148148148149 0.35841694537346713 0.06296296296296297 0.03901895206243032
9 0.2537037037037037 0.27647714604236345 0.4851851851851852 0.16499442586399107
9 0.37592592592592594 0.9464882943143813 0.05555555555555556 0.033444816053511704
9 0.625 0.9459308807134894 0.053703703703703705 0.032329988851727984
8 0.12592592592592594 0.9453734671125975 0.05185185185185186 0.026755852842809364
17 0.6018518518518519 0.8662207357859532 0.11481481481481481 0.015607580824972128
17 0.10740740740740741 0.8662207357859532 0.11481481481481481 0.015607580824972128
17 0.6305555555555555 0.7853957636566332 0.17592592592592593 0.021181716833890748
17 0.17962962962962964 0.7853957636566332 0.26296296296296295 0.016722408026755852
17 0.6453703703703704 0.7564102564102564 0.20925925925925926 0.02564102564102564
17 0.17037037037037037 0.7541806020066889 0.23703703703703705 0.021181716833890748
17 0.6018518518518519 0.5094760312151616 0.11481481481481481 0.015607580824972128
17 0.10740740740740741 0.5094760312151616 0.11481481481481481 0.015607580824972128
17 0.6805555555555556 0.42865105908584167 0.27222222222222225 0.016722408026755852
17 0.1277777777777778 0.43088071348940915 0.16296296296296298 0.021181716833890748
17 0.7027777777777778 0.3996655518394649 0.31666666666666665 0.02564102564102564
17 0.18055555555555555 0.3996655518394649 0.2611111111111111 0.02564102564102564
17 0.8333333333333334 0.15328874024526198 0.0962962962962963 0.016722408026755852
17 0.500925925925926 0.15328874024526198 0.16481481481481483 0.016722408026755852
17 0.1685185185185185 0.15328874024526198 0.14444444444444446 0.016722408026755852
17 0.2990740740740741 0.07692307692307693 0.24629629629629632 0.026755852842809364
8 0.9407407407407408 0.07636566332218506 0.044444444444444446 0.027870680044593088
8 0.06944444444444445 0.07692307692307693 0.05 0.022296544035674472
1 0.500925925925926 0.9593088071348941 0.9981481481481482 0.08138238573021181
20 0.500925925925926 0.0189520624303233 0.9981481481481482 0.03567447045707915
