9 0.500925925925926 0.915273132664437 0.9981481481481482 0.16945373467112598
9 0.08333333333333334 0.7809364548494984 0.0925925925925926 0.056856187290969896
17 0.500925925925926 0.43199554069119284 0.16111111111111112 0.021181716833890748
9 0.500925925925926 0.3745819397993311 0.12037037037037038 0.07357859531772575
17 0.9370370370370371 0.7814938684503902 0.04814814814814815 0.022296544035674472
17 0.24166666666666667 0.782608695652174 0.19444444444444445 0.022296544035674472
18 0.500925925925926 0.6404682274247492 0.25 0.05462653288740245
17 0.500925925925926 0.5691192865105908 0.4537037037037037 0.0189520624303233
17 0.500925925925926 0.5139353400222966 0.5574074074074075 0.05351170568561873
8 0.9370370370370371 0.07748049052396878 0.014814814814814815 0.02564102564102564
8 0.825925925925926 0.07692307692307693 0.04814814814814815 0.031215161649944256
8 0.06944444444444445 0.07748049052396878 0.04259259259259259 0.02564102564102564
9 0.500925925925926 0.205685618729097 0.9981481481481482 0.3377926421404682
20 0.500925925925926 0.0189520624303233 0.9981481481481482 0.03567447045707915
