8 0.062037037037037036 0.7775919732441472 0.03518518518518519 0.021181716833890748
8 0.062037037037037036 0.7079152731326644 0.03888888888888889 0.020066889632107024
8 0.06296296296296297 0.637123745819398 0.040740740740740744 0.021181716833890748
8 0.062037037037037036 0.5674470457079153 0.031481481481481485 0.022296544035674472
8 0.062037037037037036 0.49665551839464883 0.03518518518518519 0.021181716833890748
8 0.06296296296296297 0.42474916387959866 0.03333333333333333 0.020066889632107024
8 0.0638888888888889 0.3556298773690078 0.05740740740740741 0.020066889632107024
9 0.0638888888888889 0.2848383500557414 0.03888888888888889 0.023411371237458192
17 0.1685185185185185 0.7787068004459309 0.0925925925925926 0.016722408026755852
17 0.20833333333333334 0.7084726867335562 0.17222222222222222 0.0189520624303233
17 0.18333333333333335 0.6404682274247492 0.12222222222222223 0.021181716833890748
17 0.20370370370370372 0.5680044593088072 0.15925925925925927 0.0189520624303233
17 0.1851851851851852 0.4994425863991081 0.12592592592592594 0.022296544035674472
17 0.20370370370370372 0.4258639910813824 0.16296296296296298 0.017837235228539576
17 0.225 0.3556298773690078 0.20185185185185187 0.020066889632107024
17 0.19166666666666668 0.2853957636566332 0.1388888888888889 0.017837235228539576
8 0.13611111111111113 0.13935340022296544 0.17222222222222222 0.10479375696767002
6 0.2925925925925926 0.5183946488294314 0.5814814814814815 0.9632107023411371
20 0.500925925925926 0.0189520624303233 0.9981481481481482 0.03567447045707915
