17 0.2111111111111111 0.39464882943143814 0.14444444444444446 0.017837235228539576
17 0.17222222222222222 0.3054626532887402 0.07037037037037037 0.015607580824972128
17 0.5018518518518519 0.5652173913043478 0.3148148148148148 0.024526198439241916
18 0.5 0.48885172798216275 0.9222222222222223 0.07469342251950947
8 0.06944444444444445 0.3918617614269788 0.03518518518518519 0.027870680044593088
7 0.55 0.4035674470457079 0.825925925925926 0.03567447045707915
8 0.07037037037037037 0.30434782608695654 0.044444444444444446 0.020066889632107024
7 0.549074074074074 0.3149386845039019 0.8277777777777778 0.03678929765886287
17 0.500925925925926 0.24414715719063546 0.031481481481481485 0.013377926421404682
18 0.5018518518518519 0.1778149386845039 0.9222222222222223 0.07469342251950947
17 0.18333333333333335 0.07803790412486064 0.16296296296296298 0.022296544035674472
8 0.0638888888888889 0.07748049052396878 0.02777777777777778 0.027870680044593088
19 0.500925925925926 0.07748049052396878 0.9981481481481482 0.08138238573021181
20 0.500925925925926 0.0189520624303233 0.9981481481481482 0.03567447045707915
