8 0.8583333333333334 0.6945373467112598 0.040740740740740744 0.024526198439241916
17 0.2476851851851852 0.697324414715719 0.25462962962962965 0.023411371237458192
18 0.500925925925926 0.7725752508361204 0.8555555555555556 0.059085841694537344
7 0.500462962962963 0.6950947603121516 0.8583333333333334 0.0758082497212932
17 0.4939814814814815 0.5298216276477146 0.7194444444444444 0.11872909698996656
17 0.500462962962963 0.35702341137123744 0.42129629629629634 0.04403567447045708
9 0.49212962962962964 0.28846153846153844 0.18425925925925926 0.08193979933110368
8 0.06851851851851852 0.07608695652173914 0.04814814814814815 0.021739130434782608
0 0.500462962962963 0.5178372352285395 0.9990740740740741 0.9643255295429208
20 0.500462962962963 0.018115942028985508 0.9990740740740741 0.03511705685618729
