17 0.4532407407407408 0.5811036789297659 0.6601851851851852 0.06967670011148272
17 0.4842592592592593 0.4855072463768116 0.7240740740740741 0.06911928651059086
17 0.45462962962962966 0.40245261984392416 0.662962962962963 0.045707915273132664
18 0.500462962962963 0.8539576365663322 0.7564814814814815 0.0713489409141583
18 0.500462962962963 0.7486064659977704 0.7564814814814815 0.0713489409141583
17 0.4939814814814815 0.6557971014492754 0.7212962962962963 0.021739130434782608
17 0.5125000000000001 0.3302675585284281 0.5083333333333333 0.05741360089186176
9 0.1814814814814815 0.3269230769230769 0.10370370370370371 0.061872909698996656
9 0.5013888888888889 0.20707915273132665 0.19907407407407407 0.11426978818283166
11 0.500462962962963 0.5175585284280937 0.8731481481481482 0.81438127090301
20 0.500462962962963 0.018115942028985508 0.9990740740740741 0.03511705685618729
