8 0.06898148148148149 0.07664437012263099 0.04166666666666667 0.02508361204013378
17 0.2611111111111111 0.07971014492753623 0.17037037037037037 0.028985507246376812
5 0.4935185185185185 0.16025641025641024 0.9037037037037038 0.028428093645484948
17 0.1625 0.1624860646599777 0.24166666666666667 0.023968784838350056
5 0.49259259259259264 0.24219620958751392 0.9055555555555556 0.028428093645484948
17 0.12314814814814816 0.24498327759197325 0.16666666666666669 0.022853957636566332
5 0.4935185185185185 0.32357859531772576 0.9037037037037038 0.027313266443701224
17 0.20462962962962963 0.3241360089186176 0.32592592592592595 0.01950947603121516
5 0.4930555555555556 0.4060758082497213 0.9046296296296297 0.028428093645484948
17 0.18333333333333335 0.4083054626532887 0.2851851851851852 0.023968784838350056
17 0.13333333333333333 0.48327759197324416 0.1851851851851852 0.023411371237458192
17 0.08472222222222223 0.5183946488294314 0.08796296296296297 0.015607580824972128
5 0.49259259259259264 0.5889074693422519 0.9055555555555556 0.028428093645484948
17 0.20694444444444446 0.5911371237458194 0.33425925925925926 0.023968784838350056
5 0.49259259259259264 0.6702898550724637 0.9055555555555556 0.027313266443701224
17 0.26666666666666666 0.6705685618729097 0.4537037037037037 0.020066889632107024
5 0.4935185185185185 0.7527870680044593 0.9037037037037038 0.028428093645484948
17 0.33240740740740743 0.7547380156075808 0.5814814814814815 0.024526198439241916
17 0.0763888888888889 0.8297101449275363 0.0712962962962963 0.013935340022296544
17 0.2763888888888889 0.9010590858416945 0.4712962962962963 0.023968784838350056
17 0.18796296296296297 0.9779821627647715 0.29444444444444445 0.023968784838350056
20 0.500462962962963 0.018115942028985508 0.9990740740740741 0.03511705685618729
