17 0.22546296296296298 0.07692307692307693 0.3601851851851852 0.016722408026755852
8 0.0587962962962963 0.29849498327759194 0.03796296296296296 0.013935340022296544
8 0.059722222222222225 0.8586956521739131 0.03796296296296296 0.013935340022296544
8 0.9125000000000001 0.9659977703455964 0.04351851851851852 0.028985507246376812
9 0.7069444444444445 0.9668338907469342 0.04722222222222222 0.028428093645484948
8 0.500462962962963 0.9665551839464883 0.049074074074074076 0.030100334448160536
8 0.29444444444444445 0.9671125975473801 0.040740740740740744 0.024526198439241916
8 0.08657407407407408 0.9668338907469342 0.02314814814814815 0.023968784838350056
9 0.8453703703703704 0.9236343366778149 0.23148148148148148 0.020066889632107024
17 0.1865740740740741 0.8592530657748049 0.09166666666666667 0.00947603121516165
17 0.09212962962962963 0.8578595317725752 0.026851851851851852 0.012263099219620958
9 0.8458333333333333 0.8118729096989966 0.23240740740740742 0.10869565217391304
17 0.3472222222222222 0.7973801560758083 0.6185185185185186 0.051839464882943144
17 0.7398148148148148 0.6900780379041248 0.08333333333333334 0.010033444816053512
17 0.1527777777777778 0.6903567447045708 0.16666666666666669 0.016164994425863992
17 0.8425925925925927 0.6273690078037903 0.29074074074074074 0.04626532887402453
17 0.3402777777777778 0.6293199554069119 0.5435185185185185 0.05016722408026756
9 0.8245370370370371 0.4891304347826087 0.3027777777777778 0.18896321070234112
9 0.3402777777777778 0.4891304347826087 0.600925925925926 0.19119286510590858
17 0.1675925925925926 0.36231884057971014 0.25 0.017837235228539576
17 0.2162037037037037 0.29821627647714605 0.15092592592592594 0.015607580824972128
17 0.09351851851851853 0.29738015607580826 0.02592592592592593 0.011705685618729096
9 0.8458333333333333 0.2508361204013378 0.23240740740740742 0.1092530657748049
17 0.36342592592592593 0.23690078037904125 0.6472222222222223 0.05128205128205128
17 0.8328703703703704 0.1454849498327759 0.11203703703703705 0.016722408026755852
17 0.6583333333333333 0.1454849498327759 0.11111111111111112 0.016722408026755852
17 0.45231481481481484 0.14576365663322186 0.17685185185185187 0.016164994425863992
17 0.22962962962962963 0.14771460423634336 0.14814814814814814 0.020066889632107024
17 0.047685185185185185 0.14994425863991082 0.09351851851851853 0.016722408026755852
8 0.951388888888889 0.1454849498327759 0.03796296296296296 0.023411371237458192
7 0.4587962962962963 0.07664437012263099 0.8694444444444445 0.05406911928651059
8 0.9467592592592593 0.07664437012263099 0.012037037037037037 0.02508361204013378
1 0.500462962962963 0.9671125975473801 0.9990740740740741 0.06577480490523968
20 0.500462962962963 0.018115942028985508 0.9990740740740741 0.03511705685618729
