8 0.0587962962962963 0.2165551839464883 0.03981481481481482 0.013935340022296544
8 0.0587962962962963 0.3726309921962096 0.03796296296296296 0.013935340022296544
8 0.05925925925925926 0.5289855072463768 0.03888888888888889 0.014492753623188406
8 0.0587962962962963 0.685340022296544 0.03796296296296296 0.013935340022296544
8 0.059722222222222225 0.8414158305462653 0.03796296296296296 0.013935340022296544
8 0.9125000000000001 0.9659977703455964 0.04351851851851852 0.028985507246376812
9 0.7060185185185186 0.9668338907469342 0.04722222222222222 0.028428093645484948
8 0.500462962962963 0.9665551839464883 0.049074074074074076 0.030100334448160536
8 0.29444444444444445 0.9671125975473801 0.040740740740740744 0.024526198439241916
9 0.8453703703703704 0.915273132664437 0.23148148148148148 0.0379041248606466
8 0.08657407407407408 0.9668338907469342 0.02314814814814815 0.023968784838350056
17 0.35833333333333334 0.9155518394648829 0.6333333333333333 0.037346711259754736
17 0.23333333333333334 0.8414158305462653 0.18703703703703706 0.016164994425863992
17 0.09305555555555556 0.8400222965440357 0.026851851851851852 0.012263099219620958
9 0.8453703703703704 0.7940356744704571 0.23148148148148148 0.10869565217391304
17 0.3416666666666667 0.7798216276477146 0.6018518518518519 0.05239687848383501
17 0.2101851851851852 0.685340022296544 0.1388888888888889 0.015050167224080268
17 0.09305555555555556 0.6839464882943144 0.026851851851851852 0.012263099219620958
9 0.8453703703703704 0.6379598662207357 0.23148148148148148 0.10869565217391304
17 0.3476851851851852 0.6231884057971014 0.6157407407407408 0.05128205128205128
17 0.22222222222222224 0.5287068004459309 0.16481481481481483 0.016164994425863992
17 0.09305555555555556 0.5275919732441472 0.026851851851851852 0.01282051282051282
9 0.8453703703703704 0.4816053511705686 0.23148148148148148 0.10813823857302118
17 0.3055555555555556 0.4654403567447046 0.5333333333333333 0.046822742474916385
17 0.1865740740740741 0.3726309921962096 0.09351851851851853 0.010590858416945374
17 0.09212962962962963 0.3712374581939799 0.026851851851851852 0.012263099219620958
9 0.8458333333333333 0.32525083612040134 0.23240740740740742 0.10869565217391304
17 0.3476851851851852 0.3110367892976589 0.6175925925925926 0.05128205128205128
17 0.21574074074074076 0.21627647714604237 0.15185185185185185 0.015607580824972128
17 0.0925925925925926 0.21516164994425863 0.02592592592592593 0.012263099219620958
9 0.8453703703703704 0.16917502787068003 0.23148148148148148 0.10869565217391304
17 0.36388888888888893 0.15468227424749165 0.6481481481481481 0.051839464882943144
17 0.8324074074074075 0.06354515050167224 0.11296296296296297 0.016722408026755852
17 0.6583333333333333 0.06354515050167224 0.11111111111111112 0.016722408026755852
17 0.4518518518518519 0.06382385730211818 0.17777777777777778 0.017279821627647716
17 0.2300925925925926 0.06577480490523968 0.14907407407407408 0.020066889632107024
17 0.047685185185185185 0.0677257525083612 0.09351851851851853 0.017279821627647716
8 0.950925925925926 0.06354515050167224 0.03888888888888889 0.023411371237458192
1 0.500462962962963 0.9671125975473801 0.9990740740740741 0.06577480490523968
12 0.500462962962963 0.06354515050167224 0.9990740740740741 0.055741360089186176
20 0.500462962962963 0.018115942028985508 0.9990740740740741 0.03511705685618729
