17 0.500462962962963 0.907469342251951 0.31203703703703706 0.03455964325529543
17 0.5013888888888889 0.9450947603121516 0.4027777777777778 0.020624303232998884
17 0.500925925925926 0.10785953177257525 0.4537037037037037 0.016164994425863992
17 0.5013888888888889 0.7959866220735786 0.16574074074074074 0.021181716833890748
18 0.712037037037037 0.6864548494983278 0.40185185185185185 0.06744704570791527
18 0.2888888888888889 0.6864548494983278 0.40185185185185185 0.06744704570791527
17 0.5 0.5855629877369007 0.23148148148148148 0.016164994425863992
17 0.500462962962963 0.30908584169453734 0.5157407407407407 0.026198439241917504
18 0.500462962962963 0.46571906354515047 0.8712962962962963 0.09531772575250835
11 0.500462962962963 0.5175585284280937 0.8731481481481482 0.6505016722408027
20 0.500462962962963 0.018115942028985508 0.9990740740740741 0.03511705685618729
