17 0.12222222222222223 0.620958751393534 0.16296296296296298 0.020066889632107024
17 0.1388888888888889 0.5161649944258639 0.1962962962962963 0.022296544035674472
17 0.15092592592592594 0.4074693422519509 0.22037037037037038 0.0189520624303233
17 0.08148148148148149 0.3004459308807135 0.08148148148148149 0.0189520624303233
17 0.500925925925926 0.79041248606466 0.6648148148148149 0.017837235228539576
17 0.5018518518518519 0.7603121516164995 0.8074074074074075 0.020066889632107024
18 0.5018518518518519 0.7051282051282051 0.9481481481481482 0.07023411371237458
17 0.12222222222222223 0.5936454849498327 0.15925925925925927 0.021181716833890748
17 0.10370370370370371 0.48885172798216275 0.12592592592592594 0.02564102564102564
17 0.10740740740740741 0.37959866220735783 0.13333333333333333 0.021181716833890748
17 0.16944444444444445 0.2731326644370123 0.2537037037037037 0.022296544035674472
17 0.5 0.1778149386845039 0.8481481481481482 0.0858416945373467
17 0.20740740740740743 0.07971014492753623 0.32962962962962966 0.032329988851727984
17 0.9425925925925926 0.07692307692307693 0.07037037037037037 0.020066889632107024
19 0.500925925925926 0.07692307692307693 0.9981481481481482 0.08249721293199554
20 0.500925925925926 0.0189520624303233 0.9981481481481482 0.03567447045707915
