17 0.5828703703703704 0.31298773690078036 0.08425925925925926 0.018394648829431436
17 0.9208333333333334 0.5816610925306578 0.05277777777777778 0.017279821627647716
17 0.6055555555555556 0.5833333333333334 0.13703703703703704 0.020624303232998884
17 0.701388888888889 0.5557413600891862 0.32685185185185184 0.02564102564102564
17 0.19583333333333333 0.9899665551839465 0.28240740740740744 0.020066889632107024
9 0.7425925925925926 0.9807692307692307 0.45555555555555555 0.038461538461538464
17 0.9055555555555556 0.9183389074693422 0.08148148148148149 0.017279821627647716
17 0.6282407407407408 0.9200111482720178 0.1787037037037037 0.020624303232998884
17 0.6861111111111111 0.8904682274247492 0.2962962962962963 0.020624303232998884
9 0.7430555555555556 0.742196209587514 0.4564814814814815 0.2346711259754738
9 0.2574074074074074 0.7792642140468228 0.45555555555555555 0.3612040133779264
17 0.41250000000000003 0.5554626532887402 0.09722222222222222 0.015050167224080268
17 0.14351851851851852 0.5568561872909699 0.17777777777777778 0.0189520624303233
17 0.0976851851851852 0.527870680044593 0.08425925925925926 0.0189520624303233
9 0.7430555555555556 0.45345596432552954 0.4564814814814815 0.13879598662207357
17 0.8967592592592593 0.34057971014492755 0.09907407407407408 0.016722408026755852
17 0.6277777777777778 0.3419732441471572 0.17777777777777778 0.01950947603121516
9 0.7425925925925926 0.20875139353400224 0.45740740740740743 0.14659977703455965
9 0.2574074074074074 0.31521739130434784 0.45740740740740743 0.3617614269788183
17 0.375462962962963 0.07692307692307693 0.39537037037037037 0.024526198439241916
8 0.06898148148148149 0.07692307692307693 0.04166666666666667 0.024526198439241916
19 0.500462962962963 0.07692307692307693 0.9990740740740741 0.08138238573021181
20 0.500462962962963 0.018115942028985508 0.9990740740740741 0.03511705685618729
