8 0.9472222222222223 0.07664437012263099 0.012962962962962964 0.02508361204013378
8 0.8435185185185186 0.07608695652173914 0.044444444444444446 0.026198439241917504
17 0.3189814814814815 0.1535674470457079 0.22685185185185186 0.016164994425863992
17 0.2425925925925926 0.07775919732441472 0.1277777777777778 0.022853957636566332
17 0.08703703703703704 0.15301003344481606 0.061111111111111116 0.016164994425863992
8 0.06851851851851852 0.0758082497212932 0.04814814814814815 0.021181716833890748
18 0.500462962962963 0.7918060200668896 0.21574074074074076 0.07190635451505016
17 0.500925925925926 0.6842251950947603 0.5833333333333334 0.040691192865105905
9 0.500462962962963 0.4930323299888517 0.7398148148148148 0.26142697881828314
17 0.5018518518518519 0.2745261984392419 0.6425925925925926 0.09308807134894091
11 0.500462962962963 0.5175585284280937 0.7787037037037038 0.6661092530657748
20 0.500462962962963 0.018115942028985508 0.9990740740740741 0.03511705685618729
