8 0.13657407407407407 0.9540133779264214 0.15833333333333333 0.018394648829431436
17 0.21296296296296297 0.6817168338907469 0.3037037037037037 0.02564102564102564
8 0.8009259259259259 0.07664437012263099 0.061111111111111116 0.03288740245261984
17 0.24351851851851852 0.9545707915273133 0.044444444444444446 0.015050167224080268
17 0.17685185185185187 0.9241917502787068 0.2351851851851852 0.026755852842809364
18 0.7027777777777778 0.93561872909699 0.47962962962962963 0.08305462653288741
17 0.8296296296296297 0.8408584169453734 0.09814814814814815 0.01950947603121516
17 0.6097222222222223 0.8411371237458194 0.11018518518518519 0.0189520624303233
17 0.38796296296296295 0.8408584169453734 0.11111111111111112 0.018394648829431436
17 0.16898148148148148 0.8430880713489409 0.1398148148148148 0.022853957636566332
9 0.8319444444444445 0.7973801560758083 0.062037037037037036 0.037346711259754736
9 0.6111111111111112 0.7968227424749164 0.061111111111111116 0.03400222965440357
9 0.38981481481481484 0.7973801560758083 0.061111111111111116 0.03511705685618729
9 0.16944444444444445 0.7971014492753623 0.05555555555555556 0.03678929765886287
17 0.1824074074074074 0.6477146042363433 0.2425925925925926 0.021181716833890748
9 0.8638888888888889 0.6622073578595318 0.1574074074074074 0.09587513935340022
17 0.4425925925925926 0.5220178372352285 0.7666666666666667 0.09643255295429208
8 0.9217592592592593 0.07608695652173914 0.062037037037037036 0.03288740245261984
8 0.08333333333333334 0.07664437012263099 0.04259259259259259 0.02508361204013378
9 0.500462962962963 0.23634336677814938 0.9990740740740741 0.4013377926421405
20 0.500462962962963 0.018115942028985508 0.9990740740740741 0.03511705685618729
