8 0.9416666666666667 0.07608695652173914 0.04259259259259259 0.027313266443701224
16 0.6643518518518519 0.814659977703456 0.11203703703703705 0.03511705685618729
17 0.10231481481481482 0.8865663322185061 0.125 0.020624303232998884
17 0.1712962962962963 0.8160535117056856 0.2611111111111111 0.021181716833890748
17 0.21435185185185185 0.7226867335562988 0.0787037037037037 0.020624303232998884
17 0.29814814814814816 0.6505016722408027 0.2425925925925926 0.016722408026755852
17 0.2476851851851852 0.5799888517279822 0.14166666666666666 0.017279821627647716
17 0.27546296296296297 0.5117056856187291 0.19722222222222224 0.021181716833890748
17 0.27824074074074073 0.4397993311036789 0.20277777777777778 0.016722408026755852
17 0.25601851851851853 0.37151616499442586 0.16203703703703703 0.021739130434782608
17 0.22222222222222224 0.29933110367892973 0.09074074074074075 0.016722408026755852
8 0.06898148148148149 0.7198996655518395 0.05092592592592593 0.027313266443701224
9 0.06898148148148149 0.6496655518394648 0.04722222222222222 0.022853957636566332
8 0.06898148148148149 0.5797101449275363 0.05092592592592593 0.030100334448160536
8 0.06898148148148149 0.5097547380156076 0.05092592592592593 0.030657748049052396
8 0.06898148148148149 0.43924191750278707 0.05462962962962963 0.032329988851727984
8 0.06898148148148149 0.36845039018952064 0.05092592592592593 0.028985507246376812
8 0.06944444444444445 0.29821627647714605 0.05 0.026755852842809364
18 0.3893518518518519 0.9648829431438127 0.7768518518518519 0.07023411371237458
17 0.23101851851851854 0.21739130434782608 0.3824074074074074 0.023411371237458192
8 0.11712962962962964 0.10562987736900781 0.15462962962962964 0.09420289855072464
6 0.3893518518518519 0.5178372352285395 0.7768518518518519 0.9643255295429208
20 0.500462962962963 0.018115942028985508 0.9990740740740741 0.03511705685618729
