8 0.06898148148148149 0.7198996655518395 0.05092592592592593 0.027313266443701224
9 0.06898148148148149 0.6496655518394648 0.04722222222222222 0.022853957636566332
8 0.06898148148148149 0.5797101449275363 0.05092592592592593 0.030100334448160536
8 0.06898148148148149 0.5094760312151616 0.05092592592592593 0.030100334448160536
8 0.06944444444444445 0.43924191750278707 0.05555555555555556 0.032329988851727984
8 0.06898148148148149 0.36872909698996653 0.05092592592592593 0.029542920847268672
8 0.06898148148148149 0.29849498327759194 0.05092592592592593 0.026198439241917504
18 0.3893518518518519 0.9648829431438127 0.7768518518518519 0.07023411371237458
16 0.6615740740740741 0.8138238573021181 0.10462962962962963 0.032329988851727984
17 0.10277777777777779 0.8862876254180602 0.12592592592592594 0.021181716833890748
17 0.1712962962962963 0.8157748049052397 0.2611111111111111 0.021739130434782608
17 0.21435185185185185 0.7224080267558528 0.0787037037037037 0.021181716833890748
17 0.29814814814814816 0.6502229654403567 0.2425925925925926 0.017279821627647716
17 0.2476851851851852 0.580267558528428 0.14166666666666666 0.017837235228539576
17 0.275 0.511984392419175 0.1962962962962963 0.021739130434782608
17 0.27824074074074073 0.43952062430323297 0.20277777777777778 0.017279821627647716
17 0.2564814814814815 0.37151616499442586 0.16111111111111112 0.020624303232998884
17 0.22222222222222224 0.29933110367892973 0.09074074074074075 0.016722408026755852
17 0.23101851851851854 0.21739130434782608 0.3824074074074074 0.023411371237458192
8 0.11712962962962964 0.10535117056856187 0.15462962962962964 0.0947603121516165
6 0.3893518518518519 0.5178372352285395 0.7768518518518519 0.9643255295429208
20 0.500462962962963 0.018115942028985508 0.9990740740740741 0.03511705685618729
