17 0.12731481481481483 0.3837792642140468 0.09351851851851853 0.01950947603121516
17 0.24027777777777778 0.9710144927536232 0.1675925925925926 0.0189520624303233
17 0.3055555555555556 0.9417502787068004 0.29814814814814816 0.020624303232998884
9 0.9032407407407408 0.9531772575250836 0.062037037037037036 0.043478260869565216
9 0.0787037037037037 0.9531772575250836 0.11851851851851852 0.0713489409141583
17 0.14675925925925926 0.8993868450390189 0.13611111111111113 0.013935340022296544
17 0.15601851851851853 0.798216276477146 0.15462962962962964 0.020066889632107024
17 0.16666666666666669 0.6942586399108138 0.17592592592592593 0.01950947603121516
17 0.1550925925925926 0.5911371237458194 0.1527777777777778 0.01950947603121516
17 0.21944444444444444 0.4874581939799331 0.2814814814814815 0.01950947603121516
17 0.22222222222222224 0.2806577480490524 0.28703703703703703 0.020624303232998884
17 0.8949074074074075 0.16917502787068003 0.07314814814814816 0.017279821627647716
17 0.7245370370370371 0.16917502787068003 0.14907407407407408 0.017279821627647716
17 0.5314814814814816 0.16945373467112598 0.12037037037037038 0.016722408026755852
17 0.3236111111111111 0.1697324414715719 0.1787037037037037 0.017279821627647716
17 0.11342592592592593 0.16945373467112598 0.1287037037037037 0.017837235228539576
17 0.32222222222222224 0.0794314381270903 0.34814814814814815 0.023968784838350056
8 0.9416666666666667 0.07608695652173914 0.0462962962962963 0.027313266443701224
8 0.06851851851851852 0.07608695652173914 0.05 0.021739130434782608
20 0.500462962962963 0.018115942028985508 0.9990740740740741 0.03511705685618729
