8 0.9416666666666667 0.07664437012263099 0.05185185185185186 0.030657748049052396
8 0.06851851851851852 0.07608695652173914 0.04814814814814815 0.021739130434782608
17 0.3388888888888889 0.07971014492753623 0.32962962962962966 0.028985507246376812
11 0.500462962962963 0.5178372352285395 0.7787037037037038 0.7469342251950948
17 0.500925925925926 0.1886845039018952 0.37592592592592594 0.028428093645484948
17 0.5013888888888889 0.2564102564102564 0.21574074074074076 0.014492753623188406
9 0.21342592592592594 0.3272017837235228 0.0712962962962963 0.04905239687848383
9 0.3564814814814815 0.3272017837235228 0.06851851851851852 0.04905239687848383
9 0.5023148148148149 0.3272017837235228 0.05092592592592593 0.04905239687848383
9 0.6444444444444445 0.3269230769230769 0.061111111111111116 0.048494983277591976
9 0.788425925925926 0.3269230769230769 0.08055555555555556 0.048494983277591976
17 0.500925925925926 0.4253065774804905 0.07592592592592592 0.014492753623188406
5 0.47870370370370374 0.47157190635451507 0.31851851851851853 0.030100334448160536
17 0.5111111111111112 0.4721293199554069 0.2537037037037037 0.014492753623188406
5 0.5074074074074074 0.5270345596432553 0.37592592592592594 0.030657748049052396
17 0.5393518518518519 0.5275919732441472 0.31203703703703706 0.013935340022296544
5 0.48055555555555557 0.5833333333333334 0.32222222222222224 0.030657748049052396
17 0.512962962962963 0.5833333333333334 0.2574074074074074 0.013935340022296544
5 0.5055555555555555 0.6385172798216276 0.3740740740740741 0.030657748049052396
17 0.5375 0.6390746934225195 0.3101851851851852 0.013935340022296544
17 0.49953703703703706 0.7511148272017837 0.125 0.036231884057971016
17 0.500462962962963 0.7895763656633221 0.11574074074074074 0.018394648829431436
17 0.7833333333333333 0.850334448160535 0.0462962962962963 0.016164994425863992
20 0.500462962962963 0.018115942028985508 0.9990740740740741 0.03511705685618729
