17 0.8921296296296297 0.8896321070234113 0.019444444444444445 0.017837235228539576
17 0.11712962962962964 0.8899108138238573 0.15462962962962964 0.021739130434782608
8 0.9412037037037038 0.8896321070234113 0.02314814814814815 0.020066889632107024
17 0.8925925925925926 0.8191192865105908 0.018518518518518517 0.018394648829431436
17 0.1212962962962963 0.8188405797101449 0.16296296296296298 0.022296544035674472
8 0.9421296296296297 0.8188405797101449 0.02314814814814815 0.021181716833890748
16 0.888425925925926 0.7313266443701226 0.13796296296296298 0.05239687848383501
17 0.2657407407407408 0.7318840579710145 0.4537037037037037 0.022296544035674472
17 0.8925925925925926 0.6591415830546266 0.018518518518518517 0.018394648829431436
17 0.23657407407407408 0.6594202898550725 0.39351851851851855 0.022296544035674472
8 0.9421296296296297 0.6591415830546266 0.021296296296296296 0.020624303232998884
17 0.8930555555555556 0.588628762541806 0.019444444444444445 0.017837235228539576
17 0.2162037037037037 0.5908584169453734 0.35462962962962963 0.026755852842809364
8 0.9421296296296297 0.5883500557413601 0.02314814814814815 0.020624303232998884
17 0.31157407407407406 0.500278706800446 0.5453703703703704 0.027313266443701224
16 0.888425925925926 0.4972129319955407 0.13796296296296298 0.05239687848383501
17 0.32222222222222224 0.4188963210702341 0.5648148148148149 0.027313266443701224
16 0.888888888888889 0.4158305462653289 0.1388888888888889 0.05239687848383501
17 0.22870370370370371 0.3358416945373467 0.37777777777777777 0.021739130434782608
8 0.9421296296296297 0.33528428093645485 0.02314814814814815 0.01950947603121516
17 0.8032407407407408 0.25418060200668896 0.19722222222222224 0.0189520624303233
17 0.13472222222222222 0.2569676700111483 0.18981481481481483 0.027870680044593088
8 0.9412037037037038 0.25418060200668896 0.02314814814814815 0.020066889632107024
17 0.8458333333333333 0.17586399108138237 0.1175925925925926 0.021739130434782608
17 0.287962962962963 0.17586399108138237 0.4962962962962963 0.027313266443701224
8 0.9407407407407408 0.17307692307692307 0.024074074074074074 0.020624303232998884
17 0.5018518518518519 0.0802675585284281 0.15555555555555556 0.030100334448160536
8 0.06851851851851852 0.07664437012263099 0.02962962962962963 0.029542920847268672
19 0.500462962962963 0.07664437012263099 0.9990740740740741 0.08193979933110368
20 0.500462962962963 0.018115942028985508 0.9990740740740741 0.03511705685618729
