8 0.062037037037037036 0.3258082497212932 0.06666666666666667 0.036231884057971016
17 0.23935185185185187 0.7971014492753623 0.23240740740740742 0.022296544035674472
9 0.061111111111111116 0.7965440356744704 0.06296296296296297 0.0379041248606466
8 0.9416666666666667 0.7971014492753623 0.022222222222222223 0.020066889632107024
17 0.2990740740740741 0.7290969899665551 0.35185185185185186 0.027870680044593088
9 0.06296296296296297 0.7260312151616499 0.05555555555555556 0.037346711259754736
8 0.9416666666666667 0.7263099219620959 0.022222222222222223 0.020066889632107024
17 0.8032407407407408 0.6557971014492754 0.17314814814814816 0.018394648829431436
17 0.28425925925925927 0.6585841694537347 0.31851851851851853 0.027313266443701224
8 0.06157407407407408 0.6555183946488294 0.062037037037037036 0.03901895206243032
8 0.9416666666666667 0.6560758082497212 0.022222222222222223 0.020066889632107024
17 0.8328703703703704 0.585005574136009 0.11574074074074074 0.01950947603121516
17 0.31527777777777777 0.5880713489409142 0.3824074074074074 0.026755852842809364
9 0.06157407407407408 0.585005574136009 0.0638888888888889 0.03400222965440357
8 0.9416666666666667 0.5852842809364548 0.022222222222222223 0.020066889632107024
17 0.8314814814814815 0.5170011148272018 0.11666666666666667 0.023968784838350056
17 0.21944444444444444 0.5178372352285395 0.18888888888888888 0.02564102564102564
9 0.06157407407407408 0.5142140468227425 0.0638888888888889 0.038461538461538464
8 0.9416666666666667 0.5150501672240803 0.022222222222222223 0.020066889632107024
17 0.2657407407407408 0.4214046822742475 0.2833333333333333 0.022296544035674472
9 0.06157407407407408 0.42112597547380154 0.06018518518518519 0.036231884057971016
8 0.9421296296296297 0.4214046822742475 0.02314814814814815 0.020066889632107024
17 0.1902777777777778 0.326644370122631 0.13796296296296298 0.022296544035674472
16 0.8694444444444445 0.32636566332218503 0.1388888888888889 0.051839464882943144
17 0.1837962962962963 0.2522296544035674 0.1212962962962963 0.022853957636566332
9 0.06157407407407408 0.2516722408026756 0.062037037037037036 0.03511705685618729
16 0.8689814814814815 0.25195094760312153 0.13796296296296298 0.05239687848383501
17 0.2712962962962963 0.18088071348940915 0.29444444444444445 0.027313266443701224
8 0.0625 0.17753623188405795 0.058333333333333334 0.038461538461538464
16 0.8689814814814815 0.17753623188405795 0.13796296296296298 0.051839464882943144
17 0.500462962962963 0.0802675585284281 0.17685185185185187 0.028985507246376812
8 0.06851851851851852 0.07664437012263099 0.02962962962962963 0.029542920847268672
19 0.500462962962963 0.07664437012263099 0.9990740740740741 0.08193979933110368
20 0.500462962962963 0.018115942028985508 0.9990740740740741 0.03511705685618729
