17 0.4393518518518519 0.12346711259754738 0.2898148148148148 0.021739130434782608
17 0.24537037037037038 0.29041248606465997 0.1388888888888889 0.022296544035674472
17 0.2638888888888889 0.3612040133779264 0.17592592592592593 0.021181716833890748
17 0.2662037037037037 0.42948717948717946 0.18055555555555555 0.018394648829431436
17 0.32175925925925924 0.5016722408026756 0.2916666666666667 0.022296544035674472
17 0.07546296296296297 0.596711259754738 0.06944444444444445 0.021739130434782608
17 0.12361111111111112 0.665273132664437 0.1675925925925926 0.017279821627647716
17 0.13564814814814816 0.7352285395763657 0.19166666666666668 0.017837235228539576
17 0.6046296296296296 0.9729654403567447 0.11481481481481481 0.01950947603121516
8 0.06898148148148149 0.4991638795986622 0.062037037037037036 0.030657748049052396
8 0.06805555555555556 0.42920847268673357 0.058333333333333334 0.03567447045707915
9 0.06805555555555556 0.358974358974359 0.058333333333333334 0.03567447045707915
9 0.06898148148148149 0.2887402452619844 0.06018518518518519 0.031215161649944256
9 0.13703703703703704 0.12346711259754738 0.18703703703703706 0.11204013377926421
6 0.34074074074074073 0.5178372352285395 0.6796296296296297 0.9643255295429208
20 0.500462962962963 0.018115942028985508 0.9990740740740741 0.03511705685618729
