16 0.6296296296296297 0.6524526198439242 0.0962962962962963 0.03288740245261984
8 0.6569444444444444 0.07971014492753623 0.049074074074074076 0.030100334448160536
8 0.07037037037037037 0.24609810479375696 0.03888888888888889 0.03288740245261984
8 0.06898148148148149 0.33082497212931994 0.05648148148148149 0.027313266443701224
8 0.06851851851851852 0.40245261984392416 0.0462962962962963 0.031215161649944256
8 0.06898148148148149 0.47714604236343366 0.05092592592592593 0.031215161649944256
9 0.06851851851851852 0.5504459308807135 0.05185185185185186 0.03177257525083612
8 0.07361111111111111 0.9648829431438127 0.04722222222222222 0.028985507246376812
17 0.2712962962962963 0.9654403567447045 0.18888888888888888 0.017837235228539576
17 0.08564814814814815 0.7979375696767 0.09351851851851853 0.017279821627647716
17 0.10277777777777779 0.7271460423634336 0.12592592592592594 0.020624303232998884
17 0.19583333333333333 0.6518952062430323 0.3138888888888889 0.018394648829431436
17 0.21851851851851853 0.5532329988851727 0.08518518518518518 0.020624303232998884
17 0.3055555555555556 0.479933110367893 0.25925925925925924 0.022296544035674472
17 0.29305555555555557 0.4066332218506131 0.23425925925925928 0.021739130434782608
17 0.24583333333333335 0.33166109253065773 0.1398148148148148 0.017837235228539576
17 0.2800925925925926 0.25111482720178374 0.31203703703703706 0.03511705685618729
6 0.3652777777777778 0.5178372352285395 0.7287037037037037 0.9643255295429208
20 0.500462962962963 0.018115942028985508 0.9990740740740741 0.03511705685618729
