8 0.1175925925925926 0.10590858416945373 0.1574074074074074 0.0947603121516165
8 0.6712962962962963 0.2120958751393534 0.02592592592592593 0.00947603121516165
8 0.06898148148148149 0.28651059085841696 0.05092592592592593 0.026755852842809364
8 0.06898148148148149 0.3573021181716834 0.05092592592592593 0.02564102564102564
8 0.06898148148148149 0.43924191750278707 0.05648148148148149 0.022296544035674472
8 0.6708333333333334 0.43952062430323297 0.032407407407407406 0.01282051282051282
8 0.6712962962962963 0.5097547380156076 0.031481481481481485 0.01282051282051282
8 0.06898148148148149 0.5094760312151616 0.05092592592592593 0.031215161649944256
8 0.06898148148148149 0.5911371237458194 0.05092592592592593 0.030657748049052396
17 0.23842592592592593 0.5939241917502787 0.12685185185185185 0.021739130434782608
17 0.29305555555555557 0.5100334448160535 0.23611111111111113 0.017837235228539576
17 0.3731481481481482 0.4397993311036789 0.3944444444444445 0.017837235228539576
17 0.3680555555555556 0.3581382385730212 0.3842592592592593 0.018394648829431436
17 0.2212962962962963 0.2879041248606466 0.09074074074074075 0.017279821627647716
17 0.22870370370370371 0.213768115942029 0.37962962962962965 0.022853957636566332
6 0.3703703703703704 0.5178372352285395 0.7388888888888889 0.9632107023411371
20 0.500462962962963 0.018115942028985508 0.9990740740740741 0.03511705685618729
