9 0.21203703703703705 0.1028428093645485 0.23148148148148148 0.0451505016722408
17 0.14027777777777778 0.17809364548494983 0.08611111111111111 0.016164994425863992
17 0.20972222222222223 0.2516722408026756 0.225 0.016164994425863992
17 0.24537037037037038 0.3258082497212932 0.29444444444444445 0.016164994425863992
17 0.19768518518518519 0.3996655518394649 0.20092592592592592 0.015607580824972128
17 0.2152777777777778 0.4738015607580825 0.23240740740740742 0.015607580824972128
17 0.1685185185185185 0.5479375696767002 0.1425925925925926 0.015607580824972128
17 0.18842592592592594 0.6217948717948718 0.18055555555555555 0.016164994425863992
17 0.17222222222222222 0.6956521739130435 0.14814814814814814 0.015607580824972128
17 0.1425925925925926 0.7695094760312151 0.08888888888888889 0.016164994425863992
6 0.3888888888888889 0.5181159420289855 0.7759259259259259 0.9637681159420289
20 0.500462962962963 0.018115942028985508 0.9990740740740741 0.03511705685618729
