20 0.500462962962963 0.018115942028985508 0.9990740740740741 0.03511705685618729
9 0.500925925925926 0.24052396878483834 0.4240740740740741 0.21348940914158304
7 0.500462962962963 0.44648829431438125 0.8546296296296296 0.06131549609810479
17 0.13194444444444445 0.4445373467112598 0.06759259259259259 0.013935340022296544
7 0.500462962962963 0.5211817168338907 0.8546296296296296 0.06131549609810479
17 0.15787037037037038 0.5195094760312151 0.11944444444444445 0.013377926421404682
5 0.2689814814814815 0.5755295429208472 0.3564814814814815 0.027313266443701224
17 0.29953703703703705 0.576644370122631 0.2953703703703704 0.02508361204013378
18 0.28101851851851856 0.6496655518394648 0.41574074074074074 0.07413600891861762
18 0.7194444444444444 0.6496655518394648 0.4166666666666667 0.07413600891861762
17 0.23750000000000002 0.7171125975473801 0.3231481481481482 0.022853957636566332
