9 0.5 0.9425863991081382 0.1388888888888889 0.08249721293199554
17 0.15092592592592594 0.15607580824972128 0.15555555555555556 0.0379041248606466
17 0.8587962962962963 0.15607580824972128 0.13425925925925927 0.0379041248606466
8 0.9393518518518519 0.07803790412486064 0.05092592592592593 0.04124860646599777
8 0.8180555555555555 0.07720178372352285 0.05277777777777778 0.03177257525083612
17 0.2675925925925926 0.07664437012263099 0.2388888888888889 0.01950947603121516
8 0.06851851851851852 0.0758082497212932 0.05 0.021181716833890748
18 0.675462962962963 0.8180044593088072 0.3490740740740741 0.07079152731326645
18 0.32546296296296295 0.818283166109253 0.3490740740740741 0.06911928651059086
17 0.475462962962963 0.6719620958751393 0.5768518518518518 0.17558528428093645
17 0.5 0.544593088071349 0.4703703703703704 0.023411371237458192
9 0.500462962962963 0.4604236343366778 0.14722222222222223 0.08807134894091416
9 0.500462962962963 0.2787068004459309 0.6990740740740741 0.19286510590858416
11 0.500462962962963 0.5175585284280937 0.700925925925926 0.6716833890746934
20 0.500462962962963 0.018115942028985508 0.9990740740740741 0.03511705685618729
