17 0.2337962962962963 0.18645484949832775 0.2175925925925926 0.021739130434782608
17 0.23287037037037037 0.2564102564102564 0.21944444444444444 0.021181716833890748
17 0.23333333333333334 0.326644370122631 0.21851851851851853 0.021181716833890748
17 0.23287037037037037 0.3971571906354515 0.21944444444444444 0.021739130434782608
17 0.2337962962962963 0.46739130434782605 0.2175925925925926 0.021739130434782608
17 0.19074074074074074 0.5373467112597548 0.13148148148148148 0.021181716833890748
17 0.20092592592592592 0.6075808249721293 0.1537037037037037 0.021181716833890748
17 0.20092592592592592 0.6780936454849498 0.15555555555555556 0.021739130434782608
17 0.2013888888888889 0.7483277591973244 0.15462962962962964 0.021739130434782608
17 0.21435185185185185 0.818283166109253 0.1787037037037037 0.021181716833890748
17 0.2138888888888889 0.8885172798216276 0.17962962962962964 0.021181716833890748
17 0.4865740740740741 0.11622073578595317 0.5324074074074074 0.02508361204013378
9 0.16111111111111112 0.11510590858416946 0.0462962962962963 0.048494983277591976
11 0.500462962962963 0.49972129319955405 0.8731481481481482 0.8690078037904124
