17 0.8731481481481482 0.14938684503901895 0.09074074074074075 0.015607580824972128
8 0.9462962962962963 0.07859531772575251 0.014814814814814815 0.02564102564102564
17 0.3092592592592593 0.07971014492753623 0.32222222222222224 0.02564102564102564
17 0.20925925925925926 0.16220735785953178 0.10370370370370371 0.021181716833890748
8 0.07962962962962963 0.16220735785953178 0.05185185185185186 0.032329988851727984
8 0.06851851851851852 0.07748049052396878 0.044444444444444446 0.02564102564102564
18 0.500925925925926 0.7569676700111483 0.8277777777777778 0.057971014492753624
17 0.4962962962962963 0.6839464882943144 0.837037037037037 0.045707915273132664
17 0.33240740740740743 0.6204013377926422 0.23148148148148148 0.023411371237458192
9 0.13796296296296298 0.6215161649944259 0.09814814814814815 0.059085841694537344
18 0.500925925925926 0.5211817168338907 0.8277777777777778 0.056856187290969896
17 0.4861111111111111 0.4498327759197324 0.812962962962963 0.045707915273132664
17 0.32222222222222224 0.3862876254180602 0.2111111111111111 0.023411371237458192
9 0.13796296296296298 0.38684503901895206 0.09814814814814815 0.055741360089186176
17 0.37962962962962965 0.2798216276477146 0.2888888888888889 0.033444816053511704
9 0.13796296296296298 0.27647714604236345 0.11296296296296297 0.06911928651059086
11 0.500925925925926 0.5178372352285395 0.9240740740740742 0.5919732441471571
20 0.500925925925926 0.0189520624303233 0.9981481481481482 0.03567447045707915
