6 0.44212962962962965 0.5178372352285395 0.8824074074074074 0.9632107023411371
8 0.9555555555555556 0.08221850613154962 0.04259259259259259 0.021739130434782608
9 0.4416666666666667 0.11176142697881829 0.11851851851851852 0.06633221850613155
8 0.08796296296296297 0.20540691192865104 0.05555555555555556 0.03400222965440357
17 0.18472222222222223 0.2084726867335563 0.07314814814814816 0.023411371237458192
9 0.08842592592592594 0.2639353400222965 0.05277777777777778 0.022853957636566332
17 0.19074074074074074 0.2644927536231884 0.08518518518518518 0.018394648829431436
8 0.08750000000000001 0.32218506131549607 0.058333333333333334 0.02564102564102564
17 0.24120370370370373 0.32274247491638797 0.18796296296296297 0.020066889632107024
9 0.08888888888888889 0.4166666666666667 0.05555555555555556 0.027313266443701224
17 0.274537037037037 0.41945373467112596 0.25277777777777777 0.023968784838350056
17 0.4689814814814815 0.4746376811594203 0.6601851851851852 0.04180602006688963
8 0.08842592592592594 0.532608695652174 0.05462962962962963 0.029542920847268672
17 0.28564814814814815 0.5351170568561873 0.275 0.024526198439241916
8 0.08842592592592594 0.6270903010033445 0.04722222222222222 0.030100334448160536
17 0.2162037037037037 0.6298773690078038 0.1398148148148148 0.024526198439241916
8 0.08842592592592594 0.6864548494983278 0.05462962962962963 0.030657748049052396
17 0.2300925925925926 0.6858974358974359 0.1638888888888889 0.01950947603121516
8 0.08842592592592594 0.7438684503901896 0.04537037037037037 0.027313266443701224
17 0.1962962962962963 0.7447045707915273 0.10185185185185186 0.020066889632107024
8 0.08750000000000001 0.802675585284281 0.049074074074074076 0.027870680044593088
17 0.20324074074074075 0.8054626532887402 0.11388888888888889 0.023411371237458192
