17 0.2101851851851852 0.07971014492753623 0.3388888888888889 0.02564102564102564
17 0.11851851851851852 0.20457079152731325 0.15925925925925927 0.016722408026755852
17 0.22314814814814815 0.28818283166109254 0.09444444444444444 0.0189520624303233
17 0.2351851851851852 0.35841694537346713 0.11851851851851852 0.0189520624303233
17 0.22870370370370371 0.42865105908584167 0.10925925925925926 0.0189520624303233
17 0.24814814814814815 0.4977703455964325 0.14444444444444446 0.0189520624303233
17 0.2611111111111111 0.5707915273132664 0.17407407407407408 0.022296544035674472
17 0.21574074074074076 0.641025641025641 0.07962962962962963 0.022296544035674472
17 0.225 0.7107023411371237 0.09814814814814815 0.021181716833890748
17 0.10833333333333334 0.7920847268673356 0.1388888888888889 0.0189520624303233
17 0.24166666666666667 0.862876254180602 0.13148148148148148 0.017837235228539576
17 0.23981481481481481 0.935340022296544 0.1277777777777778 0.022296544035674472
8 0.6037037037037037 0.19453734671125975 0.05185185185185186 0.032329988851727984
8 0.06944444444444445 0.28651059085841696 0.05 0.026755852842809364
8 0.06944444444444445 0.35785953177257523 0.053703703703703705 0.031215161649944256
8 0.06944444444444445 0.427536231884058 0.053703703703703705 0.032329988851727984
9 0.07037037037037037 0.49665551839464883 0.04814814814814815 0.030100334448160536
8 0.07037037037037037 0.5680044593088072 0.06296296296296297 0.032329988851727984
8 0.06759259259259259 0.6382385730211817 0.053703703703703705 0.032329988851727984
8 0.06944444444444445 0.7090301003344481 0.05 0.028985507246376812
8 0.07037037037037037 0.8617614269788183 0.05185185185185186 0.031215161649944256
8 0.07037037037037037 0.9319955406911928 0.040740740740740744 0.024526198439241916
6 0.34074074074074073 0.5183946488294314 0.6777777777777778 0.9632107023411371
20 0.500925925925926 0.0189520624303233 0.9981481481481482 0.03567447045707915
