17 0.938425925925926 0.06939799331103678 0.0638888888888889 0.020624303232998884
17 0.5013888888888889 0.9774247491638796 0.3842592592592593 0.020624303232998884
18 0.5 0.7993311036789298 0.6574074074074074 0.0713489409141583
18 0.500462962962963 0.7201783723522854 0.6564814814814816 0.0713489409141583
13 0.500462962962963 0.6479933110367893 0.24351851851851852 0.018394648829431436
17 0.500925925925926 0.5903010033444815 0.512962962962963 0.057971014492753624
17 0.500925925925926 0.47268673355629875 0.3592592592592593 0.05462653288740245
9 0.500462962962963 0.22965440356744704 0.5435185185185185 0.326644370122631
0 0.500462962962963 0.5178372352285395 0.9990740740740741 0.9643255295429208
20 0.500462962962963 0.018115942028985508 0.9990740740740741 0.03511705685618729
