17 0.8740740740740741 0.9721293199554069 0.2111111111111111 0.0379041248606466
8 0.7074074074074075 0.0713489409141583 0.04814814814814815 0.020066889632107024
8 0.8240740740740741 0.07079152731326645 0.044444444444444446 0.027870680044593088
8 0.9416666666666667 0.0713489409141583 0.04259259259259259 0.026755852842809364
17 0.16574074074074074 0.0858416945373467 0.07592592592592592 0.017837235228539576
17 0.2490740740740741 0.06075808249721293 0.24629629629629632 0.021181716833890748
8 0.05925925925925926 0.0713489409141583 0.04814814814814815 0.020066889632107024
9 0.5453703703703704 0.3857302118171683 0.07962962962962963 0.04905239687848383
9 0.5453703703703704 0.4503901895206243 0.07962962962962963 0.04905239687848383
9 0.5444444444444445 0.5133779264214047 0.08148148148148149 0.04793756967670011
9 0.5444444444444445 0.5785953177257525 0.07407407407407407 0.044593088071348944
9 0.21851851851851853 0.6426978818283166 0.07407407407407407 0.045707915273132664
9 0.21851851851851853 0.5785953177257525 0.07407407407407407 0.044593088071348944
9 0.21851851851851853 0.5139353400222966 0.08148148148148149 0.04905239687848383
9 0.2175925925925926 0.4498327759197324 0.07962962962962963 0.04793756967670011
9 0.21944444444444444 0.3851727982162765 0.07592592592592592 0.045707915273132664
17 0.35833333333333334 0.4520624303232999 0.1574074074074074 0.02564102564102564
17 0.3648148148148148 0.5144927536231884 0.17407407407407408 0.021181716833890748
17 0.32407407407407407 0.6426978818283166 0.0962962962962963 0.021181716833890748
17 0.33240740740740743 0.5791527313266444 0.10555555555555556 0.0189520624303233
17 0.6851851851851852 0.5780379041248607 0.16666666666666669 0.021181716833890748
17 0.65 0.5172798216276477 0.0925925925925926 0.024526198439241916
17 0.712037037037037 0.4498327759197324 0.21666666666666667 0.021181716833890748
17 0.638888888888889 0.3857302118171683 0.06666666666666667 0.020066889632107024
17 0.3768518518518519 0.38851727982162765 0.19444444444444445 0.02564102564102564
17 0.7046296296296296 0.7162764771460424 0.17592592592592593 0.016722408026755852
17 0.4953703703703704 0.7162764771460424 0.13148148148148148 0.016722408026755852
17 0.3527777777777778 0.3249721293199554 0.2833333333333333 0.023411371237458192
11 0.500925925925926 0.5178372352285395 0.7018518518518518 0.4782608695652174
20 0.500925925925926 0.0189520624303233 0.9981481481481482 0.03567447045707915
