17 0.7314814814814815 0.19899665551839466 0.15 0.0189520624303233
17 0.125 0.20094760312151616 0.17037037037037037 0.021739130434782608
17 0.22824074074074074 0.23606465997770346 0.3768518518518519 0.021739130434782608
17 0.10740740740740741 0.31382385730211815 0.13703703703703704 0.016722408026755852
17 0.10694444444444445 0.38600891861761427 0.13240740740740742 0.021739130434782608
17 0.17824074074074076 0.45652173913043476 0.27870370370370373 0.021181716833890748
17 0.7962962962962963 0.45429208472686733 0.018518518518518517 0.016722408026755852
17 0.7962962962962963 0.5245261984392419 0.018518518518518517 0.016722408026755852
17 0.17453703703703705 0.5264771460423634 0.2675925925925926 0.021739130434782608
17 0.11990740740740741 0.596711259754738 0.15833333333333333 0.021739130434782608
17 0.1587962962962963 0.6666666666666666 0.23611111111111113 0.021181716833890748
17 0.10324074074074074 0.762263099219621 0.12685185185185185 0.020624303232998884
17 0.07546296296296297 0.8322185061315496 0.06944444444444445 0.021181716833890748
17 0.09444444444444444 0.903010033444816 0.10740740740740741 0.020066889632107024
8 0.12453703703703704 0.11036789297658862 0.17314814814814816 0.10367892976588629
6 0.42314814814814816 0.5178372352285395 0.8444444444444444 0.9643255295429208
20 0.500462962962963 0.018115942028985508 0.9990740740740741 0.03511705685618729
