17 0.25787037037037036 0.3269230769230769 0.16574074074074074 0.017279821627647716
17 0.2990740740740741 0.25668896321070234 0.24629629629629632 0.018394648829431436
18 0.6462962962962964 0.6889632107023411 0.3907407407407408 0.05351170568561873
18 0.28194444444444444 0.6886845039018952 0.24351851851851852 0.052954292084726864
17 0.2953703703703704 0.6229096989966555 0.26481481481481484 0.022853957636566332
17 0.4476851851851852 0.568561872909699 0.5750000000000001 0.021181716833890748
18 0.6458333333333334 0.44565217391304346 0.38981481481481484 0.052954292084726864
18 0.28194444444444444 0.44565217391304346 0.24537037037037038 0.052954292084726864
17 0.46620370370370373 0.38684503901895206 0.6083333333333334 0.016722408026755852
7 0.500462962962963 0.3269230769230769 0.6824074074074075 0.048494983277591976
7 0.500462962962963 0.2572463768115942 0.6824074074074075 0.048494983277591976
17 0.23750000000000002 0.19258639910813824 0.15462962962962964 0.020624303232998884
9 0.5 0.10144927536231883 0.40925925925925927 0.08918617614269789
20 0.500462962962963 0.018115942028985508 0.9990740740740741 0.03511705685618729
