8 0.5453703703703704 0.08361204013377926 0.03888888888888889 0.031215161649944256
17 0.25833333333333336 0.9570791527313266 0.4166666666666667 0.021181716833890748
17 0.20462962962962963 0.8835005574136009 0.312962962962963 0.0189520624303233
8 0.6518518518518519 0.8065774804905239 0.03333333333333333 0.014492753623188406
17 0.13611111111111113 0.802675585284281 0.17222222222222222 0.020066889632107024
8 0.6518518518518519 0.7263099219620959 0.03333333333333333 0.014492753623188406
17 0.11666666666666667 0.7229654403567447 0.13703703703703704 0.0189520624303233
8 0.6518518518518519 0.6454849498327759 0.03333333333333333 0.013377926421404682
17 0.09722222222222222 0.6426978818283166 0.09814814814814815 0.021181716833890748
8 0.6518518518518519 0.5652173913043478 0.03333333333333333 0.013377926421404682
17 0.12314814814814816 0.5624303232998885 0.1462962962962963 0.0189520624303233
8 0.6518518518518519 0.48494983277591974 0.03333333333333333 0.013377926421404682
17 0.08518518518518518 0.4821627647714604 0.07037037037037037 0.0189520624303233
8 0.6518518518518519 0.40468227424749165 0.03333333333333333 0.013377926421404682
17 0.1212962962962963 0.40245261984392416 0.1462962962962963 0.020066889632107024
8 0.6518518518518519 0.3249721293199554 0.03333333333333333 0.014492753623188406
17 0.19814814814814816 0.32218506131549607 0.2962962962962963 0.020066889632107024
8 0.6518518518518519 0.24414715719063546 0.03333333333333333 0.013377926421404682
17 0.10740740740740741 0.241917502787068 0.11481481481481481 0.020066889632107024
17 0.16666666666666669 0.1677814938684504 0.23703703703703705 0.021181716833890748
8 0.6518518518518519 0.08305462653288741 0.05185185185185186 0.032329988851727984
9 0.4388888888888889 0.08361204013377926 0.05185185185185186 0.033444816053511704
9 0.33425925925925926 0.08249721293199554 0.053703703703703705 0.033444816053511704
6 0.36574074074074076 0.5183946488294314 0.7277777777777779 0.9632107023411371
20 0.500925925925926 0.0189520624303233 0.9981481481481482 0.03567447045707915
