9 0.700462962962963 0.43032329988851725 0.16203703703703703 0.10590858416945373
9 0.500925925925926 0.2084726867335563 0.16296296296296298 0.09810479375696766
17 0.300462962962963 0.9406354515050167 0.16574074074074074 0.01950947603121516
17 0.10092592592592593 0.9392419175027871 0.0962962962962963 0.015607580824972128
17 0.5 0.9386845039018952 0.09814814814814815 0.015607580824972128
9 0.500925925925926 0.8731884057971014 0.13518518518518519 0.09754738015607581
9 0.30092592592592593 0.8695652173913043 0.13518518518518519 0.09141583054626533
9 0.10092592592592593 0.8740245261984392 0.13518518518518519 0.08918617614269789
17 0.18287037037037038 0.7934782608695652 0.28425925925925927 0.02508361204013378
17 0.700925925925926 0.7171125975473801 0.07222222222222223 0.016164994425863992
17 0.5 0.7190635451505016 0.08888888888888889 0.0189520624303233
17 0.3 0.7187848383500557 0.1685185185185185 0.01950947603121516
17 0.10138888888888889 0.7171125975473801 0.08611111111111111 0.016164994425863992
9 0.700462962962963 0.6479933110367893 0.13611111111111113 0.09643255295429208
9 0.500925925925926 0.6502229654403567 0.13703703703703704 0.09977703455964325
9 0.30092592592592593 0.6474358974358975 0.13703703703703704 0.10089186176142698
9 0.10092592592592593 0.6513377926421404 0.16296296296296298 0.11204013377926421
17 0.1912037037037037 0.5716276477146043 0.30092592592592593 0.02508361204013378
17 0.9 0.49665551839464883 0.10740740740740741 0.020066889632107024
17 0.701388888888889 0.49498327759197325 0.13240740740740742 0.015607580824972128
17 0.3013888888888889 0.5052954292084727 0.09907407407407408 0.036231884057971016
17 0.10092592592592593 0.4969342251950947 0.10185185185185186 0.018394648829431436
9 0.900462962962963 0.4306020066889632 0.13611111111111113 0.08193979933110368
17 0.5 0.49581939799331104 0.06851851851851852 0.015050167224080268
9 0.500925925925926 0.43032329988851725 0.13518518518518519 0.08138238573021181
9 0.30092592592592593 0.4306020066889632 0.13518518518518519 0.08193979933110368
9 0.10092592592592593 0.43032329988851725 0.13518518518518519 0.08138238573021181
17 0.29212962962962963 0.35005574136008916 0.5027777777777778 0.024526198439241916
17 0.9009259259259259 0.2731326644370123 0.06851851851851852 0.015607580824972128
17 0.6995370370370371 0.2734113712374582 0.08981481481481482 0.016164994425863992
17 0.500925925925926 0.27480490523968787 0.08518518518518518 0.0189520624303233
17 0.30092592592592593 0.2731326644370123 0.09444444444444444 0.015607580824972128
17 0.10185185185185186 0.27285395763656634 0.11851851851851852 0.016164994425863992
9 0.9 0.2084726867335563 0.13518518518518519 0.08138238573021181
9 0.7000000000000001 0.20875139353400224 0.13703703703703704 0.08305462653288741
9 0.10185185185185186 0.2084726867335563 0.13518518518518519 0.08138238573021181
9 0.30092592592592593 0.20875139353400224 0.16296296296296298 0.09754738015607581
17 0.2555555555555556 0.07971014492753623 0.2351851851851852 0.030100334448160536
17 0.9189814814814815 0.07720178372352285 0.08611111111111111 0.017279821627647716
17 0.2935185185185185 0.12876254180602006 0.5074074074074074 0.023411371237458192
8 0.06898148148148149 0.07664437012263099 0.03796296296296296 0.022853957636566332
19 0.500462962962963 0.07664437012263099 0.9990740740740741 0.08082497212931995
20 0.500462962962963 0.018115942028985508 0.9990740740740741 0.03511705685618729
