17 0.12314814814814816 0.7951505016722408 0.16666666666666669 0.018394648829431436
17 0.8722222222222222 0.9464882943143813 0.1814814814814815 0.022296544035674472
17 0.2763888888888889 0.9462095875139354 0.4712962962962963 0.022853957636566332
17 0.25462962962962965 0.2555741360089186 0.4277777777777778 0.02508361204013378
17 0.09444444444444444 0.2148829431438127 0.10370370370370371 0.021739130434782608
17 0.11018518518518519 0.891025641025641 0.13703703703703704 0.02508361204013378
17 0.07916666666666666 0.850334448160535 0.07685185185185185 0.022853957636566332
17 0.15324074074074073 0.7076365663322185 0.22314814814814815 0.022853957636566332
16 0.8976851851851853 0.7073578595317725 0.08240740740740742 0.031215161649944256
17 0.14166666666666666 0.6259754738015607 0.20370370370370372 0.021181716833890748
17 0.13564814814814816 0.5869565217391304 0.18796296296296297 0.022296544035674472
17 0.21342592592592594 0.5055741360089187 0.3453703703703704 0.027870680044593088
17 0.19074074074074074 0.4227982162764771 0.3037037037037037 0.02508361204013378
17 0.1837962962962963 0.3821070234113712 0.28425925925925927 0.022853957636566332
18 0.500462962962963 0.3102006688963211 0.9231481481481482 0.05406911928651059
17 0.08425925925925926 0.1505016722408027 0.08703703703703704 0.020066889632107024
17 0.23657407407407408 0.07998885172798216 0.18055555555555555 0.030657748049052396
8 0.06944444444444445 0.07692307692307693 0.04259259259259259 0.02564102564102564
19 0.500462962962963 0.07664437012263099 0.9990740740740741 0.08193979933110368
20 0.500462962962963 0.018115942028985508 0.9990740740740741 0.03511705685618729
