11 0.500925925925926 0.5172798216276477 0.6833333333333333 0.9186176142697882
8 0.7537037037037038 0.11148272017837235 0.05555555555555556 0.033444816053511704
17 0.3805555555555556 0.1109253065774805 0.32037037037037036 0.023411371237458192
7 0.500925925925926 0.18227424749163879 0.5648148148148149 0.03455964325529543
8 0.2611111111111111 0.17558528428093645 0.03333333333333333 0.021181716833890748
17 0.47500000000000003 0.17837235228539577 0.3574074074074074 0.020066889632107024
17 0.4083333333333333 0.26421404682274247 0.18333333333333335 0.017837235228539576
8 0.25833333333333336 0.26421404682274247 0.04259259259259259 0.013377926421404682
8 0.25925925925925924 0.34002229654403565 0.040740740740740744 0.020066889632107024
17 0.4138888888888889 0.34225195094760313 0.19074074074074074 0.020066889632107024
5 0.38981481481481484 0.41248606465997767 0.20185185185185187 0.031215161649944256
17 0.4361111111111111 0.41304347826086957 0.10925925925925926 0.016722408026755852
5 0.41203703703703703 0.48272017837235226 0.2425925925925926 0.031215161649944256
17 0.45740740740740743 0.48272017837235226 0.15185185185185185 0.017837235228539576
5 0.38333333333333336 0.5529542920847269 0.1851851851851852 0.031215161649944256
17 0.4287037037037037 0.5535117056856187 0.09444444444444444 0.016722408026755852
5 0.3944444444444445 0.6231884057971014 0.20740740740740743 0.031215161649944256
17 0.4388888888888889 0.6254180602006689 0.11851851851851852 0.020066889632107024
5 0.44722222222222224 0.693422519509476 0.312962962962963 0.031215161649944256
17 0.49259259259259264 0.6956521739130435 0.22222222222222224 0.020066889632107024
5 0.39814814814814814 0.7636566332218506 0.21481481481481482 0.031215161649944256
17 0.4425925925925926 0.7636566332218506 0.12592592592592594 0.017837235228539576
5 0.39166666666666666 0.8338907469342252 0.20185185185185187 0.031215161649944256
17 0.43703703703703706 0.8338907469342252 0.11111111111111112 0.017837235228539576
17 0.5324074074074074 0.9292084726867336 0.1537037037037037 0.021181716833890748
17 0.7240740740740741 0.9297658862876254 0.11111111111111112 0.020066889632107024
20 0.500925925925926 0.0189520624303233 0.9981481481481482 0.03567447045707915
