17 0.4027777777777778 0.4503901895206243 0.38703703703703707 0.022296544035674472
17 0.3138888888888889 0.3745819397993311 0.21296296296296297 0.017837235228539576
17 0.25277777777777777 0.30211817168338906 0.09074074074074075 0.015607580824972128
8 0.7685185185185186 0.4492753623188406 0.05185185185185186 0.020066889632107024
17 0.500925925925926 0.9604236343366778 0.47222222222222227 0.021181716833890748
18 0.500925925925926 0.6443701226309921 0.6092592592592593 0.0758082497212932
18 0.500925925925926 0.5574136008918618 0.6092592592592593 0.0713489409141583
7 0.500925925925926 0.4537346711259755 0.5907407407407408 0.028985507246376812
7 0.500925925925926 0.3801560758082497 0.5907407407407408 0.028985507246376812
7 0.500925925925926 0.30657748049052397 0.5907407407407408 0.026755852842809364
9 0.5 0.17725752508361203 0.27037037037037037 0.13823857302118173
0 0.500925925925926 0.5183946488294314 0.9981481481481482 0.9632107023411371
20 0.500925925925926 0.0189520624303233 0.9981481481481482 0.03567447045707915
