8 0.9319444444444445 0.9651616499442586 0.03796296296296296 0.022853957636566332
8 0.09814814814814815 0.45094760312151616 0.05185185185185186 0.033444816053511704
8 0.09907407407407408 0.5440356744704571 0.044444444444444446 0.031215161649944256
8 0.9125000000000001 0.6362876254180602 0.06759259259259259 0.040691192865105905
8 0.912962962962963 0.4512263099219621 0.07037037037037037 0.04292084726867335
8 0.913425925925926 0.358695652173913 0.06944444444444445 0.04292084726867335
17 0.47500000000000003 0.9671125975473801 0.5981481481481482 0.045707915273132664
17 0.4087962962962963 0.6546822742474916 0.46574074074074073 0.020624303232998884
9 0.09861111111111112 0.6360089186176142 0.05092592592592593 0.030100334448160536
17 0.3365740740740741 0.6231884057971014 0.3212962962962963 0.021181716833890748
17 0.33101851851851855 0.5621516164994426 0.3101851851851852 0.021739130434782608
17 0.27592592592592596 0.5309364548494984 0.2 0.021739130434782608
17 0.3277777777777778 0.46962095875139354 0.3037037037037037 0.021739130434782608
17 0.26712962962962966 0.4389632107023411 0.1824074074074074 0.020624303232998884
8 0.09814814814814815 0.358974358974359 0.044444444444444446 0.027870680044593088
17 0.3689814814814815 0.37709030100334445 0.3861111111111111 0.021739130434782608
17 0.2990740740740741 0.3464325529542921 0.24444444444444446 0.021739130434782608
17 0.4675925925925926 0.2848383500557414 0.5833333333333334 0.021181716833890748
9 0.09953703703703703 0.26672240802675584 0.04537037037037037 0.03177257525083612
17 0.2777777777777778 0.2522296544035674 0.20555555555555557 0.017279821627647716
8 0.09444444444444444 0.17614269788182832 0.05185185185185186 0.032329988851727984
17 0.30092592592592593 0.19258639910813824 0.25 0.021739130434782608
17 0.28703703703703703 0.1596989966555184 0.22037037037037038 0.017279821627647716
8 0.08842592592592594 0.9651616499442586 0.08425925925925926 0.05072463768115942
17 0.325 0.07998885172798216 0.30185185185185187 0.030657748049052396
8 0.06944444444444445 0.07664437012263099 0.04259259259259259 0.026198439241917504
2 0.500462962962963 0.4052396878483835 0.9638888888888889 0.5551839464882943
19 0.500462962962963 0.07664437012263099 0.9990740740740741 0.08305462653288741
20 0.500462962962963 0.018115942028985508 0.9990740740740741 0.03511705685618729
