9 0.8046296296296297 0.5147714604236343 0.07037037037037037 0.06633221850613155
9 0.6513888888888889 0.5206243032329989 0.11574074074074074 0.046822742474916385
9 0.5013888888888889 0.5147714604236343 0.0712962962962963 0.05852842809364548
9 0.3476851851851852 0.5181159420289855 0.09722222222222222 0.051839464882943144
9 0.19490740740740742 0.5192307692307693 0.10648148148148148 0.049609810479375696
17 0.3375 0.4358974358974359 0.5157407407407407 0.046822742474916385
18 0.500462962962963 0.7728539576365663 0.8453703703703704 0.07079152731326645
17 0.5023148148148149 0.891025641025641 0.8324074074074075 0.07302118171683389
9 0.17453703703703705 0.15942028985507245 0.1953703703703704 0.1092530657748049
13 0.5027777777777778 0.9698996655518395 0.05 0.016722408026755852
20 0.500462962962963 0.018115942028985508 0.9990740740740741 0.03511705685618729
