17 0.5537037037037037 0.15217391304347827 0.5370370370370371 0.06577480490523968
17 0.4638888888888889 0.3745819397993311 0.31666666666666665 0.021181716833890748
17 0.40046296296296297 0.4601449275362319 0.18611111111111112 0.021739130434782608
8 0.2523148148148148 0.4598662207357859 0.04166666666666667 0.031215161649944256
8 0.2523148148148148 0.37402452619843923 0.05092592592592593 0.031215161649944256
18 0.5699074074074074 0.9018952062430323 0.437962962962963 0.055741360089186176
8 0.2611111111111111 0.9007803790412486 0.09444444444444444 0.05462653288740245
17 0.5041666666666667 0.8319397993311036 0.5675925925925926 0.05072463768115942
17 0.7000000000000001 0.6677814938684504 0.2111111111111111 0.017837235228539576
17 0.6550925925925927 0.629041248606466 0.2990740740740741 0.018394648829431436
18 0.500462962962963 0.5588071348940914 0.6083333333333334 0.08305462653288741
7 0.500462962962963 0.45958751393534003 0.6101851851851852 0.07302118171683389
7 0.49953703703703706 0.3743032329988852 0.6101851851851852 0.07302118171683389
9 0.22314814814814815 0.1524526198439242 0.09074074074074075 0.08974358974358974
20 0.500462962962963 0.018115942028985508 0.9990740740740741 0.03511705685618729
