17 0.23842592592592593 0.5044593088071349 0.13611111111111113 0.015607580824972128
17 0.26944444444444443 0.4333890746934225 0.2 0.016164994425863992
17 0.20925925925925926 0.3625975473801561 0.07777777777777778 0.015050167224080268
8 0.07037037037037037 0.9568004459308806 0.03333333333333333 0.016164994425863992
17 0.8527777777777779 0.9593088071348941 0.1962962962962963 0.024526198439241916
17 0.14814814814814814 0.9570791527313266 0.08518518518518518 0.017837235228539576
18 0.5 0.592809364548495 0.34814814814814815 0.06075808249721293
7 0.5 0.5052954292084727 0.712962962962963 0.05629877369007804
7 0.5 0.4342251950947603 0.712962962962963 0.055741360089186176
7 0.5 0.362876254180602 0.712962962962963 0.056856187290969896
17 0.5013888888888889 0.2887402452619844 0.2675925925925926 0.023411371237458192
9 0.5 0.16917502787068003 0.15185185185185185 0.09085841694537347
20 0.500462962962963 0.018115942028985508 0.9990740740740741 0.03511705685618729
