18 0.500925925925926 0.580267558528428 0.9500000000000001 0.059085841694537344
18 0.500925925925926 0.9593088071348941 0.9981481481481482 0.08138238573021181
17 0.45555555555555555 0.8818283166109253 0.4962962962962963 0.020066889632107024
9 0.762962962962963 0.8795986622073578 0.06296296296296297 0.0379041248606466
17 0.39537037037037037 0.8260869565217391 0.29814814814814816 0.017837235228539576
18 0.6657407407407407 0.8255295429208472 0.18333333333333335 0.043478260869565216
17 0.5018518518518519 0.5183946488294314 0.04814814814814815 0.017837235228539576
9 0.7435185185185186 0.4559643255295429 0.46481481481481485 0.06020066889632107
9 0.2574074074074074 0.4559643255295429 0.46296296296296297 0.06020066889632107
17 0.5018518518518519 0.3979933110367893 0.13703703703703704 0.020066889632107024
17 0.500925925925926 0.19286510590858416 0.38333333333333336 0.024526198439241916
9 0.500925925925926 0.1354515050167224 0.4240740740740741 0.06131549609810479
