18 0.500462962962963 0.9261426978818283 0.8972222222222223 0.07413600891861762
13 0.5 0.9852285395763657 0.09444444444444444 0.016164994425863992
17 0.4912037037037037 0.624860646599777 0.8768518518518519 0.07469342251950947
9 0.5013888888888889 0.3982720178372352 0.5824074074074075 0.33612040133779264
17 0.4615740740740741 0.19258639910813824 0.8250000000000001 0.04738015607580825
17 0.3314814814814815 0.13517279821627648 0.5555555555555556 0.027313266443701224
9 0.11990740740740741 0.06828316610925307 0.1638888888888889 0.05518394648829431
17 0.7421296296296297 0.07107023411371237 0.07314814814814816 0.017279821627647716
17 0.9148148148148149 0.0713489409141583 0.08518518518518518 0.015607580824972128
19 0.500925925925926 0.07023411371237458 0.9981481481481482 0.06911928651059086
20 0.500462962962963 0.018115942028985508 0.9990740740740741 0.03511705685618729
