6 0.35324074074074074 0.5178372352285395 0.7046296296296296 0.9643255295429208
9 0.12314814814814816 0.173355629877369 0.12407407407407407 0.13154960981047936
17 0.4439814814814815 0.15607580824972128 0.41944444444444445 0.024526198439241916
17 0.4513888888888889 0.19119286510590858 0.4342592592592593 0.024526198439241916
5 0.2388888888888889 0.3539576365663322 0.38703703703703707 0.027870680044593088
17 0.3041666666666667 0.35535117056856186 0.2564814814814815 0.018394648829431436
8 0.06759259259259259 0.43645484949832775 0.053703703703703705 0.027870680044593088
17 0.27175925925925926 0.43729096989966554 0.19166666666666668 0.018394648829431436
8 0.06898148148148149 0.5181159420289855 0.04166666666666667 0.02508361204013378
17 0.24953703703703706 0.5192307692307693 0.14537037037037037 0.018394648829431436
8 0.06851851851851852 0.6000557413600892 0.05 0.030657748049052396
17 0.26805555555555555 0.6011705685618729 0.18425925925925926 0.018394648829431436
8 0.39722222222222225 0.8773690078037903 0.0462962962962963 0.031215161649944256
8 0.06851851851851852 0.8765328874024526 0.05185185185185186 0.028428093645484948
17 0.21805555555555556 0.8776477146042363 0.08425925925925926 0.016164994425863992
17 0.5592592592592592 0.8779264214046822 0.11111111111111112 0.016722408026755852
8 0.8930555555555556 0.9361761426978819 0.13796296296296298 0.08416945373467112
8 0.06898148148148149 0.9590301003344481 0.026851851851851852 0.03177257525083612
8 0.3976851851851852 0.9587513935340022 0.05092592592592593 0.026755852842809364
17 0.2111111111111111 0.95958751393534 0.07037037037037037 0.016164994425863992
17 0.5703703703703704 0.95958751393534 0.13148148148148148 0.016164994425863992
20 0.500462962962963 0.018115942028985508 0.9990740740740741 0.03511705685618729
