17 0.28101851851851856 0.4576365663322185 0.18796296296296297 0.021181716833890748
17 0.22546296296296298 0.3804347826086956 0.08055555555555556 0.016164994425863992
18 0.5 0.7748049052396878 0.6814814814814815 0.0713489409141583
18 0.500462962962963 0.6906354515050167 0.6824074074074075 0.0713489409141583
17 0.500462962962963 0.6198439241917503 0.32685185185185184 0.021181716833890748
18 0.500462962962963 0.5454292084726867 0.6824074074074075 0.07190635451505016
7 0.500462962962963 0.45903010033444813 0.6824074074074075 0.06298773690078038
7 0.500462962962963 0.37959866220735783 0.6824074074074075 0.06243032329988851
17 0.500462962962963 0.2806577480490524 0.687962962962963 0.06521739130434782
0 0.500462962962963 0.5178372352285395 0.9990740740740741 0.9643255295429208
20 0.500462962962963 0.018115942028985508 0.9990740740740741 0.03511705685618729
