17 0.2800925925925926 0.07998885172798216 0.2564814814814815 0.037346711259754736
8 0.07592592592592592 0.09085841694537347 0.10370370370370371 0.06243032329988851
17 0.1328703703703704 0.17391304347826086 0.2138888888888889 0.0189520624303233
17 0.07222222222222223 0.2076365663322185 0.0925925925925926 0.016164994425863992
17 0.4083333333333333 0.2792642140468227 0.30185185185185187 0.028985507246376812
17 0.1837962962962963 0.35702341137123744 0.125 0.021739130434782608
17 0.19953703703703704 0.4378483835005574 0.16018518518518518 0.028428093645484948
17 0.19907407407407407 0.5133779264214047 0.15555555555555556 0.021181716833890748
17 0.22175925925925927 0.588628762541806 0.36388888888888893 0.028985507246376812
17 0.125 0.6516164994425864 0.17407407407407408 0.022296544035674472
17 0.15231481481481482 0.7168338907469343 0.22685185185185186 0.022296544035674472
17 0.23333333333333334 0.7851170568561873 0.3851851851851852 0.028428093645484948
17 0.17083333333333334 0.8511705685618729 0.26944444444444443 0.027870680044593088
9 0.06574074074074074 0.5128205128205128 0.08148148148148149 0.032329988851727984
9 0.06527777777777778 0.43478260869565216 0.05092592592592593 0.044593088071348944
8 0.06574074074074074 0.3564659977703456 0.06851851851851852 0.0451505016722408
18 0.13425925925925927 0.27647714604236345 0.22037037037037038 0.05351170568561873
6 0.3888888888888889 0.5178372352285395 0.7759259259259259 0.9643255295429208
20 0.500462962962963 0.018115942028985508 0.9990740740740741 0.03511705685618729
