8 0.06851851851851852 0.07636566332218506 0.044444444444444446 0.027870680044593088
17 0.3365740740740741 0.07664437012263099 0.39537037037037037 0.02508361204013378
5 0.4930555555555556 0.15551839464882944 0.9324074074074075 0.027870680044593088
17 0.08888888888888889 0.15551839464882944 0.12407407407407407 0.0189520624303233
5 0.49259259259259264 0.23132664437012262 0.9333333333333333 0.027870680044593088
17 0.0962962962962963 0.23132664437012262 0.14074074074074075 0.0189520624303233
5 0.4935185185185185 0.3068561872909699 0.9333333333333333 0.027313266443701224
17 0.17962962962962964 0.3068561872909699 0.3055555555555556 0.018394648829431436
5 0.4930555555555556 0.38238573021181715 0.9324074074074075 0.027870680044593088
17 0.19305555555555556 0.38238573021181715 0.33240740740740743 0.0189520624303233
5 0.49259259259259264 0.45819397993311034 0.9333333333333333 0.027870680044593088
17 0.11157407407407408 0.45819397993311034 0.1712962962962963 0.0189520624303233
5 0.49259259259259264 0.5337235228539576 0.9351851851851852 0.027313266443701224
17 0.11203703703703705 0.5356744704570792 0.17407407407407408 0.023411371237458192
5 0.4930555555555556 0.6092530657748049 0.9324074074074075 0.027870680044593088
17 0.2240740740740741 0.6114827201783724 0.3944444444444445 0.023411371237458192
5 0.49259259259259264 0.6850613154960981 0.9333333333333333 0.027870680044593088
17 0.10231481481481482 0.6872909698996655 0.1527777777777778 0.023411371237458192
5 0.49259259259259264 0.7603121516164995 0.9333333333333333 0.027870680044593088
17 0.06435185185185185 0.7608695652173912 0.07685185185185185 0.0189520624303233
5 0.4935185185185185 0.8361204013377926 0.9333333333333333 0.027870680044593088
17 0.11342592592592593 0.8361204013377926 0.17314814814814816 0.0189520624303233
5 0.4930555555555556 0.9116499442586399 0.9342592592592593 0.027313266443701224
17 0.12268518518518519 0.9119286510590858 0.19351851851851853 0.0189520624303233
20 0.500462962962963 0.018115942028985508 0.9990740740740741 0.03511705685618729
