17 0.4990740740740741 0.3110367892976589 0.3314814814814815 0.020066889632107024
17 0.5 0.217670011148272 0.6 0.023968784838350056
9 0.7425925925925926 0.8988294314381271 0.46296296296296297 0.20234113712374582
9 0.2574074074074074 0.8887959866220736 0.26296296296296295 0.22240802675585283
18 0.7435185185185186 0.7235228539576366 0.41481481481481486 0.05016722408026756
18 0.2564814814814815 0.7240802675585284 0.41481481481481486 0.05016722408026756
17 0.6981481481481482 0.6705685618729097 0.03518518518518519 0.017837235228539576
17 0.21157407407407408 0.6705685618729097 0.03425925925925926 0.017837235228539576
17 0.7726851851851853 0.6705685618729097 0.06574074074074074 0.016722408026755852
17 0.2865740740740741 0.6708472686733556 0.06574074074074074 0.016164994425863992
9 0.7439814814814815 0.5011148272017837 0.4620370370370371 0.27759197324414714
9 0.2569444444444445 0.5011148272017837 0.4620370370370371 0.27759197324414714
17 0.4990740740740741 0.14827201783723523 0.8074074074074075 0.03901895206243032
17 0.9060185185185186 0.06270903010033445 0.13796296296296298 0.015050167224080268
20 0.500462962962963 0.018115942028985508 0.9990740740740741 0.03511705685618729
