17 0.17685185185185187 0.9698996655518395 0.06481481481481481 0.017837235228539576
17 0.1851851851851852 0.9052396878483835 0.08518518518518518 0.017837235228539576
17 0.24537037037037038 0.8433667781493869 0.20555555555555557 0.021181716833890748
17 0.20370370370370372 0.7764771460423634 0.11851851851851852 0.016722408026755852
17 0.225 0.7151616499442587 0.16481481481481483 0.021181716833890748
17 0.24166666666666667 0.6477146042363433 0.19814814814814816 0.017837235228539576
17 0.22777777777777777 0.5836120401337792 0.17037037037037037 0.016722408026755852
17 0.2351851851851852 0.5211817168338907 0.1851851851851852 0.021181716833890748
17 0.18333333333333335 0.45540691192865107 0.08148148148148149 0.016722408026755852
17 0.17962962962962964 0.3907469342251951 0.07037037037037037 0.016722408026755852
17 0.2064814814814815 0.32887402452619846 0.1277777777777778 0.022296544035674472
17 0.20277777777777778 0.2625418060200669 0.11666666666666667 0.016722408026755852
17 0.1953703703703704 0.1978818283166109 0.10925925925925926 0.016722408026755852
17 0.19814814814814816 0.13377926421404682 0.11111111111111112 0.017837235228539576
9 0.08240740740740742 0.32552954292084724 0.07962962962962963 0.046822742474916385
17 0.500925925925926 0.07023411371237458 0.4981481481481482 0.022296544035674472
8 0.05648148148148149 0.06856187290969899 0.04259259259259259 0.02564102564102564
8 0.9287037037037037 0.9693422519509476 0.03888888888888889 0.021181716833890748
8 0.9268518518518519 0.9057971014492754 0.03888888888888889 0.021181716833890748
8 0.9277777777777778 0.8411371237458194 0.037037037037037035 0.021181716833890748
8 0.9287037037037037 0.7770345596432553 0.03518518518518519 0.020066889632107024
8 0.9268518518518519 0.7129319955406912 0.03888888888888889 0.021181716833890748
8 0.9259259259259259 0.6482720178372352 0.037037037037037035 0.021181716833890748
8 0.9277777777777778 0.5836120401337792 0.037037037037037035 0.021181716833890748
8 0.9277777777777778 0.5189520624303233 0.037037037037037035 0.021181716833890748
8 0.9277777777777778 0.45429208472686733 0.037037037037037035 0.021181716833890748
8 0.9259259259259259 0.3907469342251951 0.037037037037037035 0.021181716833890748
8 0.9277777777777778 0.326644370122631 0.037037037037037035 0.020066889632107024
8 0.9259259259259259 0.2625418060200669 0.037037037037037035 0.021181716833890748
8 0.9277777777777778 0.19732441471571907 0.037037037037037035 0.020066889632107024
8 0.9277777777777778 0.13322185061315495 0.037037037037037035 0.021181716833890748
9 0.08148148148148149 0.26142697881828314 0.05185185185185186 0.04793756967670011
9 0.08240740740740742 0.13322185061315495 0.07962962962962963 0.05016722408026756
9 0.08055555555555556 0.9693422519509476 0.06851851851851852 0.04793756967670011
9 0.08055555555555556 0.9046822742474916 0.07962962962962963 0.04793756967670011
9 0.08055555555555556 0.8405797101449275 0.07962962962962963 0.04905239687848383
9 0.08148148148148149 0.7759197324414716 0.05555555555555556 0.04905239687848383
9 0.08240740740740742 0.7118171683389074 0.07962962962962963 0.04793756967670011
9 0.08055555555555556 0.6460423634336677 0.05740740740740741 0.04793756967670011
9 0.08055555555555556 0.5836120401337792 0.07962962962962963 0.04793756967670011
9 0.08055555555555556 0.5183946488294314 0.07592592592592592 0.04905239687848383
9 0.08055555555555556 0.4537346711259755 0.07592592592592592 0.04905239687848383
9 0.08148148148148149 0.39018952062430323 0.07037037037037037 0.04905239687848383
9 0.08148148148148149 0.1967670011148272 0.06296296296296297 0.04793756967670011
20 0.500925925925926 0.017279821627647716 0.9981481481481482 0.032329988851727984
