8 0.1277777777777778 0.11204013377926421 0.17777777777777778 0.10813823857302118
17 0.7046296296296296 0.21627647714604237 0.20185185185185187 0.022296544035674472
17 0.14722222222222223 0.205685618729097 0.21296296296296297 0.023411371237458192
17 0.16018518518518518 0.2391304347826087 0.2425925925925926 0.0189520624303233
17 0.2240740740740741 0.3188405797101449 0.0925925925925926 0.017837235228539576
17 0.2990740740740741 0.3818283166109253 0.24629629629629632 0.0189520624303233
17 0.3175925925925926 0.44481605351170567 0.2796296296296296 0.022296544035674472
17 0.3462962962962963 0.5072463768115942 0.337037037037037 0.022296544035674472
17 0.35000000000000003 0.5691192865105908 0.34814814814814815 0.023411371237458192
17 0.3666666666666667 0.6287625418060201 0.37777777777777777 0.020066889632107024
17 0.2740740740740741 0.6928651059085842 0.1925925925925926 0.023411371237458192
17 0.08796296296296297 0.7486064659977704 0.09444444444444444 0.0189520624303233
17 0.2518518518518519 0.8010033444816054 0.14814814814814814 0.0189520624303233
17 0.2555555555555556 0.8645484949832776 0.15555555555555556 0.023411371237458192
8 0.07037037037037037 0.862876254180602 0.04814814814814815 0.031215161649944256
8 0.07037037037037037 0.8010033444816054 0.05185185185185186 0.027870680044593088
8 0.07037037037037037 0.6900780379041248 0.05185185185185186 0.028985507246376812
9 0.07037037037037037 0.6276477146042363 0.05185185185185186 0.028985507246376812
8 0.07037037037037037 0.5674470457079153 0.05185185185185186 0.031215161649944256
8 0.06944444444444445 0.5050167224080268 0.053703703703703705 0.031215161649944256
8 0.07037037037037037 0.4431438127090301 0.05185185185185186 0.027870680044593088
8 0.06666666666666667 0.3812709030100334 0.044444444444444446 0.031215161649944256
8 0.06944444444444445 0.3205128205128205 0.05 0.02564102564102564
18 0.42314814814814816 0.9637681159420289 0.8425925925925927 0.07246376811594203
6 0.42314814814814816 0.5183946488294314 0.8425925925925927 0.9632107023411371
20 0.500925925925926 0.0189520624303233 0.9981481481481482 0.03567447045707915
