9 0.06944444444444445 0.5136566332218506 0.05555555555555556 0.030657748049052396
8 0.9462962962962963 0.07692307692307693 0.014814814814814815 0.026755852842809364
17 0.2657407407407408 0.07998885172798216 0.17962962962962964 0.030657748049052396
8 0.06759259259259259 0.07608695652173914 0.04259259259259259 0.02508361204013378
17 0.10138888888888889 0.1608138238573021 0.12314814814814816 0.021739130434782608
17 0.28750000000000003 0.23634336677814938 0.225 0.022296544035674472
17 0.33055555555555555 0.306298773690078 0.3074074074074074 0.021739130434782608
17 0.28240740740740744 0.3765328874024526 0.2111111111111111 0.021739130434782608
17 0.3023148148148148 0.44648829431438125 0.25462962962962965 0.022296544035674472
17 0.32546296296296295 0.5158862876254181 0.2972222222222222 0.021739130434782608
17 0.31666666666666665 0.5855629877369007 0.2851851851851852 0.021739130434782608
17 0.08194444444444444 0.6753065774804905 0.08425925925925926 0.018394648829431436
17 0.2550925925925926 0.7533444816053512 0.16018518518518518 0.021739130434782608
17 0.29444444444444445 0.8210702341137124 0.23703703703703705 0.017837235228539576
18 0.3837962962962963 0.9122073578595318 0.7657407407407407 0.05852842809364548
18 0.3837962962962963 0.9707357859531772 0.7657407407407407 0.05852842809364548
8 0.06898148148148149 0.7513935340022296 0.04537037037037037 0.027870680044593088
9 0.06851851851851852 0.8207915273132664 0.05185185185185186 0.030657748049052396
8 0.06944444444444445 0.5836120401337792 0.05 0.031215161649944256
9 0.06944444444444445 0.4439799331103679 0.0462962962962963 0.03400222965440357
9 0.06898148148148149 0.37402452619843923 0.05462962962962963 0.0189520624303233
8 0.06759259259259259 0.30434782608695654 0.044444444444444446 0.031215161649944256
9 0.06898148148148149 0.2346711259754738 0.04537037037037037 0.027870680044593088
6 0.3842592592592593 0.5588071348940914 0.7666666666666667 0.8823857302118171
19 0.500462962962963 0.07692307692307693 0.9990740740740741 0.08138238573021181
20 0.500462962962963 0.018115942028985508 0.9990740740740741 0.03511705685618729
