9 0.36388888888888893 0.48522853957636564 0.23703703703703705 0.14325529542920848
9 0.6370370370370371 0.48522853957636564 0.23703703703703705 0.14325529542920848
9 0.36388888888888893 0.3213489409141583 0.23703703703703705 0.14325529542920848
9 0.6361111111111112 0.3210702341137124 0.2388888888888889 0.14381270903010032
17 0.500462962962963 0.6276477146042363 0.6824074074074075 0.032329988851727984
17 0.500925925925926 0.7051282051282051 0.8277777777777778 0.045707915273132664
17 0.3805555555555556 0.7915273132664437 0.1925925925925926 0.0189520624303233
17 0.6152777777777778 0.7929208472686733 0.19722222222222224 0.021739130434782608
13 0.500925925925926 0.8681716833890747 0.07222222222222223 0.018394648829431436
18 0.500462962962963 0.9495540691192865 0.9990740740740741 0.10089186176142698
