8 0.07037037037037037 0.07636566332218506 0.04814814814814815 0.021181716833890748
17 0.24351851851851852 0.07859531772575251 0.13148148148148148 0.023411371237458192
5 0.19074074074074074 0.15551839464882944 0.22592592592592595 0.032329988851727984
5 0.6824074074074075 0.15663322185061315 0.25 0.030100334448160536
17 0.7148148148148148 0.1588628762541806 0.1851851851851852 0.023411371237458192
17 0.22592592592592595 0.15997770345596432 0.15185185185185185 0.023411371237458192
11 0.5 0.5178372352285395 0.8740740740740741 0.6365663322185061
9 0.500925925925926 0.2530657748049052 0.16111111111111112 0.046822742474916385
17 0.500925925925926 0.31382385730211815 0.4425925925925926 0.023411371237458192
9 0.19351851851851853 0.3690078037904125 0.06481481481481481 0.0379041248606466
17 0.48888888888888893 0.3673355629877369 0.4777777777777778 0.02564102564102564
9 0.19351851851851853 0.45707915273132665 0.06481481481481481 0.0379041248606466
17 0.33981481481481485 0.45484949832775917 0.17962962962962964 0.024526198439241916
9 0.19444444444444445 0.5451505016722408 0.06296296296296297 0.0379041248606466
17 0.5120370370370371 0.5462653288740246 0.5277777777777778 0.028985507246376812
9 0.19351851851851853 0.633221850613155 0.06481481481481481 0.0379041248606466
17 0.437962962962963 0.6321070234113713 0.38333333333333336 0.024526198439241916
18 0.5018518518518519 0.7569676700111483 0.21851851851851853 0.07357859531772575
20 0.500925925925926 0.0189520624303233 0.9981481481481482 0.03567447045707915
