17 0.25462962962962965 0.08138238573021181 0.1537037037037037 0.028985507246376812
8 0.07037037037037037 0.07636566332218506 0.04814814814814815 0.021181716833890748
17 0.500925925925926 0.21460423634336678 0.4166666666666667 0.032329988851727984
17 0.47685185185185186 0.6789297658862876 0.46111111111111114 0.024526198439241916
17 0.40555555555555556 0.5546265328874025 0.3111111111111111 0.030100334448160536
17 0.3574074074074074 0.42474916387959866 0.21851851851851853 0.024526198439241916
17 0.8407407407407408 0.8372352285395763 0.11851851851851852 0.020066889632107024
17 0.549074074074074 0.7329988851727982 0.6055555555555556 0.045707915273132664
9 0.16296296296296298 0.6962095875139354 0.1 0.04793756967670011
17 0.5657407407407408 0.6053511705685619 0.638888888888889 0.046822742474916385
9 0.16203703703703703 0.568561872909699 0.061111111111111116 0.06020066889632107
17 0.5462962962962963 0.4760312151616499 0.6 0.042363433667781496
8 0.1638888888888889 0.4414715719063545 0.09814814814814815 0.06020066889632107
17 0.500925925925926 0.2887402452619844 0.6870370370370371 0.0758082497212932
11 0.5 0.5178372352285395 0.8740740740740741 0.7146042363433668
20 0.500925925925926 0.0189520624303233 0.9981481481481482 0.03567447045707915
