17 0.5018518518518519 0.9604236343366778 0.362962962962963 0.023411371237458192
18 0.750925925925926 0.8695652173913043 0.48333333333333334 0.057971014492753624
18 0.25092592592592594 0.8684503901895206 0.48333333333333334 0.05351170568561873
13 0.4962962962962963 0.8149386845039018 0.08518518518518518 0.017837235228539576
17 0.5018518518518519 0.7558528428093645 0.8592592592592593 0.022296544035674472
17 0.5018518518518519 0.7146042363433668 0.7814814814814816 0.031215161649944256
9 0.5 0.6198439241917503 0.26666666666666666 0.08249721293199554
9 0.500925925925926 0.0947603121516165 0.3314814814814815 0.0713489409141583
9 0.500925925925926 0.3483835005574136 0.9981481481481482 0.6254180602006689
20 0.500925925925926 0.018394648829431436 0.9981481481481482 0.03455964325529543
