17 0.500925925925926 0.7837235228539576 0.26851851851851855 0.017837235228539576
17 0.500462962962963 0.9548494983277592 0.48240740740740745 0.03455964325529543
18 0.5 0.6764214046822742 0.7870370370370371 0.08416945373467112
18 0.500925925925926 0.5693979933110368 0.7870370370370371 0.08416945373467112
18 0.500462962962963 0.4623745819397993 0.7861111111111111 0.08416945373467112
18 0.500462962962963 0.35535117056856186 0.7861111111111111 0.08416945373467112
17 0.500925925925926 0.19370122630992195 0.5240740740740741 0.018394648829431436
9 0.49953703703703706 0.14409141583054627 0.3768518518518519 0.030657748049052396
0 0.500462962962963 0.5144927536231884 0.9990740740740741 0.9710144927536232
20 0.500462962962963 0.014771460423634336 0.9990740740740741 0.028428093645484948
