17 0.2564814814814815 0.08946488294314381 0.4703703703703704 0.051839464882943144
17 0.11620370370370371 0.2318840579710145 0.1953703703703704 0.016722408026755852
17 0.23981481481481481 0.30267558528428096 0.13148148148148148 0.0189520624303233
17 0.23101851851851854 0.3743032329988852 0.11018518518518519 0.021739130434782608
17 0.2152777777777778 0.4439799331103679 0.0787037037037037 0.022853957636566332
17 0.23564814814814816 0.5150501672240803 0.11944444444444445 0.021181716833890748
17 0.23842592592592593 0.584726867335563 0.12685185185185185 0.021181716833890748
17 0.2212962962962963 0.6527313266443701 0.09444444444444444 0.020066889632107024
17 0.25 0.7483277591973244 0.1462962962962963 0.01950947603121516
8 0.06898148148148149 0.7477703455964325 0.05277777777777778 0.030657748049052396
8 0.06944444444444445 0.6527313266443701 0.05185185185185186 0.031215161649944256
8 0.06944444444444445 0.5824972129319955 0.05185185185185186 0.031215161649944256
8 0.06944444444444445 0.5125418060200668 0.04259259259259259 0.026198439241917504
9 0.06898148148148149 0.44119286510590855 0.04166666666666667 0.03288740245261984
8 0.06898148148148149 0.37235228539576365 0.049074074074074076 0.0189520624303233
9 0.06666666666666667 0.30128205128205127 0.04259259259259259 0.03400222965440357
9 0.3902777777777778 0.1454849498327759 0.7787037037037038 0.21962095875139354
6 0.38981481481481484 0.5178372352285395 0.7777777777777778 0.9643255295429208
20 0.500462962962963 0.018115942028985508 0.9990740740740741 0.03511705685618729
