9 0.07037037037037037 0.07190635451505016 0.07037037037037037 0.043478260869565216
8 0.3601851851851852 0.07190635451505016 0.06851851851851852 0.04124860646599777
8 0.5 0.0713489409141583 0.06296296296296297 0.0379041248606466
8 0.6462962962962964 0.07079152731326645 0.06296296296296297 0.03455964325529543
8 0.7916666666666667 0.07190635451505016 0.06481481481481481 0.03901895206243032
8 0.9314814814814815 0.06243032329988851 0.05185185185185186 0.028985507246376812
17 0.9314814814814815 0.08862876254180602 0.07777777777777778 0.014492753623188406
17 0.17314814814814816 0.15328874024526198 0.10925925925925926 0.023411371237458192
17 0.5287037037037037 0.15551839464882944 0.29074074074074074 0.02564102564102564
17 0.5212962962962964 0.2491638795986622 0.26851851851851855 0.02564102564102564
17 0.5953703703703704 0.3433667781493868 0.4203703703703704 0.024526198439241916
17 0.4388888888888889 0.435340022296544 0.10370370370370371 0.021181716833890748
17 0.5046296296296297 0.5306577480490524 0.2388888888888889 0.024526198439241916
17 0.45925925925925926 0.6527313266443701 0.14444444444444446 0.021181716833890748
17 0.4416666666666667 0.7469342251950948 0.11296296296296297 0.022296544035674472
17 0.4564814814814815 0.842809364548495 0.1462962962962963 0.024526198439241916
17 0.45462962962962966 0.9364548494983277 0.13518518518518519 0.024526198439241916
17 0.17222222222222222 0.24693422519509475 0.14074074074074075 0.021181716833890748
17 0.17222222222222222 0.34169453734671124 0.16296296296296298 0.021181716833890748
17 0.17314814814814816 0.435340022296544 0.09074074074074075 0.021181716833890748
17 0.17314814814814816 0.5289855072463768 0.13148148148148148 0.021181716833890748
19 0.500925925925926 0.07190635451505016 0.9981481481481482 0.07023411371237458
20 0.500925925925926 0.0189520624303233 0.9981481481481482 0.03567447045707915
