17 0.32685185185185184 0.4108138238573021 0.22777777777777777 0.02564102564102564
17 0.3731481481481482 0.47435897435897434 0.32407407407407407 0.023411371237458192
17 0.48333333333333334 0.540133779264214 0.5407407407407407 0.02564102564102564
17 0.30648148148148147 0.6036789297658863 0.18703703703703706 0.021181716833890748
8 0.16481481481481483 0.4096989966555184 0.06296296296296297 0.03678929765886287
9 0.1675925925925926 0.4760312151616499 0.05740740740740741 0.03567447045707915
9 0.1675925925925926 0.540133779264214 0.05740740740740741 0.03455964325529543
9 0.16944444444444445 0.6053511705685619 0.05740740740740741 0.03567447045707915
18 0.500925925925926 0.6984392419175027 0.18703703703703706 0.06354515050167224
13 0.49722222222222223 0.9515050167224081 0.08703703703703704 0.012263099219620958
17 0.5 0.32831661092530656 0.362962962962963 0.02564102564102564
20 0.500925925925926 0.0189520624303233 0.9981481481481482 0.03567447045707915
