17 0.2513888888888889 0.45791527313266445 0.2490740740740741 0.05852842809364548
17 0.7458333333333333 0.4576365663322185 0.3212962962962963 0.059085841694537344
17 0.25092592592592594 0.7697881828316611 0.22592592592592595 0.06354515050167224
17 0.7458333333333333 0.7670011148272018 0.27314814814814814 0.057971014492753624
9 0.250462962962963 0.6435340022296544 0.2175925925925926 0.13099219620958752
9 0.7495370370370371 0.6435340022296544 0.2175925925925926 0.13099219620958752
9 0.250462962962963 0.3350055741360089 0.21944444444444444 0.1326644370122631
9 0.7490740740740741 0.33444816053511706 0.21851851851851853 0.13043478260869565
17 0.39583333333333337 0.10507246376811594 0.3175925925925926 0.03511705685618729
17 0.49953703703703706 0.17391304347826086 0.3509259259259259 0.046822742474916385
13 0.48379629629629634 0.9411928651059086 0.3824074074074074 0.027313266443701224
20 0.500462962962963 0.018115942028985508 0.9990740740740741 0.03511705685618729
