17 0.09814814814814815 0.47101449275362317 0.1 0.012263099219620958
17 0.12222222222222223 0.5117056856187291 0.14444444444444446 0.026755852842809364
8 0.8898148148148148 0.49888517279821626 0.12407407407407407 0.07469342251950947
8 0.9324074074074075 0.07692307692307693 0.061111111111111116 0.0379041248606466
8 0.06851851851851852 0.07748049052396878 0.05185185185185186 0.027870680044593088
17 0.6166666666666667 0.9542920847268673 0.2111111111111111 0.03567447045707915
17 0.3861111111111111 0.9442586399108138 0.10925925925925926 0.015607580824972128
17 0.15462962962962964 0.9442586399108138 0.16481481481481483 0.015607580824972128
9 0.6240740740740741 0.8801560758082497 0.10370370370370371 0.07469342251950947
8 0.3861111111111111 0.8812709030100334 0.12037037037037038 0.07246376811594203
9 0.15555555555555556 0.8801560758082497 0.10370370370370371 0.06577480490523968
17 0.8462962962962963 0.7686733556298774 0.12592592592592594 0.0189520624303233
17 0.6157407407407408 0.7675585284280936 0.1425925925925926 0.016722408026755852
17 0.3861111111111111 0.7670011148272018 0.09814814814814815 0.015607580824972128
17 0.1564814814814815 0.7675585284280936 0.11296296296296297 0.016722408026755852
9 0.8472222222222222 0.7028985507246377 0.11666666666666667 0.06577480490523968
9 0.6166666666666667 0.7034559643255295 0.11481481481481481 0.06911928651059086
9 0.3861111111111111 0.7034559643255295 0.10185185185185186 0.06020066889632107
8 0.15555555555555556 0.7034559643255295 0.0962962962962963 0.057971014492753624
17 0.0787037037037037 0.6137123745819398 0.07592592592592592 0.0189520624303233
11 0.500925925925926 0.7915273132664437 0.9981481481481482 0.4169453734671126
20 0.500925925925926 0.0189520624303233 0.9981481481481482 0.03567447045707915
