17 0.27037037037037037 0.5245261984392419 0.27037037037037037 0.021181716833890748
17 0.33333333333333337 0.42196209587513933 0.3925925925925926 0.021181716833890748
17 0.24814814814814815 0.3311036789297659 0.22592592592592595 0.020066889632107024
17 0.7907407407407407 0.8171683389074693 0.08518518518518518 0.015607580824972128
17 0.5777777777777778 0.8166109253065774 0.12592592592592594 0.016722408026755852
17 0.42129629629629634 0.6945373467112598 0.587037037037037 0.044593088071348944
17 0.3 0.6404682274247492 0.3851851851851852 0.021181716833890748
7 0.500925925925926 0.5512820512820513 0.7796296296296297 0.11259754738015608
17 0.18981481481481483 0.4793756967670011 0.1685185185185185 0.020066889632107024
7 0.500925925925926 0.4197324414715719 0.7796296296296297 0.05462653288740245
17 0.21481481481481482 0.375139353400223 0.21481481481481482 0.016722408026755852
7 0.500925925925926 0.3294314381270903 0.7796296296296297 0.05462653288740245
17 0.16111111111111112 0.2870680044593088 0.11481481481481481 0.023411371237458192
17 0.33796296296296297 0.22965440356744704 0.4203703703703704 0.031215161649944256
11 0.5 0.5178372352285395 0.8740740740740741 0.6989966555183946
20 0.500925925925926 0.0189520624303233 0.9981481481481482 0.03567447045707915
