8 0.14722222222222223 0.31911928651059085 0.09444444444444444 0.05741360089186176
17 0.5189814814814815 0.8174470457079153 0.5750000000000001 0.023968784838350056
9 0.14722222222222223 0.8166109253065774 0.08888888888888889 0.06465997770345597
17 0.3939814814814815 0.7207357859531772 0.30462962962962964 0.024526198439241916
9 0.1476851851851852 0.7196209587513935 0.10462962962962963 0.06465997770345597
17 0.3023148148148148 0.620680044593088 0.11574074074074074 0.023968784838350056
9 0.14722222222222223 0.6184503901895206 0.11111111111111112 0.061872909698996656
17 0.3615740740740741 0.524247491638796 0.23425925925925928 0.029542920847268672
9 0.1476851851851852 0.5197881828316611 0.11388888888888889 0.06298773690078038
17 0.3462962962962963 0.42001114827201785 0.20555555555555557 0.023968784838350056
8 0.14722222222222223 0.41945373467112596 0.11851851851851852 0.07190635451505016
17 0.34953703703703703 0.31995540691192864 0.2101851851851852 0.024526198439241916
17 0.20092592592592592 0.22045707915273133 0.18888888888888888 0.028428093645484948
11 0.500462962962963 0.5172798216276477 0.8731481481481482 0.6889632107023411
20 0.500462962962963 0.018115942028985508 0.9990740740740741 0.03511705685618729
