17 0.17222222222222222 0.3258082497212932 0.18703703703703706 0.021739130434782608
17 0.13703703703703704 0.23132664437012262 0.11481481481481481 0.021181716833890748
18 0.500462962962963 0.7093088071348941 0.9046296296296297 0.05964325529542921
18 0.500462962962963 0.6273690078037903 0.9064814814814816 0.06633221850613155
17 0.500925925925926 0.5657748049052397 0.040740740740740744 0.016722408026755852
17 0.14305555555555557 0.49358974358974356 0.13425925925925927 0.027313266443701224
17 0.7388888888888889 0.49331103678929766 0.3925925925925926 0.027870680044593088
18 0.500462962962963 0.415273132664437 0.9231481481481482 0.0713489409141583
7 0.500462962962963 0.32469342251950944 0.9027777777777778 0.06967670011148272
7 0.500925925925926 0.22993311036789296 0.9037037037037038 0.06967670011148272
17 0.49953703703703706 0.16192865105908583 0.30092592592592593 0.027313266443701224
17 0.23657407407407408 0.0802675585284281 0.1175925925925926 0.030100334448160536
8 0.06898148148148149 0.07664437012263099 0.04166666666666667 0.02508361204013378
19 0.500462962962963 0.07692307692307693 0.9990740740740741 0.08249721293199554
0 0.500462962962963 0.5590858416945373 0.9990740740740741 0.8818283166109253
20 0.500462962962963 0.018115942028985508 0.9990740740740741 0.03511705685618729
