18 0.5 0.8380713489409142 0.5833333333333334 0.051839464882943144
7 0.500925925925926 0.7488851727982163 0.5833333333333334 0.051839464882943144
17 0.49953703703703706 0.6878483835005574 0.35462962962962963 0.023411371237458192
17 0.5032407407407408 0.5562987736900781 0.11388888888888889 0.04793756967670011
8 0.34814814814814815 0.5532329988851727 0.02962962962962963 0.028428093645484948
8 0.6527777777777778 0.5535117056856187 0.02777777777777778 0.028985507246376812
17 0.500462962962963 0.451505016722408 0.09722222222222222 0.017837235228539576
18 0.500462962962963 0.35172798216276474 0.5824074074074075 0.05128205128205128
17 0.500462962962963 0.29682274247491636 0.05648148148148149 0.017279821627647716
18 0.500462962962963 0.24136008918617613 0.5824074074074075 0.05239687848383501
17 0.5013888888888889 0.1886845039018952 0.39351851851851855 0.021739130434782608
11 0.500925925925926 0.5172798216276477 0.6814814814814815 0.7814938684503902
20 0.500462962962963 0.018115942028985508 0.9990740740740741 0.03511705685618729
