6 0.4087962962962963 0.5178372352285395 0.8157407407407408 0.9643255295429208
8 0.1175925925925926 0.1318283166109253 0.15925925925925927 0.09531772575250835
17 0.13194444444444445 0.2129319955406912 0.18611111111111112 0.021181716833890748
17 0.22824074074074074 0.24052396878483834 0.3768518518518519 0.020624303232998884
9 0.0712962962962963 0.3232998885172798 0.053703703703703705 0.032329988851727984
17 0.2587962962962963 0.32385730211817165 0.1638888888888889 0.017837235228539576
8 0.0712962962962963 0.39325529542920845 0.04814814814814815 0.030657748049052396
17 0.24444444444444446 0.39381270903010035 0.13703703703703704 0.017279821627647716
5 0.15462962962962964 0.4640468227424749 0.21851851851851853 0.030657748049052396
17 0.21944444444444444 0.46432552954292083 0.08888888888888889 0.016722408026755852
9 0.0712962962962963 0.5337235228539576 0.05185185185185186 0.029542920847268672
17 0.22731481481481483 0.5345596432552954 0.10092592592592593 0.016722408026755852
8 0.07083333333333333 0.6039576365663322 0.04722222222222222 0.03288740245261984
17 0.24583333333333335 0.6045150501672241 0.1398148148148148 0.017279821627647716
8 0.0712962962962963 0.6741917502787068 0.053703703703703705 0.03288740245261984
17 0.23750000000000002 0.6769788182831661 0.12314814814814816 0.020624303232998884
17 0.28101851851851856 0.955406911928651 0.48055555555555557 0.022296544035674472
20 0.500462962962963 0.018115942028985508 0.9990740740740741 0.03511705685618729
