8 0.9416666666666667 0.07748049052396878 0.012962962962962964 0.02564102564102564
17 0.15555555555555556 0.225752508361204 0.17037037037037037 0.016722408026755852
17 0.2351851851851852 0.17837235228539577 0.34814814814814815 0.024526198439241916
17 0.15092592592592594 0.08082497212931995 0.22037037037037038 0.030100334448160536
17 0.3037037037037037 0.3093645484949833 0.35555555555555557 0.027870680044593088
8 0.13425925925925927 0.4442586399108138 0.061111111111111116 0.02564102564102564
8 0.13425925925925927 0.5273132664437012 0.061111111111111116 0.0379041248606466
8 0.13518518518518519 0.6114827201783724 0.05925925925925926 0.030100334448160536
8 0.13518518518518519 0.6939799331103679 0.03333333333333333 0.03678929765886287
17 0.2953703703703704 0.6950947603121516 0.19074074074074074 0.021181716833890748
17 0.26851851851851855 0.6120401337792643 0.14074074074074075 0.020066889632107024
17 0.24537037037037038 0.5284280936454849 0.09074074074074075 0.020066889632107024
17 0.2537037037037037 0.4442586399108138 0.10740740740740741 0.021181716833890748
17 0.46111111111111114 0.375139353400223 0.7111111111111111 0.05239687848383501
11 0.500925925925926 0.5178372352285395 0.8685185185185186 0.5317725752508361
20 0.500925925925926 0.0189520624303233 0.9981481481481482 0.03567447045707915
