9 0.3851851851851852 0.6376811594202898 0.10925925925925926 0.06577480490523968
9 0.851388888888889 0.9793756967670011 0.10648148148148148 0.04124860646599777
9 0.6152777777777778 0.9785395763656634 0.1175925925925926 0.04292084726867335
9 0.38472222222222224 0.9785395763656634 0.1175925925925926 0.04292084726867335
9 0.1550925925925926 0.979933110367893 0.11388888888888889 0.04013377926421405
17 0.8453703703703704 0.8784838350055741 0.06296296296296297 0.015607580824972128
17 0.6152777777777778 0.8899108138238573 0.16944444444444445 0.038461538461538464
17 0.3856481481481482 0.8818283166109253 0.05648148148148149 0.015607580824972128
17 0.15462962962962964 0.8885172798216276 0.16296296296296298 0.03567447045707915
9 0.8458333333333333 0.8149386845039018 0.11944444444444445 0.05128205128205128
9 0.6152777777777778 0.8149386845039018 0.11944444444444445 0.0713489409141583
9 0.3851851851851852 0.8149386845039018 0.09814814814814815 0.06354515050167224
9 0.1550925925925926 0.8149386845039018 0.11388888888888889 0.06577480490523968
17 0.8462962962962963 0.7028985507246377 0.07592592592592592 0.0189520624303233
17 0.6157407407407408 0.7012263099219621 0.10370370370370371 0.014492753623188406
17 0.3856481481481482 0.7015050167224081 0.09722222222222222 0.015050167224080268
17 0.15555555555555556 0.7009476031215162 0.11111111111111112 0.016164994425863992
9 0.8462962962962963 0.637402452619844 0.11111111111111112 0.06744704570791527
9 0.6152777777777778 0.6379598662207357 0.11574074074074074 0.06967670011148272
8 0.15555555555555556 0.6376811594202898 0.09444444444444444 0.057971014492753624
17 0.1800925925925926 0.5498885172798216 0.28055555555555556 0.021739130434782608
11 0.5 0.758082497212932 0.9981481481481482 0.483835005574136
20 0.500462962962963 0.018115942028985508 0.9990740740740741 0.03511705685618729
