17 0.38472222222222224 0.2059643255295429 0.5212962962962964 0.022853957636566332
17 0.5782407407407407 0.9328316610925307 0.08425925925925926 0.017279821627647716
17 0.7912037037037037 0.9331103678929765 0.11203703703703705 0.016722408026755852
17 0.4861111111111111 0.362876254180602 0.725925925925926 0.059085841694537344
17 0.1513888888888889 0.27591973244147155 0.06018518518518519 0.03678929765886287
17 0.475462962962963 0.27424749163879597 0.5287037037037037 0.022296544035674472
17 0.4203703703703704 0.12263099219620958 0.32407407407407407 0.021181716833890748
17 0.36388888888888893 0.09503901895206243 0.2111111111111111 0.02508361204013378
8 0.17175925925925928 0.10562987736900781 0.09907407407407408 0.05964325529542921
11 0.500462962962963 0.5178372352285395 0.8731481481481482 0.9186176142697882
20 0.500462962962963 0.018115942028985508 0.9990740740740741 0.03511705685618729
