17 0.20601851851851852 0.18199554069119286 0.33611111111111114 0.023968784838350056
17 0.19444444444444445 0.21460423634336678 0.312962962962963 0.020066889632107024
17 0.10925925925925926 0.2527870680044593 0.13703703703703704 0.023968784838350056
17 0.3699074074074074 0.3377926421404682 0.3842592592592593 0.023411371237458192
17 0.35879629629629634 0.4083054626532887 0.36388888888888893 0.022853957636566332
17 0.26805555555555555 0.4763099219620959 0.18055555555555555 0.018394648829431436
17 0.20787037037037037 0.5462653288740246 0.06574074074074074 0.0189520624303233
17 0.25277777777777777 0.6164994425863991 0.1537037037037037 0.0189520624303233
17 0.23611111111111113 0.6892419175027871 0.11851851851851852 0.022853957636566332
17 0.26712962962962966 0.7569676700111483 0.1787037037037037 0.0189520624303233
17 0.24212962962962964 0.85479375696767 0.13240740740740742 0.021739130434782608
8 0.06944444444444445 0.8522853957636566 0.05555555555555556 0.033444816053511704
8 0.06898148148148149 0.7566889632107023 0.05092592592592593 0.03177257525083612
8 0.06944444444444445 0.6867335562987736 0.05925925925925926 0.03567447045707915
8 0.06898148148148149 0.6164994425863991 0.06018518518518519 0.028985507246376812
8 0.06898148148148149 0.5462653288740246 0.06018518518518519 0.028985507246376812
8 0.06898148148148149 0.4760312151616499 0.06018518518518519 0.02564102564102564
9 0.06898148148148149 0.40579710144927533 0.058333333333333334 0.03567447045707915
8 0.06898148148148149 0.3358416945373467 0.06018518518518519 0.029542920847268672
8 0.6712962962962963 0.2544593088071349 0.02592592592592593 0.008361204013377926
8 0.1175925925925926 0.10562987736900781 0.1574074074074074 0.09420289855072464
6 0.3699074074074074 0.5178372352285395 0.737962962962963 0.9643255295429208
20 0.500462962962963 0.018115942028985508 0.9990740740740741 0.03511705685618729
