17 0.18703703703703706 0.9626532887402452 0.05925925925925926 0.014492753623188406
17 0.9217592592592593 0.9425863991081382 0.11574074074074074 0.016722408026755852
17 0.35185185185185186 0.9269788182831661 0.3888888888888889 0.020066889632107024
8 0.06898148148148149 0.9400780379041248 0.09907407407407408 0.05964325529542921
17 0.1875 0.875139353400223 0.058333333333333334 0.014492753623188406
17 0.9217592592592593 0.8556298773690078 0.11574074074074074 0.016722408026755852
17 0.19305555555555556 0.8380713489409142 0.06944444444444445 0.016164994425863992
8 0.06944444444444445 0.8525641025641025 0.09814814814814815 0.05964325529542921
17 0.1875 0.7887402452619844 0.058333333333333334 0.014492753623188406
17 0.9212962962962963 0.7686733556298774 0.11666666666666667 0.016722408026755852
17 0.2138888888888889 0.7530657748049052 0.11481481481481481 0.021181716833890748
8 0.06851851851851852 0.7661649944258639 0.09814814814814815 0.05964325529542921
17 0.15185185185185185 0.6998327759197325 0.2611111111111111 0.016164994425863992
17 0.21157407407407408 0.6505016722408027 0.11018518518518519 0.014492753623188406
17 0.9717592592592593 0.6301560758082497 0.015740740740740743 0.016164994425863992
17 0.2740740740740741 0.612876254180602 0.2351851851851852 0.016164994425863992
8 0.06898148148148149 0.6273690078037903 0.09907407407407408 0.05964325529542921
17 0.2199074074074074 0.5635451505016722 0.12685185185185185 0.014492753623188406
17 0.9712962962962963 0.5431995540691192 0.018518518518518517 0.016164994425863992
17 0.2425925925925926 0.5275919732441472 0.17037037037037037 0.021739130434782608
9 0.06898148148148149 0.54041248606466 0.09907407407407408 0.05964325529542921
17 0.2199074074074074 0.4763099219620959 0.12685185185185185 0.015050167224080268
17 0.9703703703703704 0.4568004459308807 0.016666666666666666 0.016164994425863992
17 0.20046296296296298 0.4386845039018952 0.08425925925925926 0.016722408026755852
9 0.06898148148148149 0.4531772575250836 0.09907407407407408 0.057971014492753624
17 0.21944444444444444 0.3896321070234114 0.12592592592592594 0.014492753623188406
17 0.9712962962962963 0.3698439241917503 0.018518518518518517 0.016164994425863992
17 0.250462962962963 0.35144927536231885 0.18425925925925926 0.017279821627647716
9 0.06944444444444445 0.36705685618729095 0.09814814814814815 0.05964325529542921
17 0.22037037037037038 0.30267558528428096 0.12592592592592594 0.014492753623188406
17 0.9680555555555556 0.2826086956521739 0.012037037037037037 0.015607580824972128
17 0.275 0.2670011148272018 0.23333333333333334 0.021181716833890748
9 0.06851851851851852 0.2801003344481605 0.09814814814814815 0.05964325529542921
17 0.13935185185185187 0.21348940914158304 0.23796296296296296 0.016722408026755852
17 0.75 0.15301003344481606 0.10370370370370371 0.016164994425863992
17 0.25 0.15328874024526198 0.21481481481481482 0.016722408026755852
17 0.2847222222222222 0.07692307692307693 0.2712962962962963 0.024526198439241916
8 0.06851851851851852 0.07608695652173914 0.04814814814814815 0.021739130434782608
20 0.500462962962963 0.018115942028985508 0.9990740740740741 0.03511705685618729
