17 0.5087962962962963 0.7318840579710145 0.4712962962962963 0.017837235228539576
9 0.4986111111111111 0.4782608695652174 0.6638888888888889 0.40022296544035674
17 0.5101851851851852 0.8001672240802675 0.7203703703703704 0.061872909698996656
13 0.487962962962963 0.8743032329988851 0.1814814814814815 0.018394648829431436
18 0.250462962962963 0.9568004459308806 0.4990740740740741 0.08639910813823858
18 0.75 0.9568004459308806 0.5 0.08639910813823858
9 0.4865740740740741 0.11036789297658862 0.16203703703703703 0.043478260869565216
17 0.500925925925926 0.1677814938684504 0.46851851851851856 0.032329988851727984
17 0.500462962962963 0.20707915273132665 0.3675925925925926 0.026198439241917504
20 0.500462962962963 0.018115942028985508 0.9990740740740741 0.03511705685618729
