17 0.2606481481481482 0.9924749163879598 0.11018518518518519 0.015050167224080268
17 0.10601851851851853 0.9930323299888517 0.13425925925925927 0.013935340022296544
17 0.4375 0.927536231884058 0.11018518518518519 0.02564102564102564
17 0.1953703703703704 0.9258639910813824 0.3111111111111111 0.022296544035674472
17 0.4305555555555556 0.8573021181716833 0.11111111111111112 0.02564102564102564
17 0.1912037037037037 0.8553511705685618 0.3027777777777778 0.021739130434782608
17 0.2796296296296296 0.7870680044593088 0.08888888888888889 0.02564102564102564
17 0.12175925925925926 0.7859531772575251 0.1638888888888889 0.021181716833890748
17 0.3194444444444445 0.717391304347826 0.08888888888888889 0.02564102564102564
17 0.14166666666666666 0.7154403567447045 0.20370370370370372 0.021739130434782608
17 0.35185185185185186 0.6468784838350056 0.08888888888888889 0.02508361204013378
17 0.1587962962962963 0.6477146042363433 0.23796296296296296 0.026755852842809364
17 0.2888888888888889 0.576644370122631 0.11111111111111112 0.02508361204013378
17 0.12037037037037038 0.5752508361204013 0.16296296296296298 0.021181716833890748
17 0.34444444444444444 0.5061315496098104 0.11111111111111112 0.02564102564102564
17 0.14953703703703705 0.5047380156075808 0.21574074074074076 0.022853957636566332
17 0.2884259259259259 0.43645484949832775 0.11018518518518519 0.02564102564102564
17 0.12268518518518519 0.4375696767001115 0.16203703703703703 0.026755852842809364
17 0.37453703703703706 0.36594202898550726 0.06944444444444445 0.02508361204013378
17 0.17500000000000002 0.36454849498327757 0.26851851851851855 0.022296544035674472
17 0.4314814814814815 0.29598662207357856 0.08888888888888889 0.02564102564102564
17 0.19814814814814816 0.29654403567447046 0.312962962962963 0.027870680044593088
17 0.5430555555555556 0.22519509476031216 0.11018518518518519 0.02564102564102564
17 0.2490740740740741 0.22352285395763657 0.41481481481481486 0.022296544035674472
17 0.27546296296296297 0.15551839464882944 0.11018518518518519 0.02564102564102564
17 0.11527777777777778 0.1535674470457079 0.14722222222222223 0.021739130434782608
17 0.40601851851851856 0.08082497212931995 0.48240740740740745 0.03455964325529543
8 0.07685185185185185 0.07720178372352285 0.05 0.030657748049052396
19 0.5013888888888889 0.07720178372352285 0.9972222222222222 0.08193979933110368
20 0.500462962962963 0.018115942028985508 0.9990740740740741 0.03511705685618729
