8 0.06851851851851852 0.30824972129319955 0.044444444444444446 0.023411371237458192
17 0.2675925925925926 0.5969899665551839 0.4537037037037037 0.027870680044593088
17 0.16666666666666669 0.5267558528428093 0.24814814814814815 0.027870680044593088
17 0.17685185185185187 0.45429208472686733 0.27222222222222225 0.027870680044593088
17 0.13425925925925927 0.3801560758082497 0.18333333333333335 0.022296544035674472
17 0.18888888888888888 0.3088071348940914 0.14074074074074075 0.022296544035674472
17 0.31666666666666665 0.2391304347826087 0.5481481481481482 0.027870680044593088
17 0.27037037037037037 0.1677814938684504 0.45555555555555555 0.027870680044593088
8 0.950925925925926 0.5234113712374582 0.020370370370370372 0.023411371237458192
8 0.9518518518518518 0.451505016722408 0.022222222222222223 0.024526198439241916
8 0.950925925925926 0.379041248606466 0.020370370370370372 0.024526198439241916
16 0.9120370370370371 0.3110367892976589 0.08333333333333334 0.031215161649944256
16 0.9120370370370371 0.2391304347826087 0.08333333333333334 0.032329988851727984
16 0.8953703703703704 0.16722408026755853 0.08333333333333334 0.033444816053511704
17 0.23796296296296296 0.08082497212931995 0.17962962962962964 0.030100334448160536
8 0.9416666666666667 0.07636566332218506 0.0462962962962963 0.027870680044593088
8 0.06851851851851852 0.07748049052396878 0.044444444444444446 0.02564102564102564
19 0.500925925925926 0.07748049052396878 0.9981481481481482 0.08138238573021181
20 0.500925925925926 0.0189520624303233 0.9981481481481482 0.03567447045707915
