17 0.37592592592592594 0.8979933110367893 0.6407407407407407 0.056856187290969896
17 0.20370370370370372 0.8338907469342252 0.15555555555555556 0.017837235228539576
9 0.850925925925926 0.8723522853957636 0.19444444444444445 0.10813823857302118
9 0.08055555555555556 0.835005574136009 0.05 0.031215161649944256
17 0.32037037037037036 0.7246376811594203 0.5296296296296297 0.028985507246376812
17 0.16111111111111112 0.6778149386845039 0.06666666666666667 0.022296544035674472
9 0.850925925925926 0.717948717948718 0.19444444444444445 0.11817168338907469
9 0.08055555555555556 0.6761426978818283 0.05 0.032329988851727984
17 0.3592592592592593 0.5769230769230769 0.6111111111111112 0.05239687848383501
17 0.20370370370370372 0.5167224080267558 0.15555555555555556 0.0189520624303233
9 0.8518518518518519 0.5596432552954292 0.1925925925925926 0.11594202898550725
9 0.08055555555555556 0.5172798216276477 0.05 0.031215161649944256
17 0.35000000000000003 0.41917502787068006 0.5925925925925926 0.05128205128205128
17 0.16111111111111112 0.36064659977703456 0.06666666666666667 0.021181716833890748
9 0.850925925925926 0.4007803790412486 0.19444444444444445 0.11705685618729096
9 0.08055555555555556 0.35841694537346713 0.05 0.032329988851727984
9 0.9037037037037038 0.2736900780379041 0.0962962962962963 0.059085841694537344
9 0.500925925925926 0.20178372352285395 0.9425925925925926 0.22519509476031216
17 0.7481481481481482 0.06298773690078038 0.40740740740740744 0.021181716833890748
17 0.2425925925925926 0.06243032329988851 0.24074074074074076 0.022296544035674472
9 0.07592592592592592 0.06075808249721293 0.05185185185185186 0.032329988851727984
2 0.500925925925926 0.717948717948718 0.9462962962962963 0.14938684503901895
2 0.5018518518518519 0.560200668896321 0.9518518518518518 0.1505016722408027
2 0.500925925925926 0.4007803790412486 0.9537037037037037 0.1505016722408027
20 0.500925925925926 0.0189520624303233 0.9981481481481482 0.03567447045707915
