8 0.06296296296296297 0.07469342251950947 0.037037037037037035 0.022296544035674472
17 0.30185185185185187 0.07413600891861762 0.26296296296296295 0.021181716833890748
9 0.13796296296296298 0.17614269788182832 0.1462962962962963 0.07803790412486064
17 0.4222222222222222 0.16555183946488294 0.362962962962963 0.0189520624303233
17 0.3148148148148148 0.18840579710144928 0.14814814814814814 0.015607580824972128
17 0.25925925925925924 0.25752508361204013 0.3148148148148148 0.020066889632107024
17 0.16944444444444445 0.35005574136008916 0.22037037037037038 0.015607580824972128
8 0.08518518518518518 0.41025641025641024 0.05185185185185186 0.031215161649944256
5 0.5324074074074074 0.4096989966555184 0.7870370370370371 0.027870680044593088
17 0.225 0.4096989966555184 0.17222222222222222 0.0189520624303233
8 0.08518518518518518 0.47435897435897434 0.05185185185185186 0.027870680044593088
5 0.5314814814814816 0.4738015607580825 0.7925925925925926 0.031215161649944256
17 0.19814814814814816 0.4738015607580825 0.12222222222222223 0.017837235228539576
18 0.500925925925926 0.9632107023411371 0.9981481481481482 0.07357859531772575
20 0.500925925925926 0.0189520624303233 0.9981481481481482 0.03567447045707915
