8 0.6972222222222223 0.0758082497212932 0.03888888888888889 0.026755852842809364
8 0.8898148148148148 0.9336677814938684 0.1388888888888889 0.08361204013377926
18 0.5 0.741917502787068 0.6666666666666667 0.059085841694537344
18 0.5 0.669453734671126 0.6666666666666667 0.059085841694537344
17 0.5 0.4503901895206243 0.4814814814814815 0.05128205128205128
17 0.5018518518518519 0.36454849498327757 0.44074074074074077 0.031215161649944256
17 0.7398148148148148 0.15328874024526198 0.2796296296296296 0.016722408026755852
17 0.25277777777777777 0.15328874024526198 0.13518518518518519 0.016722408026755852
8 0.9398148148148149 0.07525083612040134 0.012962962962962964 0.02564102564102564
17 0.25462962962962965 0.07469342251950947 0.17222222222222222 0.03567447045707915
8 0.8175925925925926 0.0758082497212932 0.03888888888888889 0.024526198439241916
8 0.06296296296296297 0.07469342251950947 0.04814814814814815 0.020066889632107024
20 0.500925925925926 0.0189520624303233 0.9981481481481482 0.03567447045707915
