17 0.49722222222222223 0.3311036789297659 0.9203703703703704 0.2653288740245262
9 0.1564814814814815 0.979933110367893 0.11296296296296297 0.04013377926421405
17 0.8472222222222222 0.8784838350055741 0.10925925925925926 0.015607580824972128
17 0.6157407407407408 0.8801560758082497 0.12407407407407407 0.0189520624303233
17 0.3851851851851852 0.8784838350055741 0.16296296296296298 0.015607580824972128
17 0.15555555555555556 0.8784838350055741 0.17407407407407408 0.015607580824972128
8 0.8462962962962963 0.8149386845039018 0.11851851851851852 0.0713489409141583
9 0.6166666666666667 0.8149386845039018 0.11851851851851852 0.06465997770345597
9 0.3851851851851852 0.81438127090301 0.10370370370370371 0.06577480490523968
9 0.15555555555555556 0.81438127090301 0.11851851851851852 0.07246376811594203
17 0.8472222222222222 0.7028985507246377 0.07592592592592592 0.0189520624303233
17 0.6166666666666667 0.7023411371237458 0.15185185185185185 0.020066889632107024
17 0.3861111111111111 0.7028985507246377 0.09444444444444444 0.0189520624303233
17 0.1564814814814815 0.7012263099219621 0.11296296296296297 0.015607580824972128
9 0.8462962962962963 0.6376811594202898 0.11481481481481481 0.06911928651059086
8 0.6166666666666667 0.6348940914158305 0.11111111111111112 0.06577480490523968
9 0.3851851851851852 0.6376811594202898 0.11851851851851852 0.0713489409141583
8 0.15555555555555556 0.6376811594202898 0.0962962962962963 0.057971014492753624
17 0.08425925925925926 0.5484949832775919 0.08703703703703704 0.017837235228539576
11 0.500925925925926 0.7586399108138239 0.9981481481481482 0.48272017837235226
20 0.500925925925926 0.0189520624303233 0.9981481481481482 0.03567447045707915
