17 0.8564814814814815 0.2625418060200669 0.09444444444444444 0.012263099219620958
17 0.8574074074074074 0.23132664437012262 0.037037037037037035 0.032329988851727984
17 0.15555555555555556 0.2391304347826087 0.22962962962962963 0.030100334448160536
17 0.8648148148148148 0.4816053511705686 0.08148148148148149 0.013377926421404682
17 0.12407407407407407 0.45819397993311034 0.15925925925925927 0.028985507246376812
17 0.8564814814814815 0.6705685618729097 0.03888888888888889 0.032329988851727984
17 0.8564814814814815 0.7012263099219621 0.09444444444444444 0.013377926421404682
17 0.11296296296296297 0.6783723522853957 0.14444444444444446 0.027870680044593088
17 0.8564814814814815 0.8890746934225195 0.03888888888888889 0.032329988851727984
17 0.18055555555555555 0.8968784838350056 0.27222222222222225 0.030100334448160536
17 0.8574074074074074 0.9208472686733556 0.08888888888888889 0.013377926421404682
17 0.8583333333333334 0.4520624303232999 0.024074074074074074 0.03455964325529543
17 0.28055555555555556 0.0858416945373467 0.2240740740740741 0.033444816053511704
8 0.09074074074074075 0.08249721293199554 0.1 0.057971014492753624
8 0.937962962962963 0.08249721293199554 0.0462962962962963 0.026755852842809364
8 0.8194444444444445 0.08193979933110368 0.053703703703703705 0.032329988851727984
9 0.500925925925926 0.8935340022296544 0.9981481481481482 0.2129319955406912
9 0.500925925925926 0.677257525083612 0.9981481481481482 0.21962095875139354
9 0.500925925925926 0.4576365663322185 0.9981481481481482 0.21962095875139354
9 0.500925925925926 0.2391304347826087 0.9981481481481482 0.21739130434782608
19 0.500925925925926 0.08305462653288741 0.9981481481481482 0.09253065774804906
20 0.500925925925926 0.0189520624303233 0.9981481481481482 0.03567447045707915
