9 0.500925925925926 0.14604236343366778 0.9981481481481482 0.2185061315496098
8 0.0925925925925926 0.08361204013377926 0.0962962962962963 0.057971014492753624
8 0.9074074074074074 0.08305462653288741 0.014814814814814815 0.02564102564102564
17 0.25277777777777777 0.19175027870680045 0.4240740740740741 0.042363433667781496
5 0.13611111111111113 0.2926421404682274 0.17592592592592593 0.032329988851727984
5 0.3731481481481482 0.2926421404682274 0.19814814814814816 0.032329988851727984
8 0.9388888888888889 0.29208472686733555 0.037037037037037035 0.022296544035674472
17 0.17222222222222222 0.29208472686733555 0.1 0.015607580824972128
17 0.4101851851851852 0.29208472686733555 0.12037037037037038 0.015607580824972128
9 0.5 0.544593088071349 0.2555555555555556 0.15496098104793757
17 0.500925925925926 0.6672240802675585 0.37592592592592594 0.030100334448160536
17 0.5018518518518519 0.7168338907469343 0.7481481481481482 0.022296544035674472
20 0.500925925925926 0.0189520624303233 0.9981481481481482 0.03567447045707915
