8 0.9240740740740742 0.08807134894091416 0.05555555555555556 0.04013377926421405
8 0.7962962962962963 0.08639910813823858 0.04814814814814815 0.04124860646599777
8 0.07592592592592592 0.08751393534002229 0.040740740740740744 0.04124860646599777
17 0.2518518518518519 0.9933110367892977 0.16666666666666669 0.013377926421404682
9 0.08425925925925926 0.9855072463768115 0.08703703703703704 0.028985507246376812
17 0.37962962962962965 0.9024526198439242 0.42592592592592593 0.0189520624303233
9 0.09074074074074075 0.9024526198439242 0.07777777777777778 0.05462653288740245
17 0.24629629629629632 0.8088071348940914 0.15555555555555556 0.0189520624303233
8 0.08425925925925926 0.8093645484949833 0.07222222222222223 0.044593088071348944
17 0.2351851851851852 0.717391304347826 0.13333333333333333 0.023411371237458192
9 0.08425925925925926 0.7151616499442587 0.09074074074074075 0.05462653288740245
17 0.2796296296296296 0.6215161649944259 0.22592592592592595 0.0189520624303233
9 0.08425925925925926 0.6215161649944259 0.07962962962962963 0.05016722408026756
17 0.28425925925925927 0.527870680044593 0.2388888888888889 0.0189520624303233
9 0.08333333333333334 0.5284280936454849 0.08888888888888889 0.05351170568561873
17 0.2962962962962963 0.4358974358974359 0.25925925925925924 0.022296544035674472
9 0.08425925925925926 0.43478260869565216 0.08703703703703704 0.05128205128205128
17 0.3472222222222222 0.3411371237458194 0.3611111111111111 0.017837235228539576
9 0.08425925925925926 0.34057971014492755 0.08703703703703704 0.05016722408026756
17 0.2212962962962963 0.24972129319955405 0.3648148148148148 0.028985507246376812
11 0.500925925925926 0.600891861761427 0.9981481481481482 0.798216276477146
20 0.500925925925926 0.0189520624303233 0.9981481481481482 0.03567447045707915
