8 0.05277777777777778 0.30267558528428096 0.020370370370370372 0.014492753623188406
17 0.2101851851851852 0.30434782608695654 0.20925925925925926 0.020066889632107024
17 0.23796296296296296 0.19509476031215162 0.3907407407407408 0.03567447045707915
8 0.075 0.08416945373467112 0.04259259259259259 0.04124860646599777
9 0.5018518518518519 0.14604236343366778 0.9962962962962963 0.2185061315496098
17 0.24629629629629632 0.9648829431438127 0.15555555555555556 0.016722408026755852
8 0.08425925925925926 0.9659977703455964 0.07222222222222223 0.043478260869565216
17 0.2351851851851852 0.8717948717948718 0.13333333333333333 0.022296544035674472
9 0.08333333333333334 0.870680044593088 0.08888888888888889 0.05351170568561873
17 0.2796296296296296 0.774247491638796 0.22592592592592595 0.0189520624303233
9 0.08425925925925926 0.774247491638796 0.07962962962962963 0.05016722408026756
17 0.28425925925925927 0.6800445930880713 0.2388888888888889 0.017837235228539576
9 0.08425925925925926 0.6794871794871795 0.09074074074074075 0.05462653288740245
17 0.2953703703703704 0.5852842809364548 0.2611111111111111 0.022296544035674472
9 0.08518518518518518 0.5841694537346711 0.08518518518518518 0.05128205128205128
17 0.36203703703703705 0.4910813823857302 0.38703703703703707 0.023411371237458192
9 0.08425925925925926 0.48885172798216275 0.08703703703703704 0.05016722408026756
17 0.22222222222222224 0.3974358974358974 0.362962962962963 0.023411371237458192
11 0.500925925925926 0.6744704570791528 0.9981481481481482 0.6510590858416945
20 0.500925925925926 0.0189520624303233 0.9981481481481482 0.03567447045707915
