8 0.34074074074074073 0.1878483835005574 0.16296296296296298 0.09810479375696766
17 0.34074074074074073 0.2681159420289855 0.2537037037037037 0.024526198439241916
17 0.34120370370370373 0.30379041248606464 0.10833333333333334 0.0189520624303233
8 0.5115740740740741 0.3673355629877369 0.09166666666666667 0.045707915273132664
8 0.17777777777777778 0.3634336677814939 0.10740740740740741 0.05351170568561873
9 0.0638888888888889 0.4358974358974359 0.05 0.026755852842809364
8 0.0638888888888889 0.4983277591973244 0.05185185185185186 0.031215161649944256
8 0.0638888888888889 0.5638238573021181 0.05185185185185186 0.03177257525083612
9 0.0638888888888889 0.6287625418060201 0.05185185185185186 0.027870680044593088
8 0.0638888888888889 0.6942586399108138 0.05185185185185186 0.03288740245261984
8 0.06620370370370371 0.7611482720178372 0.04166666666666667 0.02508361204013378
17 0.33935185185185185 0.7617056856187291 0.3287037037037037 0.015050167224080268
17 0.24583333333333335 0.697324414715719 0.14166666666666666 0.024526198439241916
17 0.250462962962963 0.6293199554069119 0.14722222222222223 0.0189520624303233
17 0.23842592592592593 0.5671683389074693 0.12314814814814816 0.023968784838350056
17 0.21805555555555556 0.4986064659977703 0.08240740740740742 0.01950947603121516
17 0.2175925925925926 0.4361761426978818 0.08518518518518518 0.01950947603121516
17 0.36435185185185187 0.07720178372352285 0.4398148148148148 0.02508361204013378
8 0.9462962962962963 0.07664437012263099 0.014814814814814815 0.026198439241917504
8 0.06759259259259259 0.0758082497212932 0.04259259259259259 0.026755852842809364
6 0.34074074074074073 0.5588071348940914 0.6796296296296297 0.8823857302118171
19 0.500462962962963 0.07664437012263099 0.9990740740740741 0.08193979933110368
20 0.500462962962963 0.018115942028985508 0.9990740740740741 0.03511705685618729
