18 0.42962962962962964 0.9509476031215162 0.8111111111111111 0.0713489409141583
8 0.9148148148148149 0.9509476031215162 0.12592592592592594 0.0713489409141583
8 0.9407407407407408 0.07692307692307693 0.044444444444444446 0.03567447045707915
8 0.8203703703703704 0.07692307692307693 0.05185185185185186 0.031215161649944256
8 0.7018518518518518 0.07692307692307693 0.05185185185185186 0.033444816053511704
8 0.06944444444444445 0.07803790412486064 0.03888888888888889 0.022296544035674472
17 0.513888888888889 0.8461538461538461 0.13148148148148148 0.015607580824972128
17 0.7435185185185186 0.8461538461538461 0.20925925925925926 0.015607580824972128
17 0.5694444444444444 0.725752508361204 0.4388888888888889 0.0379041248606466
17 0.42592592592592593 0.6767001114827201 0.15185185185185185 0.022296544035674472
9 0.225 0.7023411371237458 0.13148148148148148 0.12040133779264214
17 0.5814814814814815 0.5663322185061316 0.46296296296296297 0.0379041248606466
17 0.45092592592592595 0.5167224080267558 0.20555555555555557 0.021181716833890748
9 0.23055555555555557 0.5429208472686734 0.13148148148148148 0.12486064659977703
17 0.5953703703703704 0.4069119286510591 0.49444444444444446 0.0379041248606466
17 0.4564814814814815 0.3573021181716834 0.21296296296296297 0.021181716833890748
9 0.22685185185185186 0.3835005574136009 0.06851851851851852 0.07803790412486064
17 0.47222222222222227 0.27480490523968787 0.6333333333333333 0.03901895206243032
17 0.3601851851851852 0.1967670011148272 0.40925925925925927 0.03901895206243032
11 0.5018518518518519 0.5189520624303233 0.8111111111111111 0.7369007803790413
20 0.500925925925926 0.0189520624303233 0.9981481481481482 0.03567447045707915
