17 0.4564814814814815 0.870680044593088 0.19074074074074074 0.022296544035674472
9 0.27314814814814814 0.8690078037904124 0.11666666666666667 0.06577480490523968
17 0.5962962962962963 0.7681159420289855 0.4703703703703704 0.017837235228539576
9 0.2851851851851852 0.7670011148272018 0.1 0.07357859531772575
17 0.44537037037037036 0.6672240802675585 0.1685185185185185 0.0189520624303233
8 0.27592592592592596 0.6672240802675585 0.0962962962962963 0.059085841694537344
17 0.4083333333333333 0.5668896321070234 0.09444444444444444 0.0189520624303233
9 0.275 0.5635451505016722 0.11296296296296297 0.06354515050167224
17 0.4462962962962963 0.4659977703455964 0.16666666666666669 0.020066889632107024
8 0.27592592592592596 0.4659977703455964 0.12222222222222223 0.07357859531772575
17 0.48333333333333334 0.36510590858416947 0.24814814814814815 0.0189520624303233
9 0.27592592592592596 0.36399108138238573 0.10740740740740741 0.06577480490523968
17 0.4388888888888889 0.2647714604236343 0.15925925925925927 0.0189520624303233
9 0.275 0.2647714604236343 0.12407407407407407 0.07246376811594203
17 0.4527777777777778 0.1326644370122631 0.575925925925926 0.024526198439241916
11 0.500925925925926 0.5178372352285395 0.7425925925925926 0.8662207357859532
20 0.500925925925926 0.0189520624303233 0.9981481481481482 0.03567447045707915
