8 0.9564814814814815 0.23522853957636566 0.012962962962962964 0.026755852842809364
8 0.9481481481481482 0.07803790412486064 0.014814814814814815 0.024526198439241916
8 0.8444444444444444 0.07748049052396878 0.044444444444444446 0.027870680044593088
9 0.14722222222222223 0.33221850613154963 0.2537037037037037 0.22965440356744704
17 0.28611111111111115 0.08082497212931995 0.26851851851851855 0.030100334448160536
8 0.06944444444444445 0.07636566332218506 0.05 0.021181716833890748
8 0.36574074074074076 0.16666666666666666 0.05 0.021181716833890748
8 0.36574074074074076 0.4559643255295429 0.05 0.020066889632107024
17 0.5805555555555556 0.7396878483835005 0.21666666666666667 0.021181716833890748
17 0.5351851851851852 0.6705685618729097 0.12222222222222223 0.021181716833890748
17 0.5435185185185185 0.6025641025641025 0.1388888888888889 0.02564102564102564
17 0.5509259259259259 0.5301003344481605 0.1574074074074074 0.021181716833890748
17 0.5333333333333333 0.45875139353400224 0.12222222222222223 0.023411371237458192
17 0.5305555555555556 0.3773690078037904 0.12037037037037038 0.021181716833890748
17 0.5101851851851852 0.3071348940914158 0.07962962962962963 0.021181716833890748
17 0.5842592592592593 0.23801560758082496 0.22037037037037038 0.021181716833890748
17 0.5268518518518519 0.1688963210702341 0.10925925925925926 0.023411371237458192
11 0.5814814814814815 0.4531772575250836 0.5703703703703704 0.6454849498327759
20 0.500925925925926 0.0189520624303233 0.9981481481481482 0.03567447045707915
