17 0.3675925925925926 0.3110367892976589 0.38333333333333336 0.017837235228539576
17 0.27731481481481485 0.3809921962095875 0.20462962962962963 0.018394648829431436
17 0.23842592592592593 0.45345596432552954 0.12685185185185185 0.021739130434782608
17 0.34490740740740744 0.5234113712374582 0.33611111111111114 0.022296544035674472
18 0.3893518518518519 0.9648829431438127 0.7768518518518519 0.07023411371237458
8 0.06898148148148149 0.310479375696767 0.04166666666666667 0.02564102564102564
8 0.06898148148148149 0.38071348940914157 0.05648148148148149 0.024526198439241916
8 0.06898148148148149 0.45094760312151616 0.04722222222222222 0.030100334448160536
8 0.06898148148148149 0.5211817168338907 0.04166666666666667 0.02564102564102564
9 0.3893518518518519 0.14994425863991082 0.7768518518518519 0.22853957636566333
6 0.3893518518518519 0.5181159420289855 0.7768518518518519 0.9648829431438127
20 0.500462962962963 0.018115942028985508 0.9990740740740741 0.03511705685618729
