5 0.9226851851851853 0.4336677814938684 0.04537037037037037 0.027870680044593088
17 0.26435185185185184 0.4520624303232999 0.44351851851851853 0.021181716833890748
17 0.15231481481481482 0.423355629877369 0.21944444444444444 0.023968784838350056
17 0.4078703703703704 0.3324972129319955 0.737962962962963 0.0451505016722408
17 0.22037037037037038 0.29124860646599776 0.3611111111111111 0.023968784838350056
17 0.4800925925925926 0.2003901895206243 0.8824074074074074 0.0451505016722408
17 0.24814814814814815 0.1596989966555184 0.4166666666666667 0.023968784838350056
17 0.4134259259259259 0.07998885172798216 0.5287037037037037 0.029542920847268672
8 0.06898148148148149 0.07692307692307693 0.04166666666666667 0.024526198439241916
19 0.500462962962963 0.07636566332218506 0.9990740740740741 0.0802675585284281
20 0.500462962962963 0.018115942028985508 0.9990740740740741 0.03511705685618729
