17 0.4226851851851852 0.3957636566332218 0.20833333333333334 0.015607580824972128
17 0.4078703703703704 0.3280379041248606 0.17685185185185187 0.016164994425863992
17 0.500925925925926 0.14214046822742474 0.29074074074074074 0.022296544035674472
17 0.4569444444444445 0.8862876254180602 0.8268518518518518 0.0858416945373467
9 0.7203703703703704 0.544593088071349 0.12222222222222223 0.10144927536231883
9 0.2837962962962963 0.5451505016722408 0.1175925925925926 0.09698996655518395
17 0.2847222222222222 0.6245819397993311 0.1824074074074074 0.017279821627647716
17 0.7222222222222222 0.624860646599777 0.17407407407407408 0.016722408026755852
18 0.7185185185185186 0.7483277591973244 0.43703703703703706 0.06967670011148272
18 0.2814814814814815 0.7483277591973244 0.43703703703703706 0.06967670011148272
17 0.17916666666666667 0.3957636566332218 0.13425925925925927 0.017837235228539576
7 0.5976851851851852 0.39520624303233 0.5842592592592593 0.05351170568561873
17 0.16203703703703703 0.32887402452619846 0.09444444444444444 0.017837235228539576
7 0.5976851851851852 0.3280379041248606 0.5842592592592593 0.052954292084726864
17 0.1574074074074074 0.2522296544035674 0.13703703703703704 0.022853957636566332
11 0.5 0.5 0.8740740740740741 0.5663322185061316
20 0.500462962962963 0.018115942028985508 0.9990740740740741 0.03511705685618729
