8 0.9314814814814815 0.07692307692307693 0.05185185185185186 0.024526198439241916
17 0.500925925925926 0.8985507246376812 0.2425925925925926 0.022296544035674472
17 0.16481481481481483 0.8355629877369007 0.24814814814814815 0.014492753623188406
17 0.1212962962962963 0.8065774804905239 0.16111111111111112 0.021181716833890748
17 0.17407407407407408 0.7279821627647715 0.26296296296296295 0.015607580824972128
17 0.11203703703703705 0.6984392419175027 0.1388888888888889 0.021181716833890748
17 0.16481481481481483 0.6198439241917503 0.24814814814814815 0.015607580824972128
17 0.11481481481481481 0.5908584169453734 0.14814814814814814 0.022296544035674472
17 0.17407407407407408 0.5133779264214047 0.26296296296296295 0.014492753623188406
17 0.11666666666666667 0.48272017837235226 0.15185185185185185 0.022296544035674472
17 0.17407407407407408 0.40468227424749165 0.26296296296296295 0.015607580824972128
17 0.18796296296296297 0.3756967670011148 0.29074074074074074 0.022296544035674472
17 0.17407407407407408 0.29654403567447046 0.26296296296296295 0.015607580824972128
17 0.2175925925925926 0.26755852842809363 0.35370370370370374 0.022296544035674472
17 0.17407407407407408 0.189520624303233 0.26296296296296295 0.015607580824972128
17 0.10185185185185186 0.15997770345596432 0.11481481481481481 0.021181716833890748
17 0.4185185185185185 0.08082497212931995 0.4814814814814815 0.030100334448160536
8 0.8046296296296297 0.07636566332218506 0.0462962962962963 0.027870680044593088
8 0.06944444444444445 0.07692307692307693 0.04259259259259259 0.024526198439241916
19 0.500925925925926 0.07748049052396878 0.9981481481481482 0.08138238573021181
20 0.500925925925926 0.0189520624303233 0.9981481481481482 0.03567447045707915
