8 0.8439814814814816 0.07692307692307693 0.05092592592592593 0.033444816053511704
8 0.7287037037037037 0.07720178372352285 0.03518518518518519 0.03288740245261984
8 0.9467592592592593 0.07720178372352285 0.012037037037037037 0.02508361204013378
17 0.15 0.08054626532887402 0.21666666666666667 0.028428093645484948
17 0.053703703703703705 0.14938684503901895 0.06666666666666667 0.031215161649944256
17 0.16990740740740742 0.14743589743589744 0.13055555555555556 0.023968784838350056
17 0.500462962962963 0.21822742474916387 0.4990740740740741 0.028428093645484948
11 0.500462962962963 0.5178372352285395 0.8731481481481482 0.5663322185061316
17 0.2662037037037037 0.2814938684503902 0.28425925925925927 0.023411371237458192
5 0.28935185185185186 0.3458751393534002 0.3731481481481482 0.030657748049052396
17 0.3226851851851852 0.3486622073578595 0.30648148148148147 0.02508361204013378
17 0.13935185185185187 0.4096989966555184 0.04166666666666667 0.017837235228539576
17 0.337037037037037 0.4096989966555184 0.020370370370370372 0.016722408026755852
7 0.7074074074074075 0.4169453734671126 0.38703703703703707 0.030100334448160536
17 0.5949074074074074 0.4096989966555184 0.15462962962962964 0.015607580824972128
8 0.22916666666666669 0.4096989966555184 0.025 0.007803790412486064
8 0.437962962962963 0.4096989966555184 0.024074074074074074 0.007803790412486064
5 0.23333333333333334 0.47268673355629875 0.2611111111111111 0.031215161649944256
17 0.26666666666666666 0.4754738015607581 0.19444444444444445 0.02564102564102564
17 0.3375 0.5359531772575251 0.019444444444444445 0.01950947603121516
7 0.7115740740740741 0.5418060200668896 0.39166666666666666 0.030100334448160536
17 0.13935185185185187 0.536231884057971 0.04166666666666667 0.017837235228539576
17 0.5958333333333333 0.5351170568561873 0.1527777777777778 0.015607580824972128
8 0.22916666666666669 0.5356744704570792 0.02314814814814815 0.007803790412486064
8 0.4375 0.5359531772575251 0.02314814814814815 0.007246376811594203
17 0.500925925925926 0.6226309921962095 0.4185185185185185 0.031215161649944256
17 0.500462962962963 0.6928651059085842 0.687962962962963 0.020066889632107024
17 0.8018518518518519 0.7600334448160535 0.15185185185185185 0.016164994425863992
17 0.1962962962962963 0.7603121516164995 0.14444444444444446 0.015607580824972128
17 0.12962962962962962 0.8430880713489409 0.1462962962962963 0.029542920847268672
17 0.8435185185185186 0.8405797101449275 0.19814814814814816 0.023411371237458192
17 0.1 0.9437012263099219 0.08518518518518518 0.023411371237458192
17 0.8435185185185186 0.9439799331103679 0.19814814814814816 0.022853957636566332
20 0.500462962962963 0.018115942028985508 0.9990740740740741 0.03511705685618729
