18 0.500925925925926 0.9587513935340022 0.9981481481481482 0.08249721293199554
17 0.3 0.07692307692307693 0.2740740740740741 0.024526198439241916
8 0.9416666666666667 0.07692307692307693 0.0462962962962963 0.031215161649944256
8 0.0712962962962963 0.07692307692307693 0.03888888888888889 0.024526198439241916
17 0.5018518518518519 0.8255295429208472 0.12592592592592594 0.0189520624303233
17 0.500925925925926 0.7564102564102564 0.3055555555555556 0.021181716833890748
17 0.5 0.5585284280936454 0.6074074074074074 0.07803790412486064
17 0.5 0.483835005574136 0.2962962962962963 0.017837235228539576
17 0.5 0.4503901895206243 0.1925925925925926 0.020066889632107024
9 0.500925925925926 0.3049052396878484 0.3648148148148148 0.21516164994425863
11 0.5018518518518519 0.5178372352285395 0.7000000000000001 0.6878483835005574
20 0.500925925925926 0.0189520624303233 0.9981481481481482 0.03567447045707915
