17 0.12592592592592594 0.8762541806020067 0.12962962962962962 0.017837235228539576
17 0.18796296296296297 0.8115942028985507 0.2555555555555556 0.0189520624303233
17 0.14074074074074075 0.7522296544035675 0.16296296296296298 0.020624303232998884
8 0.9268518518518519 0.810479375696767 0.02962962962962963 0.027870680044593088
8 0.9268518518518519 0.875139353400223 0.02962962962962963 0.027870680044593088
16 0.8740740740740741 0.47240802675585286 0.08518518518518518 0.03288740245261984
17 0.16990740740740742 0.600613154960981 0.2175925925925926 0.01950947603121516
17 0.13472222222222222 0.5370680044593088 0.14722222222222223 0.018394648829431436
17 0.08703703703703704 0.4729654403567447 0.05185185185185186 0.018394648829431436
17 0.12083333333333333 0.4127647714604236 0.12314814814814816 0.020624303232998884
8 0.9268518518518519 0.664994425863991 0.02962962962962963 0.027870680044593088
8 0.9263888888888889 0.6003344481605352 0.030555555555555558 0.027870680044593088
8 0.9027777777777778 0.32469342251950944 0.07962962962962963 0.04738015607580825
8 0.8009259259259259 0.32441471571906355 0.07962962962962963 0.04793756967670011
8 0.9027777777777778 0.26031215161649945 0.07962962962962963 0.04793756967670011
8 0.8013888888888889 0.26031215161649945 0.0787037037037037 0.04793756967670011
17 0.49953703703703706 0.07971014492753623 0.42129629629629634 0.030100334448160536
17 0.21203703703703705 0.6675027870680045 0.3 0.023968784838350056
8 0.9263888888888889 0.5356744704570792 0.030555555555555558 0.027870680044593088
17 0.17407407407407408 0.26421404682274247 0.22592592592592595 0.023411371237458192
17 0.688425925925926 0.326644370122631 0.04166666666666667 0.0189520624303233
17 0.16527777777777777 0.3285953177257525 0.20833333333333334 0.023968784838350056
17 0.6888888888888889 0.2617056856187291 0.022222222222222223 0.018394648829431436
17 0.17731481481481481 0.2003901895206243 0.23240740740740742 0.017279821627647716
8 0.875 0.1527313266443701 0.05 0.030100334448160536
8 0.625 0.1524526198439242 0.05555555555555556 0.01950947603121516
8 0.375462962962963 0.1524526198439242 0.04166666666666667 0.022853957636566332
8 0.12592592592592594 0.15133779264214048 0.0462962962962963 0.030657748049052396
2 0.500462962962963 0.8196767001114827 0.9657407407407408 0.20234113712374582
2 0.500462962962963 0.5448717948717948 0.9657407407407408 0.33054626532887404
2 0.5018518518518519 0.2801003344481605 0.9648148148148149 0.18450390189520624
20 0.500462962962963 0.018115942028985508 0.9990740740740741 0.03511705685618729
