17 0.5013888888888889 0.6488294314381271 0.36944444444444446 0.028985507246376812
17 0.8981481481481481 0.979654403567447 0.09814814814814815 0.011705685618729096
8 0.8976851851851853 0.9501114827201783 0.06018518518518519 0.036231884057971016
17 0.20787037037037037 0.09420289855072464 0.3287037037037037 0.042363433667781496
17 0.7000000000000001 0.9793756967670011 0.07592592592592592 0.012263099219620958
17 0.49953703703703706 0.979654403567447 0.06759259259259259 0.011705685618729096
17 0.300462962962963 0.979654403567447 0.0787037037037037 0.011705685618729096
17 0.10185185185185186 0.979654403567447 0.10555555555555556 0.011705685618729096
8 0.6990740740740741 0.9498327759197325 0.05555555555555556 0.032329988851727984
9 0.49953703703703706 0.9503901895206243 0.05277777777777778 0.03455964325529543
8 0.300462962962963 0.9506688963210702 0.06018518518518519 0.03177257525083612
8 0.10185185185185186 0.9506688963210702 0.05185185185185186 0.03400222965440357
18 0.500462962962963 0.8344481605351171 0.38981481481481484 0.0713489409141583
17 0.500925925925926 0.7343924191750278 0.8074074074074075 0.08305462653288741
9 0.500462962962963 0.4760312151616499 0.9990740740740741 0.8807134894091415
20 0.500462962962963 0.018115942028985508 0.9990740740740741 0.03511705685618729
