17 0.39537037037037037 0.0983835005574136 0.4962962962962963 0.022853957636566332
8 0.10231481481481482 0.9506688963210702 0.05277777777777778 0.03400222965440357
8 0.08888888888888889 0.09587513935340022 0.037037037037037035 0.022296544035674472
17 0.8981481481481481 0.979654403567447 0.09814814814814815 0.011705685618729096
8 0.8986111111111111 0.9501114827201783 0.06018518518518519 0.036231884057971016
17 0.7157407407407408 0.17001114827201783 0.10925925925925926 0.014492753623188406
17 0.5064814814814815 0.1697324414715719 0.19074074074074074 0.015050167224080268
17 0.2986111111111111 0.1697324414715719 0.10648148148148148 0.013935340022296544
17 0.12268518518518519 0.17001114827201783 0.125 0.014492753623188406
17 0.7000000000000001 0.979654403567447 0.07592592592592592 0.011705685618729096
17 0.500462962962963 0.979654403567447 0.06759259259259259 0.011705685618729096
17 0.30092592592592593 0.9793756967670011 0.07962962962962963 0.012263099219620958
8 0.6990740740740741 0.9498327759197325 0.05555555555555556 0.032329988851727984
9 0.49953703703703706 0.9503901895206243 0.05277777777777778 0.03455964325529543
8 0.30092592592592593 0.9509476031215162 0.061111111111111116 0.032329988851727984
17 0.10231481481481482 0.979654403567447 0.10648148148148148 0.01282051282051282
17 0.18981481481481483 0.8695652173913043 0.26296296296296295 0.023411371237458192
17 0.5782407407407407 0.778149386845039 0.12685185185185185 0.014492753623188406
17 0.7189814814814816 0.7343924191750278 0.4064814814814815 0.052954292084726864
17 0.2425925925925926 0.7324414715719063 0.3648148148148148 0.04905239687848383
8 0.8967592592592593 0.32915273132664435 0.03981481481481482 0.021739130434782608
8 0.4412037037037037 0.3294314381270903 0.03981481481481482 0.021181716833890748
17 0.3615740740740741 0.26226309921962093 0.5990740740740741 0.027313266443701224
9 0.2726851851851852 0.4972129319955407 0.42685185185185187 0.39018952062430323
9 0.7287037037037037 0.4974916387959866 0.4277777777777778 0.3896321070234114
7 0.500925925925926 0.09559643255295429 0.9425925925925926 0.07413600891861762
20 0.500462962962963 0.018115942028985508 0.9990740740740741 0.03511705685618729
