11 0.500462962962963 0.5178372352285395 0.8731481481481482 0.8115942028985507
17 0.31712962962962965 0.16109253065774803 0.3842592592592593 0.028985507246376812
5 0.25324074074074077 0.21348940914158304 0.275 0.030100334448160536
17 0.3041666666666667 0.21599777034559642 0.17314814814814816 0.01950947603121516
5 0.21574074074074076 0.2848383500557414 0.2 0.030100334448160536
17 0.26666666666666666 0.28567447045707917 0.09814814814814815 0.015050167224080268
5 0.22592592592592595 0.35702341137123744 0.22037037037037038 0.029542920847268672
17 0.27685185185185185 0.35702341137123744 0.11851851851851852 0.016164994425863992
5 0.19907407407407407 0.4289297658862876 0.16666666666666669 0.029542920847268672
17 0.25 0.431438127090301 0.06481481481481481 0.020066889632107024
5 0.22824074074074074 0.5005574136008919 0.225 0.030100334448160536
17 0.2791666666666667 0.5033444816053512 0.12314814814814816 0.020066889632107024
5 0.20231481481481484 0.572742474916388 0.17314814814814816 0.029542920847268672
17 0.2523148148148148 0.5730211817168339 0.07314814814814816 0.016722408026755852
5 0.23194444444444445 0.6440914158305463 0.23240740740740742 0.029542920847268672
17 0.2828703703703704 0.6446488294314381 0.13055555555555556 0.016164994425863992
5 0.23564814814814816 0.7162764771460424 0.23981481481481481 0.030100334448160536
17 0.2865740740740741 0.7168338907469343 0.13796296296296298 0.015607580824972128
5 0.22962962962962963 0.7881828316610925 0.22777777777777777 0.030100334448160536
17 0.2800925925925926 0.7887402452619844 0.12685185185185185 0.015607580824972128
18 0.4476851851851852 0.8762541806020067 0.625 0.057971014492753624
20 0.500462962962963 0.018115942028985508 0.9990740740740741 0.03511705685618729
