18 0.7041666666666667 0.25501672240802675 0.28055555555555556 0.08639910813823858
17 0.1875 0.34141583054626534 0.287962962962963 0.023968784838350056
8 0.08148148148148149 0.9551282051282051 0.040740740740740744 0.02508361204013378
8 0.08101851851851852 0.8249721293199553 0.03796296296296296 0.022296544035674472
17 0.2888888888888889 0.9568004459308806 0.20555555555555557 0.023968784838350056
17 0.32962962962962966 0.8893534002229654 0.32037037037037036 0.01950947603121516
17 0.2837962962962963 0.8241360089186176 0.19907407407407407 0.01950947603121516
17 0.14351851851851852 0.7725752508361204 0.1685185185185185 0.016722408026755852
8 0.7981481481481482 0.6917502787068004 0.03518518518518519 0.012263099219620958
17 0.18611111111111112 0.6945373467112598 0.2833333333333333 0.023411371237458192
8 0.7981481481481482 0.6217948717948718 0.03518518518518519 0.01282051282051282
17 0.1462962962962963 0.6237458193979933 0.20370370370370372 0.024526198439241916
8 0.7986111111111112 0.5510033444816054 0.03425925925925926 0.01282051282051282
17 0.16805555555555557 0.5540691192865106 0.2490740740740741 0.023411371237458192
8 0.7981481481481482 0.4813266443701226 0.03518518518518519 0.01282051282051282
17 0.22962962962962963 0.4813266443701226 0.3703703703703704 0.01950947603121516
8 0.7986111111111112 0.41109253065774803 0.03425925925925926 0.01282051282051282
17 0.11111111111111112 0.41109253065774803 0.13333333333333333 0.01950947603121516
18 0.4222222222222222 0.25501672240802675 0.2833333333333333 0.08639910813823858
18 0.14074074074074075 0.25501672240802675 0.2796296296296296 0.08639910813823858
17 0.3541666666666667 0.18394648829431437 0.4916666666666667 0.021181716833890748
9 0.06342592592592593 0.18227424749163879 0.04351851851851852 0.02564102564102564
17 0.3824074074074074 0.08444816053511706 0.43703703703703706 0.02508361204013378
8 0.08842592592592594 0.08249721293199554 0.09907407407407408 0.059085841694537344
6 0.4226851851851852 0.5178372352285395 0.8435185185185186 0.9643255295429208
20 0.500462962962963 0.018115942028985508 0.9990740740740741 0.03511705685618729
