9 0.22962962962962963 0.09977703455964325 0.05925925925925926 0.024526198439241916
17 0.2675925925925926 0.1716833890746934 0.44074074074074077 0.0379041248606466
17 0.28240740740740744 0.2561315496098105 0.21296296296296297 0.020624303232998884
17 0.24722222222222223 0.32608695652173914 0.14074074074074075 0.020066889632107024
17 0.23935185185185187 0.3988294314381271 0.125 0.023968784838350056
17 0.2777777777777778 0.46627647714604237 0.20185185185185187 0.01950947603121516
17 0.30972222222222223 0.5367892976588629 0.2675925925925926 0.020066889632107024
17 0.26296296296296295 0.6092530657748049 0.17407407407407408 0.024526198439241916
17 0.28564814814814815 0.6794871794871795 0.2175925925925926 0.024526198439241916
17 0.28564814814814815 0.7474916387959866 0.2175925925925926 0.020066889632107024
17 0.29814814814814816 0.8199554069119286 0.2425925925925926 0.024526198439241916
17 0.20925925925925926 0.8879598662207357 0.06296296296296297 0.0189520624303233
8 0.06898148148148149 0.887123745819398 0.04537037037037037 0.027313266443701224
8 0.06898148148148149 0.8163322185061316 0.04166666666666667 0.03177257525083612
8 0.06898148148148149 0.7469342251950948 0.05092592592592593 0.024526198439241916
8 0.06898148148148149 0.6753065774804905 0.05648148148148149 0.030657748049052396
8 0.06898148148148149 0.6064659977703456 0.04537037037037037 0.030100334448160536
8 0.06898148148148149 0.5359531772575251 0.05092592592592593 0.030657748049052396
8 0.06898148148148149 0.4659977703455964 0.049074074074074076 0.030100334448160536
8 0.06805555555555556 0.3960423634336678 0.05277777777777778 0.027313266443701224
8 0.06851851851851852 0.32441471571906355 0.040740740740740744 0.023411371237458192
8 0.06898148148148149 0.2552954292084727 0.05092592592592593 0.031215161649944256
6 0.34074074074074073 0.5175585284280937 0.6796296296296297 0.9648829431438127
20 0.500462962962963 0.018115942028985508 0.9990740740740741 0.03511705685618729
