18 0.7314814814814815 0.6644370122630993 0.44074074074074077 0.06020066889632107
18 0.26944444444444443 0.664994425863991 0.4388888888888889 0.059085841694537344
17 0.49722222222222223 0.6053511705685619 0.8944444444444445 0.044593088071348944
17 0.16018518518518518 0.5635451505016722 0.22037037037037038 0.023411371237458192
18 0.7314814814814815 0.4866220735785953 0.44074074074074077 0.059085841694537344
18 0.26944444444444443 0.48606465997770343 0.4388888888888889 0.06020066889632107
17 0.24351851851851852 0.4358974358974359 0.38333333333333336 0.017837235228539576
17 0.20092592592592592 0.40579710144927533 0.29814814814814816 0.020066889632107024
18 0.7314814814814815 0.3311036789297659 0.44074074074074077 0.06020066889632107
18 0.26944444444444443 0.33166109253065773 0.4388888888888889 0.059085841694537344
17 0.4388888888888889 0.28372352285395763 0.7777777777777778 0.021181716833890748
17 0.14814814814814814 0.2547380156075808 0.1962962962962963 0.023411371237458192
17 0.1 0.19286510590858416 0.0962962962962963 0.017837235228539576
17 0.14907407407407408 0.16387959866220736 0.19814814814814816 0.020066889632107024
17 0.32222222222222224 0.08082497212931995 0.3703703703703704 0.030100334448160536
8 0.06851851851851852 0.07748049052396878 0.044444444444444446 0.02564102564102564
19 0.500925925925926 0.07692307692307693 0.9981481481481482 0.0802675585284281
20 0.500925925925926 0.0189520624303233 0.9981481481481482 0.03567447045707915
