9 0.500925925925926 0.07748049052396878 0.4203703703703704 0.030100334448160536
18 0.5018518518518519 0.9420289855072463 0.9037037037037038 0.06020066889632107
18 0.5018518518518519 0.8717948717948718 0.9037037037037038 0.06020066889632107
17 0.4990740740740741 0.7463768115942029 0.7870370370370371 0.0903010033444816
17 0.5018518518518519 0.6404682274247492 0.4222222222222222 0.05462653288740245
9 0.500925925925926 0.3617614269788183 0.10925925925925926 0.10590858416945373
17 0.8935185185185186 0.1633221850613155 0.06851851851851852 0.021181716833890748
19 0.500925925925926 0.07636566332218506 0.9981481481481482 0.08361204013377926
0 0.500925925925926 0.5590858416945373 0.9981481481481482 0.8818283166109253
20 0.500925925925926 0.0189520624303233 0.9981481481481482 0.03567447045707915
