18 0.500925925925926 0.7196209587513935 0.6814814814814815 0.0947603121516165
17 0.5 0.6365663322185061 0.6685185185185185 0.023411371237458192
17 0.500462962962963 0.60479375696767 0.7787037037037038 0.023411371237458192
9 0.500462962962963 0.4777034559643255 0.9990740740740741 0.15607580824972128
9 0.500925925925926 0.3363991081382386 0.1685185185185185 0.1109253065774805
17 0.500462962962963 0.20930880713489408 0.8564814814814815 0.1265328874024526
17 0.22824074074074074 0.08054626532887402 0.10462962962962963 0.028428093645484948
8 0.06944444444444445 0.07692307692307693 0.031481481481481485 0.032329988851727984
19 0.500462962962963 0.07692307692307693 0.9990740740740741 0.08249721293199554
20 0.500462962962963 0.018115942028985508 0.9990740740740741 0.03511705685618729
