17 0.34351851851851856 0.7513935340022296 0.12407407407407407 0.015607580824972128
8 0.23703703703703705 0.7508361204013377 0.05185185185185186 0.030100334448160536
17 0.4981481481481482 0.8193979933110368 0.562962962962963 0.04013377926421405
17 0.5 0.68561872909699 0.03333333333333333 0.013377926421404682
18 0.500925925925926 0.6176142697881828 0.6462962962962964 0.06243032329988851
17 0.5 0.5011148272017837 0.5851851851851853 0.05462653288740245
9 0.500925925925926 0.28818283166109254 0.5611111111111111 0.15719063545150502
17 0.4990740740740741 0.4375696767001115 0.5574074074074075 0.030100334448160536
20 0.500925925925926 0.0189520624303233 0.9981481481481482 0.03567447045707915
7 0.500925925925926 0.7513935340022296 0.6462962962962964 0.06243032329988851
