9 0.500925925925926 0.8801560758082497 0.9611111111111111 0.2040133779264214
17 0.2796296296296296 0.717948717948718 0.5185185185185185 0.017837235228539576
9 0.500925925925926 0.5897435897435898 0.9611111111111111 0.20512820512820512
17 0.45740740740740743 0.4297658862876254 0.8740740740740741 0.021181716833890748
9 0.500925925925926 0.29988851727982163 0.9611111111111111 0.20512820512820512
17 0.40092592592592596 0.15217391304347827 0.17592592592592593 0.016722408026755852
17 0.14444444444444446 0.1516164994425864 0.22222222222222224 0.017837235228539576
17 0.6064814814814815 0.15217391304347827 0.09444444444444444 0.016722408026755852
17 0.2601851851851852 0.07692307692307693 0.2240740740740741 0.026755852842809364
8 0.9416666666666667 0.07636566332218506 0.05740740740740741 0.03455964325529543
8 0.06944444444444445 0.07692307692307693 0.05 0.022296544035674472
20 0.500925925925926 0.0189520624303233 0.9981481481481482 0.03567447045707915
