20 0.500462962962963 0.018115942028985508 0.9990740740740741 0.03511705685618729
8 0.9467592592592593 0.07720178372352285 0.036111111111111115 0.021739130434782608
17 0.1388888888888889 0.08110367892976589 0.19814814814814816 0.027313266443701224
9 0.337037037037037 0.25975473801560756 0.05925925925925926 0.04013377926421405
17 0.537962962962963 0.25947603121516166 0.3148148148148148 0.02508361204013378
17 0.17222222222222222 0.3609253065774805 0.07962962962962963 0.016164994425863992
17 0.20740740740740743 0.4568004459308807 0.1537037037037037 0.015050167224080268
17 0.2050925925925926 0.5512820512820513 0.14722222222222223 0.016722408026755852
17 0.3699074074074074 0.6499442586399108 0.4064814814814815 0.021181716833890748
5 0.33796296296296297 0.6477146042363433 0.4703703703703704 0.027870680044593088
18 0.500462962962963 0.7449832775919732 0.8268518518518518 0.07302118171683389
9 0.500462962962963 0.9372909698996655 0.075 0.0451505016722408
8 0.10046296296296296 0.9431438127090301 0.05092592592592593 0.030100334448160536
9 0.30092592592592593 0.9431438127090301 0.0462962962962963 0.030100334448160536
8 0.700462962962963 0.9431438127090301 0.036111111111111115 0.027870680044593088
9 0.900462962962963 0.9431438127090301 0.04537037037037037 0.027870680044593088
17 0.3 0.9835562987736901 0.11851851851851852 0.015050167224080268
17 0.900462962962963 0.983835005574136 0.14166666666666666 0.015607580824972128
17 0.700462962962963 0.9827201783723523 0.1212962962962963 0.012263099219620958
17 0.10092592592592593 0.9843924191750278 0.08148148148148149 0.014492753623188406
7 0.5 0.36064659977703456 0.8277777777777778 0.07357859531772575
7 0.5 0.4559643255295429 0.8277777777777778 0.07357859531772575
7 0.5 0.5512820512820513 0.8277777777777778 0.07357859531772575
11 0.500462962962963 0.5178372352285395 0.9490740740740741 0.7168338907469343
