17 0.3277777777777778 0.8076923076923077 0.3111111111111111 0.020066889632107024
9 0.3375 0.7480490523968785 0.08981481481481482 0.06465997770345597
9 0.6699074074074074 0.5426421404682275 0.10462962962962963 0.06521739130434782
9 0.33055555555555555 0.5440356744704571 0.11481481481481481 0.06465997770345597
17 0.33240740740740743 0.40245261984392416 0.16666666666666669 0.020066889632107024
8 0.32962962962962966 0.33918617614269786 0.09444444444444444 0.05741360089186176
8 0.6694444444444445 0.3394648829431438 0.11851851851851852 0.07246376811594203
17 0.6689814814814815 0.6070234113712375 0.23981481481481481 0.020066889632107024
17 0.33055555555555555 0.6095317725752508 0.18333333333333335 0.023968784838350056
17 0.6703703703703704 0.40217391304347827 0.15925925925925927 0.020624303232998884
17 0.7740740740740741 0.18979933110367891 0.018518518518518517 0.016164994425863992
17 0.6930555555555555 0.19007803790412486 0.12314814814814816 0.017837235228539576
8 0.8125 0.18924191750278707 0.03981481481481482 0.023968784838350056
17 0.23796296296296296 0.20457079152731325 0.13148148148148148 0.026755852842809364
11 0.500462962962963 0.5175585284280937 0.7398148148148148 0.721850613154961
20 0.500462962962963 0.018115942028985508 0.9990740740740741 0.03511705685618729
