17 0.21435185185185185 0.7856744704570792 0.2064814814814815 0.021739130434782608
17 0.16203703703703703 0.7198996655518395 0.10370370370370371 0.021739130434782608
8 0.9462962962962963 0.07636566332218506 0.011111111111111112 0.024526198439241916
18 0.7018518518518518 0.862876254180602 0.3851851851851852 0.055741360089186176
18 0.2990740740740741 0.862597547380156 0.3851851851851852 0.05518394648829431
7 0.500925925925926 0.7263099219620959 0.788888888888889 0.03455964325529543
7 0.500462962962963 0.7915273132664437 0.787962962962963 0.033444816053511704
18 0.500462962962963 0.6440914158305463 0.275 0.03177257525083612
17 0.49583333333333335 0.5758082497212932 0.7953703703703704 0.09253065774804906
17 0.500462962962963 0.5061315496098104 0.3027777777777778 0.021181716833890748
9 0.500462962962963 0.3528428093645485 0.3472222222222222 0.20958751393534003
17 0.22268518518518518 0.1786510590858417 0.2657407407407408 0.01950947603121516
8 0.8976851851851853 0.1778149386845039 0.012037037037037037 0.024526198439241916
11 0.5 0.5353957636566332 0.9018518518518519 0.7976588628762542
20 0.500462962962963 0.018115942028985508 0.9990740740740741 0.03511705685618729
