17 0.500925925925926 0.9166666666666666 0.37777777777777777 0.020624303232998884
17 0.49953703703703706 0.9523411371237458 0.22685185185185186 0.020624303232998884
8 0.9472222222222223 0.07636566332218506 0.012962962962962964 0.02564102564102564
18 0.49953703703703706 0.7452619843924192 0.787962962962963 0.056856187290969896
17 0.48842592592592593 0.6753065774804905 0.7805555555555556 0.040691192865105905
17 0.500462962962963 0.6340579710144928 0.3768518518518519 0.028428093645484948
9 0.5018518518518519 0.4790969899665552 0.32962962962962966 0.19453734671125975
17 0.2555555555555556 0.30657748049052397 0.3314814814814815 0.024526198439241916
8 0.8976851851851853 0.30351170568561875 0.012037037037037037 0.023968784838350056
11 0.5 0.5353957636566332 0.9018518518518519 0.5457079152731327
20 0.500462962962963 0.018115942028985508 0.9990740740740741 0.03511705685618729
