17 0.5018518518518519 0.08862876254180602 0.8037037037037037 0.07023411371237458
9 0.5046296296296297 0.49888517279821626 0.5722222222222223 0.5830546265328874
17 0.12222222222222223 0.9604236343366778 0.07407407407407407 0.016722408026755852
13 0.5 0.9593088071348941 0.16296296296296298 0.016722408026755852
8 0.8777777777777778 0.9593088071348941 0.05555555555555556 0.032329988851727984
8 0.2972222222222222 0.8885172798216276 0.10185185185185186 0.06020066889632107
8 0.39814814814814814 0.8885172798216276 0.1 0.06020066889632107
9 0.5 0.8885172798216276 0.10370370370370371 0.06020066889632107
8 0.6018518518518519 0.8885172798216276 0.1 0.06020066889632107
9 0.7037037037037037 0.8885172798216276 0.10370370370370371 0.06020066889632107
