9 0.09861111111111112 0.08082497212931995 0.11018518518518519 0.06354515050167224
8 0.07962962962962963 0.9607023411371237 0.020370370370370372 0.038461538461538464
9 0.06898148148148149 0.7951505016722408 0.049074074074074076 0.029542920847268672
8 0.06944444444444445 0.721850613154961 0.05925925925925926 0.03455964325529543
9 0.07037037037037037 0.6488294314381271 0.044444444444444446 0.026755852842809364
9 0.06898148148148149 0.5760869565217391 0.05462962962962963 0.020624303232998884
8 0.06712962962962964 0.5025083612040133 0.04351851851851852 0.036231884057971016
9 0.06944444444444445 0.42948717948717946 0.061111111111111116 0.029542920847268672
8 0.06898148148148149 0.3559085841694537 0.049074074074074076 0.028428093645484948
8 0.06851851851851852 0.28288740245261984 0.061111111111111116 0.03511705685618729
17 0.2638888888888889 0.19370122630992195 0.4481481481481482 0.023968784838350056
17 0.2837962962962963 0.16109253065774803 0.4861111111111111 0.024526198439241916
17 0.22592592592592595 0.2845596432552954 0.09814814814814815 0.018394648829431436
17 0.2611111111111111 0.35702341137123744 0.1685185185185185 0.01950947603121516
17 0.28194444444444444 0.43004459308807136 0.21203703703703705 0.01950947603121516
17 0.27685185185185185 0.5033444816053512 0.2 0.0189520624303233
17 0.33194444444444443 0.5763656633221851 0.3101851851851852 0.0189520624303233
17 0.3462962962962963 0.6516164994425864 0.3388888888888889 0.023411371237458192
17 0.38657407407407407 0.7249163879598662 0.42129629629629634 0.022853957636566332
17 0.2837962962962963 0.7959866220735786 0.2175925925925926 0.0189520624303233
17 0.11527777777777778 0.8921404682274248 0.14907407407407408 0.022853957636566332
17 0.32037037037037036 0.9637681159420289 0.29074074074074074 0.023411371237458192
6 0.3666666666666667 0.500278706800446 0.7296296296296296 0.9994425863991081
