17 0.5092592592592593 0.07859531772575251 0.49259259259259264 0.030100334448160536
17 0.612037037037037 0.15328874024526198 0.40185185185185185 0.0189520624303233
17 0.9120370370370371 0.17725752508361203 0.05 0.015607580824972128
17 0.3027777777777778 0.17614269788182832 0.03518518518518519 0.015607580824972128
17 0.3287037037037037 0.29598662207357856 0.012962962962962964 0.016722408026755852
17 0.7231481481481482 0.2971014492753623 0.13148148148148148 0.023411371237458192
17 0.7231481481481482 0.46711259754738016 0.13148148148148148 0.022296544035674472
17 0.3277777777777778 0.46711259754738016 0.011111111111111112 0.015607580824972128
17 0.3314814814814815 0.9258639910813824 0.15185185185185185 0.0189520624303233
17 0.33240740740740743 0.9626532887402452 0.1537037037037037 0.02564102564102564
18 0.7870370370370371 0.9453734671125975 0.34814814814814815 0.05351170568561873
9 0.5166666666666667 0.4659977703455964 0.1925925925925926 0.09141583054626533
9 0.5166666666666667 0.2948717948717949 0.1851851851851852 0.10813823857302118
6 0.6111111111111112 0.5189520624303233 0.7777777777777778 0.9620958751393534
20 0.500925925925926 0.0189520624303233 0.9981481481481482 0.03567447045707915
