17 0.22546296296296298 0.49052396878483834 0.18981481481481483 0.021181716833890748
17 0.3212962962962963 0.3879598662207358 0.37962962962962965 0.020066889632107024
17 0.500925925925926 0.7511148272017837 0.46481481481481485 0.028428093645484948
17 0.5018518518518519 0.6753065774804905 0.3592592592592593 0.027313266443701224
18 0.500462962962963 0.5830546265328874 0.7675925925925926 0.06465997770345597
7 0.500925925925926 0.4983277591973244 0.7481481481481482 0.03678929765886287
7 0.500462962962963 0.3960423634336678 0.7490740740740741 0.036231884057971016
17 0.5 0.30657748049052397 0.25925925925925924 0.021181716833890748
18 0.500462962962963 0.23745819397993312 0.7675925925925926 0.06465997770345597
2 0.500462962962963 0.491917502787068 0.8842592592592593 0.644927536231884
8 0.06898148148148149 0.07664437012263099 0.036111111111111115 0.021739130434782608
17 0.5023148148148149 0.08082497212931995 0.23055555555555557 0.04013377926421405
20 0.500462962962963 0.018115942028985508 0.9990740740740741 0.03511705685618729
