17 0.24166666666666667 0.9707357859531772 0.17222222222222222 0.017279821627647716
9 0.07824074074074075 0.9545707915273133 0.08796296296296297 0.052954292084726864
17 0.20740740740740743 0.9439799331103679 0.10370370370370371 0.02508361204013378
9 0.9370370370370371 0.9540133779264214 0.05 0.030657748049052396
9 0.8300925925925926 0.955685618729097 0.05092592592592593 0.030657748049052396
17 0.5481481481481482 0.8854515050167224 0.6296296296296297 0.018394648829431436
17 0.34490740740740744 0.8581382385730212 0.22685185185185186 0.021739130434782608
8 0.9560185185185186 0.8352842809364548 0.010185185185185186 0.01950947603121516
9 0.10648148148148148 0.8603678929765887 0.17777777777777778 0.08862876254180602
17 0.55 0.7494425863991081 0.6351851851851852 0.03511705685618729
17 0.4046296296296297 0.7140468227424749 0.34074074074074073 0.020066889632107024
8 0.9560185185185186 0.7009476031215162 0.010185185185185186 0.01950947603121516
9 0.10555555555555556 0.7349498327759197 0.17777777777777778 0.10758082497212931
17 0.5439814814814815 0.616778149386845 0.6212962962962963 0.018394648829431436
17 0.4134259259259259 0.5916945373467113 0.3601851851851852 0.026198439241917504
8 0.9560185185185186 0.5663322185061316 0.010185185185185186 0.0189520624303233
9 0.10601851851851853 0.6003344481605352 0.1787037037037037 0.10702341137123746
17 0.5199074074074074 0.48188405797101447 0.5731481481481482 0.018394648829431436
17 0.3212962962962963 0.45484949832775917 0.17777777777777778 0.021181716833890748
8 0.9564814814814815 0.43255295429208473 0.009259259259259259 0.0189520624303233
9 0.1050925925925926 0.46571906354515047 0.13425925925925927 0.08082497212931995
17 0.5453703703703704 0.3475473801560758 0.625925925925926 0.038461538461538464
17 0.40092592592592596 0.3096432552954292 0.33333333333333337 0.021739130434782608
8 0.9560185185185186 0.29738015607580826 0.010185185185185186 0.01950947603121516
9 0.10555555555555556 0.3311036789297659 0.17777777777777778 0.10702341137123746
17 0.5361111111111111 0.21321070234113712 0.6055555555555556 0.018394648829431436
17 0.4398148148148148 0.18561872909698995 0.41481481481481486 0.021181716833890748
8 0.9560185185185186 0.16304347826086957 0.010185185185185186 0.01950947603121516
9 0.10555555555555556 0.1967670011148272 0.17777777777777778 0.10702341137123746
17 0.275 0.07748049052396878 0.2574074074074074 0.024526198439241916
8 0.937962962962963 0.07636566332218506 0.044444444444444446 0.026755852842809364
8 0.06851851851851852 0.07664437012263099 0.04814814814814815 0.020624303232998884
19 0.500462962962963 0.07720178372352285 0.9990740740740741 0.08193979933110368
20 0.500462962962963 0.018115942028985508 0.9990740740740741 0.03511705685618729
