15 0.12546296296296297 0.15496098104793757 0.17314814814814816 0.024526198439241916
8 0.19768518518518519 0.15802675585284282 0.028703703703703703 0.018394648829431436
9 0.8291666666666667 0.9545707915273133 0.05092592592592593 0.030657748049052396
17 0.10462962962962963 0.15133779264214048 0.13148148148148148 0.017279821627647716
9 0.07777777777777778 0.9534559643255295 0.08703703703703704 0.052954292084726864
17 0.24675925925925926 0.967670011148272 0.18425925925925926 0.014492753623188406
17 0.3037037037037037 0.9403567447045708 0.3 0.020066889632107024
9 0.9370370370370371 0.9526198439241917 0.05185185185185186 0.030100334448160536
8 0.9370370370370371 0.8893534002229654 0.009259259259259259 0.01950947603121516
9 0.1050925925925926 0.8868450390189521 0.18055555555555555 0.03567447045707915
17 0.5375 0.8057413600891862 0.612037037037037 0.018394648829431436
17 0.30092592592592593 0.7803790412486065 0.1388888888888889 0.026755852842809364
8 0.9365740740740741 0.7552954292084727 0.010185185185185186 0.0189520624303233
9 0.1050925925925926 0.7884615384615384 0.18055555555555555 0.10869565217391304
17 0.5361111111111111 0.6708472686733556 0.6074074074074074 0.018394648829431436
17 0.3037037037037037 0.6435340022296544 0.14074074074074075 0.020624303232998884
8 0.9370370370370371 0.620958751393534 0.009259259259259259 0.0189520624303233
9 0.10462962962962963 0.6546822742474916 0.17592592592592593 0.10758082497212931
17 0.5439814814814815 0.5365105908584169 0.6231481481481481 0.018394648829431436
17 0.3199074074074074 0.5117056856187291 0.17685185185185187 0.026755852842809364
8 0.9365740740740741 0.48606465997770343 0.010185185185185186 0.0189520624303233
9 0.1050925925925926 0.5197881828316611 0.18055555555555555 0.10869565217391304
17 0.5435185185185185 0.3999442586399108 0.6203703703703703 0.015050167224080268
17 0.48240740740740745 0.3745819397993311 0.5018518518518519 0.021181716833890748
8 0.9365740740740741 0.3520066889632107 0.010185185185185186 0.01950947603121516
9 0.10601851851851853 0.3851727982162765 0.18055555555555555 0.1092530657748049
17 0.5388888888888889 0.2672798216276477 0.6148148148148148 0.018394648829431436
17 0.39537037037037037 0.24247491638795987 0.32222222222222224 0.026755852842809364
8 0.9365740740740741 0.21739130434782608 0.010185185185185186 0.0189520624303233
9 0.1050925925925926 0.25055741360089184 0.18055555555555555 0.10869565217391304
17 0.24953703703703706 0.07720178372352285 0.20092592592592592 0.023968784838350056
8 0.937962962962963 0.0758082497212932 0.044444444444444446 0.026755852842809364
8 0.06944444444444445 0.07608695652173914 0.04814814814814815 0.020624303232998884
19 0.500925925925926 0.07664437012263099 0.9981481481481482 0.08193979933110368
20 0.500462962962963 0.018115942028985508 0.9990740740740741 0.03511705685618729
