17 0.10555555555555556 0.3040691192865106 0.14444444444444446 0.015050167224080268
17 0.17916666666666667 0.1806020066889632 0.28240740740740744 0.014492753623188406
18 0.5 0.5069676700111483 0.28703703703703703 0.04738015607580825
18 0.5 0.41778149386845037 0.9518518518518518 0.07413600891861762
7 0.500925925925926 0.31131549609810477 0.9518518518518518 0.030657748049052396
7 0.500462962962963 0.1886845039018952 0.9324074074074075 0.03177257525083612
17 0.25601851851851853 0.07636566332218506 0.15833333333333333 0.022296544035674472
8 0.06898148148148149 0.07664437012263099 0.04166666666666667 0.02508361204013378
19 0.500925925925926 0.07692307692307693 0.9981481481481482 0.08138238573021181
20 0.500462962962963 0.018115942028985508 0.9990740740740741 0.03511705685618729
