17 0.47962962962962963 0.4442586399108138 0.2111111111111111 0.014492753623188406
17 0.7972222222222223 0.4431438127090301 0.10555555555555556 0.014492753623188406
17 0.4814814814814815 0.6622073578595318 0.15185185185185185 0.015607580824972128
17 0.7972222222222223 0.6622073578595318 0.08333333333333334 0.015607580824972128
17 0.7972222222222223 0.8795986622073578 0.1537037037037037 0.015607580824972128
17 0.48055555555555557 0.8795986622073578 0.13148148148148148 0.015607580824972128
17 0.1638888888888889 0.8795986622073578 0.17592592592592593 0.015607580824972128
17 0.1638888888888889 0.6616499442586399 0.09814814814814815 0.014492753623188406
17 0.16203703703703703 0.4442586399108138 0.10555555555555556 0.014492753623188406
17 0.13425925925925927 0.9659977703455964 0.1462962962962963 0.021181716833890748
8 0.7981481481481482 0.8015607580824972 0.07407407407407407 0.044593088071348944
8 0.48055555555555557 0.8004459308807135 0.07222222222222223 0.044593088071348944
8 0.16481481481481483 0.8015607580824972 0.07407407407407407 0.044593088071348944
9 0.7972222222222223 0.8010033444816054 0.2388888888888889 0.19509476031215162
9 0.4814814814814815 0.8010033444816054 0.24074074074074076 0.19509476031215162
9 0.1638888888888889 0.8010033444816054 0.2388888888888889 0.19509476031215162
8 0.7972222222222223 0.5824972129319955 0.07222222222222223 0.045707915273132664
8 0.4814814814814815 0.5824972129319955 0.07407407407407407 0.045707915273132664
8 0.16481481481481483 0.5824972129319955 0.07407407407407407 0.045707915273132664
9 0.7981481481481482 0.5830546265328874 0.24074074074074076 0.19620958751393533
9 0.4814814814814815 0.5830546265328874 0.24074074074074076 0.19620958751393533
9 0.1638888888888889 0.5830546265328874 0.2388888888888889 0.19620958751393533
8 0.4814814814814815 0.36510590858416947 0.07407407407407407 0.045707915273132664
8 0.16481481481481483 0.3656633221850613 0.07407407407407407 0.044593088071348944
8 0.7953703703703704 0.36454849498327757 0.07222222222222223 0.044593088071348944
9 0.7962962962962963 0.36454849498327757 0.24074074074074076 0.19620958751393533
9 0.4814814814814815 0.36454849498327757 0.24074074074074076 0.19620958751393533
9 0.16481481481481483 0.36510590858416947 0.23703703703703705 0.19509476031215162
17 0.5 0.19732441471571907 0.7518518518518519 0.04905239687848383
17 0.500925925925926 0.14046822742474915 0.48703703703703705 0.033444816053511704
8 0.9231481481481482 0.08305462653288741 0.0462962962962963 0.027870680044593088
20 0.500925925925926 0.0189520624303233 0.9981481481481482 0.03567447045707915
