17 0.7115740740740741 0.7427536231884058 0.14166666666666666 0.016164994425863992
17 0.2888888888888889 0.7424749163879598 0.15555555555555556 0.016722408026755852
8 0.7115740740740741 0.6814381270903009 0.04166666666666667 0.02508361204013378
9 0.2884259259259259 0.6806020066889632 0.0787037037037037 0.046822742474916385
17 0.712962962962963 0.5755295429208472 0.1425925925925926 0.017279821627647716
17 0.28935185185185186 0.5752508361204013 0.14537037037037037 0.016722408026755852
9 0.7185185185185186 0.5133779264214047 0.07222222222222223 0.05239687848383501
8 0.2884259259259259 0.5133779264214047 0.06944444444444445 0.04124860646599777
17 0.7134259259259259 0.40858416945373466 0.14907407407407408 0.017837235228539576
17 0.2888888888888889 0.4080267558528428 0.17037037037037037 0.016722408026755852
8 0.712037037037037 0.34615384615384615 0.06851851851851852 0.04124860646599777
9 0.287962962962963 0.3455964325529543 0.07592592592592592 0.046822742474916385
17 0.712037037037037 0.24331103678929766 0.16296296296296298 0.020624303232998884
17 0.2898148148148148 0.2410813823857302 0.2388888888888889 0.017279821627647716
9 0.7134259259259259 0.1786510590858417 0.08425925925925926 0.048494983277591976
8 0.2888888888888889 0.17892976588628762 0.08703703703703704 0.05239687848383501
17 0.18564814814814815 0.10535117056856187 0.125 0.023411371237458192
11 0.5 0.5178372352285395 0.8722222222222222 0.9175027870680045
20 0.500462962962963 0.018115942028985508 0.9990740740740741 0.03511705685618729
