8 0.9324074074074075 0.07636566332218506 0.016666666666666666 0.02564102564102564
9 0.7435185185185186 0.9715719063545151 0.46851851851851856 0.056856187290969896
9 0.2574074074074074 0.9715719063545151 0.4703703703703704 0.056856187290969896
17 0.6111111111111112 0.9041248606465998 0.12962962962962962 0.017837235228539576
17 0.6305555555555555 0.875139353400223 0.1685185185185185 0.020066889632107024
17 0.08981481481481482 0.9057971014492754 0.061111111111111116 0.021181716833890748
17 0.12962962962962962 0.8773690078037903 0.14444444444444446 0.024526198439241916
9 0.7444444444444445 0.8210702341137124 0.4703703703703704 0.221850613154961
9 0.25925925925925924 0.8205128205128205 0.4703703703703704 0.2229654403567447
17 0.10277777777777779 0.6716833890746934 0.09074074074074075 0.021181716833890748
17 0.11481481481481481 0.6421404682274248 0.11111111111111112 0.026755852842809364
9 0.5018518518518519 0.5875139353400223 0.9555555555555556 0.2229654403567447
17 0.14351851851851852 0.4342251950947603 0.17962962962962964 0.0189520624303233
17 0.8611111111111112 0.3372352285395764 0.1925925925925926 0.023411371237458192
17 0.42314814814814816 0.3366778149386845 0.09814814814814815 0.024526198439241916
9 0.575925925925926 0.32998885172798215 0.12962962962962962 0.0713489409141583
9 0.09722222222222222 0.3350055741360089 0.1462962962962963 0.06131549609810479
17 0.887962962962963 0.21794871794871795 0.1388888888888889 0.030100334448160536
17 0.4046296296296297 0.21516164994425863 0.13518518518518519 0.024526198439241916
9 0.5851851851851853 0.20289855072463767 0.14814814814814814 0.08249721293199554
2 0.7444444444444445 0.18896321070234112 0.4703703703703704 0.11036789297658862
9 0.06666666666666667 0.205685618729097 0.08518518518518518 0.07469342251950947
17 0.3472222222222222 0.07803790412486064 0.19074074074074074 0.017837235228539576
17 0.11944444444444445 0.07803790412486064 0.09074074074074075 0.017837235228539576
2 0.2574074074074074 0.18896321070234112 0.4703703703703704 0.11036789297658862
2 0.7435185185185186 0.3110367892976589 0.47222222222222227 0.11148272017837235
2 0.2574074074074074 0.310479375696767 0.4703703703703704 0.11259754738015608
20 0.500925925925926 0.0189520624303233 0.9981481481481482 0.03567447045707915
