8 0.06898148148148149 0.07636566332218506 0.04166666666666667 0.024526198439241916
17 0.2949074074074074 0.3681716833890747 0.31203703703703706 0.017279821627647716
9 0.06851851851851852 0.36677814938684505 0.053703703703703705 0.030100334448160536
17 0.29814814814814816 0.2987736900780379 0.32037037037037036 0.021181716833890748
8 0.06851851851851852 0.29765886287625415 0.0462962962962963 0.026755852842809364
17 0.2935185185185185 0.2249163879598662 0.3092592592592593 0.017279821627647716
8 0.06898148148148149 0.2246376811594203 0.05092592592592593 0.023411371237458192
17 0.36342592592592593 0.0802675585284281 0.3712962962962963 0.028985507246376812
17 0.2555555555555556 0.15301003344481606 0.2351851851851852 0.017279821627647716
8 0.06898148148148149 0.1524526198439242 0.028703703703703703 0.030657748049052396
19 0.500462962962963 0.07692307692307693 0.9990740740740741 0.08249721293199554
20 0.500462962962963 0.018115942028985508 0.9990740740740741 0.03511705685618729
