17 0.21944444444444444 0.07915273132664437 0.35555555555555557 0.0379041248606466
8 0.4708333333333333 0.07859531772575251 0.0638888888888889 0.03678929765886287
17 0.12546296296296297 0.14771460423634336 0.18055555555555555 0.021181716833890748
17 0.09166666666666667 0.20624303232998883 0.11481481481481481 0.021181716833890748
17 0.17222222222222222 0.27480490523968787 0.2814814814814815 0.027870680044593088
17 0.15925925925925927 0.34057971014492755 0.2555555555555556 0.027870680044593088
17 0.21342592592592594 0.4066332218506131 0.36203703703703705 0.027313266443701224
17 0.18935185185185185 0.47240802675585286 0.3101851851851852 0.027313266443701224
17 0.11898148148148148 0.536231884057971 0.17314814814814816 0.022296544035674472
17 0.13657407407407407 0.6020066889632107 0.20462962962962963 0.022296544035674472
17 0.16481481481481483 0.742196209587514 0.2611111111111111 0.01950947603121516
17 0.2925925925925926 0.802675585284281 0.5185185185185185 0.027870680044593088
17 0.29212962962962963 0.8690078037904124 0.5175925925925926 0.026755852842809364
17 0.274537037037037 0.9347826086956521 0.48240740740740745 0.027870680044593088
6 0.3652777777777778 0.5178372352285395 0.7287037037037037 0.9643255295429208
20 0.500462962962963 0.018115942028985508 0.9990740740740741 0.03511705685618729
