17 0.1550925925925926 0.31828316610925306 0.1787037037037037 0.0189520624303233
17 0.15416666666666667 0.23857302118171683 0.18055555555555555 0.017837235228539576
17 0.6087962962962963 0.9712931995540691 0.06018518518518519 0.018394648829431436
17 0.45601851851851855 0.9712931995540691 0.18611111111111112 0.018394648829431436
18 0.2601851851851852 0.6616499442586399 0.46481481481481485 0.07246376811594203
18 0.7412037037037037 0.6616499442586399 0.46574074074074073 0.07246376811594203
17 0.7916666666666667 0.5250836120401338 0.10925925925925926 0.020066889632107024
17 0.4300925925925926 0.5250836120401338 0.5453703703703704 0.021181716833890748
18 0.500462962962963 0.41778149386845037 0.9453703703703704 0.08082497212931995
7 0.500925925925926 0.3177257525083612 0.9462962962962963 0.06800445930880714
7 0.500462962962963 0.23745819397993312 0.9472222222222223 0.06800445930880714
17 0.5 0.13154960981047936 0.3740740740740741 0.042363433667781496
8 0.04861111111111111 0.0794314381270903 0.036111111111111115 0.03511705685618729
17 0.17453703703703705 0.5953177257525083 0.28611111111111115 0.021181716833890748
20 0.500462962962963 0.018115942028985508 0.9990740740740741 0.03511705685618729
