11 0.5 0.5183946488294314 0.9222222222222223 0.6711259754738016
9 0.13703703703703704 0.22630992196209587 0.08148148148148149 0.03567447045707915
17 0.4166666666666667 0.22909698996655517 0.4444444444444445 0.03455964325529543
17 0.3351851851851852 0.3210702341137124 0.4740740740740741 0.031215161649944256
9 0.1462962962962963 0.42028985507246375 0.13703703703703704 0.08249721293199554
7 0.600925925925926 0.44537346711259757 0.6277777777777778 0.03455964325529543
17 0.44907407407407407 0.43924191750278707 0.32037037037037036 0.020066889632107024
8 0.23796296296296296 0.44816053511705684 0.0462962962962963 0.026755852842809364
17 0.8768518518518519 0.48494983277591974 0.09074074074074075 0.017837235228539576
17 0.5361111111111111 0.5440356744704571 0.7203703703703704 0.04013377926421405
5 0.4953703703703704 0.544593088071349 0.8018518518518519 0.04124860646599777
5 0.3805555555555556 0.6204013377926422 0.5722222222222223 0.027870680044593088
17 0.42129629629629634 0.6220735785953178 0.49074074074074076 0.020066889632107024
17 0.49074074074074076 0.7107023411371237 0.825925925925926 0.0903010033444816
17 0.6611111111111111 0.8065774804905239 0.12962962962962962 0.016722408026755852
17 0.8416666666666667 0.8065774804905239 0.12037037037037038 0.016722408026755852
20 0.500925925925926 0.0189520624303233 0.9981481481481482 0.03567447045707915
