17 0.0925925925925926 0.07329988851727982 0.10555555555555556 0.017279821627647716
17 0.16990740740740742 0.1282051282051282 0.25833333333333336 0.0189520624303233
11 0.500462962962963 0.5181159420289855 0.8731481481481482 0.592530657748049
17 0.287962962962963 0.2681159420289855 0.3277777777777778 0.024526198439241916
5 0.31157407407407406 0.33444816053511706 0.3675925925925926 0.030100334448160536
17 0.3680555555555556 0.3366778149386845 0.25462962962962965 0.02564102564102564
5 0.3074074074074074 0.4044035674470457 0.3611111111111111 0.030657748049052396
17 0.36435185185185187 0.4069119286510591 0.24722222222222223 0.02564102564102564
5 0.225 0.47435897435897434 0.1962962962962963 0.030100334448160536
17 0.2833333333333333 0.47491638795986624 0.07962962962962963 0.021181716833890748
5 0.27592592592592596 0.5440356744704571 0.29444444444444445 0.030100334448160536
17 0.33287037037037037 0.5451505016722408 0.18055555555555555 0.021181716833890748
5 0.21944444444444444 0.6148272017837235 0.18333333333333335 0.030100334448160536
17 0.2763888888888889 0.6151059085841695 0.06944444444444445 0.020624303232998884
5 0.26944444444444443 0.6845039018952063 0.2851851851851852 0.030100334448160536
17 0.32731481481481484 0.685340022296544 0.16944444444444445 0.020624303232998884
17 0.813425925925926 0.7731326644370122 0.1287037037037037 0.015607580824972128
20 0.500462962962963 0.018115942028985508 0.9990740740740741 0.03511705685618729
