8 0.11898148148148148 0.12430323299888517 0.15833333333333333 0.0947603121516165
17 0.1398148148148148 0.21432552954292083 0.19814814814814816 0.020624303232998884
17 0.3078703703703704 0.30211817168338906 0.2601851851851852 0.020066889632107024
17 0.32962962962962966 0.3743032329988852 0.3037037037037037 0.023968784838350056
17 0.21574074074074076 0.4701783723522854 0.07592592592592592 0.023968784838350056
17 0.25833333333333336 0.5376254180602007 0.16111111111111112 0.01950947603121516
17 0.24120370370370373 0.6100891861761427 0.12685185185185185 0.023968784838350056
17 0.25601851851851853 0.6780936454849498 0.1564814814814815 0.020624303232998884
17 0.250462962962963 0.7508361204013377 0.14722222222222223 0.024526198439241916
17 0.2601851851851852 0.8913043478260869 0.1685185185185185 0.024526198439241916
17 0.08287037037037037 0.8352842809364548 0.08425925925925926 0.023968784838350056
8 0.07037037037037037 0.8885172798216276 0.037037037037037035 0.022296544035674472
8 0.07037037037037037 0.7474916387959866 0.05185185185185186 0.031215161649944256
8 0.07037037037037037 0.6758639910813824 0.0462962962962963 0.03177257525083612
8 0.06898148148148149 0.6070234113712375 0.05462962962962963 0.027870680044593088
8 0.07037037037037037 0.5365105908584169 0.05 0.029542920847268672
8 0.07037037037037037 0.4668338907469342 0.04814814814814815 0.028428093645484948
8 0.0712962962962963 0.370958751393534 0.03888888888888889 0.022853957636566332
8 0.06898148148148149 0.30211817168338906 0.03981481481481482 0.023411371237458192
6 0.37083333333333335 0.5175585284280937 0.7398148148148148 0.9637681159420289
20 0.500462962962963 0.018115942028985508 0.9990740740740741 0.03511705685618729
