16 0.912962962962963 0.975473801560758 0.08333333333333334 0.032329988851727984
17 0.4189814814814815 0.9910813823857302 0.7564814814814815 0.017837235228539576
17 0.22962962962962963 0.9648829431438127 0.37592592592592594 0.023411371237458192
16 0.913425925925926 0.8681716833890747 0.08240740740740742 0.03288740245261984
17 0.2949074074074074 0.8854515050167224 0.5083333333333333 0.021739130434782608
17 0.2300925925925926 0.8564659977703456 0.3805555555555556 0.023968784838350056
17 0.1638888888888889 0.7998885172798216 0.24629629629629632 0.016722408026755852
17 0.12083333333333333 0.7235228539576366 0.15833333333333333 0.016722408026755852
17 0.19583333333333333 0.6964882943143813 0.31203703703703706 0.022853957636566332
17 0.10138888888888889 0.6156633221850613 0.1175925925925926 0.017279821627647716
17 0.17685185185185187 0.5883500557413601 0.2740740740740741 0.023968784838350056
17 0.11851851851851852 0.507803790412486 0.1574074074074074 0.016722408026755852
17 0.18842592592592594 0.47798216276477146 0.2916666666666667 0.01950947603121516
17 0.3 0.3999442586399108 0.5166666666666667 0.023968784838350056
17 0.0962962962962963 0.31995540691192864 0.10925925925925926 0.016722408026755852
17 0.1726851851851852 0.29041248606465997 0.2657407407407408 0.0189520624303233
17 0.13101851851851853 0.21014492753623187 0.17685185185185187 0.0189520624303233
16 0.8939814814814815 0.20986622073578595 0.08425925925925926 0.03288740245261984
17 0.11435185185185186 0.1552396878483835 0.14907407407407408 0.016164994425863992
17 0.2652777777777778 0.07998885172798216 0.1787037037037037 0.028428093645484948
8 0.06944444444444445 0.07636566332218506 0.040740740740740744 0.024526198439241916
19 0.500462962962963 0.07664437012263099 0.9990740740740741 0.08193979933110368
20 0.500462962962963 0.018115942028985508 0.9990740740740741 0.03511705685618729
