11 0.500925925925926 0.49972129319955405 0.7388888888888889 0.5680044593088072
17 0.2675925925925926 0.2672798216276477 0.1925925925925926 0.030657748049052396
5 0.4828703703703704 0.3609253065774805 0.5805555555555556 0.028428093645484948
17 0.362962962962963 0.36231884057971014 0.34074074074074073 0.02564102564102564
5 0.48240740740740745 0.4537346711259755 0.5833333333333334 0.024526198439241916
17 0.39583333333333337 0.45429208472686733 0.4101851851851852 0.021181716833890748
5 0.4800925925925926 0.548216276477146 0.5768518518518518 0.023968784838350056
17 0.32083333333333336 0.5490523968784838 0.25833333333333336 0.020066889632107024
5 0.48194444444444445 0.6426978818283166 0.5824074074074075 0.024526198439241916
17 0.28240740740740744 0.6429765886287625 0.18333333333333335 0.020624303232998884
5 0.48240740740740745 0.7369007803790413 0.5814814814814815 0.024526198439241916
17 0.3 0.738015607580825 0.21666666666666667 0.021181716833890748
