17 0.2976851851851852 0.15802675585284282 0.21574074074074076 0.03288740245261984
17 0.23055555555555557 0.0794314381270903 0.18703703703703706 0.030657748049052396
8 0.06759259259259259 0.07692307692307693 0.04814814814814815 0.028985507246376812
8 0.8245370370370371 0.07692307692307693 0.058333333333333334 0.03567447045707915
8 0.9402777777777778 0.07720178372352285 0.0712962962962963 0.03288740245261984
8 0.0787037037037037 0.1544035674470457 0.05185185185185186 0.028985507246376812
8 0.07962962962962963 0.22770345596432554 0.0462962962962963 0.020624303232998884
8 0.07824074074074075 0.2996098104793757 0.05092592592592593 0.03177257525083612
17 0.29953703703703705 0.22965440356744704 0.21203703703703705 0.030100334448160536
17 0.31157407407407406 0.3001672240802676 0.22870370370370371 0.02508361204013378
17 0.42638888888888893 0.37597547380156077 0.45833333333333337 0.029542920847268672
17 0.2837962962962963 0.44871794871794873 0.17685185185185187 0.030100334448160536
8 0.07916666666666666 0.37068004459308806 0.04722222222222222 0.031215161649944256
8 0.0787037037037037 0.4450947603121516 0.05 0.030657748049052396
19 0.500462962962963 0.07692307692307693 0.9990740740740741 0.08138238573021181
6 0.35324074074074074 0.5585284280936454 0.7046296296296296 0.8818283166109253
20 0.500462962962963 0.018115942028985508 0.9990740740740741 0.03511705685618729
