13 0.500462962962963 0.9590301003344481 0.062037037037037036 0.013935340022296544
17 0.9171296296296296 0.95958751393534 0.08796296296296297 0.017279821627647716
17 0.07685185185185185 0.959866220735786 0.07407407407407407 0.016722408026755852
9 0.736574074074074 0.7656075808249722 0.45092592592592595 0.3049052396878484
9 0.2657407407407408 0.7564102564102564 0.4518518518518519 0.3232998885172798
8 0.7375 0.3804347826086956 0.11944444444444445 0.05406911928651059
9 0.7356481481481482 0.37931995540691194 0.45092592592592595 0.4074693422519509
9 0.2657407407407408 0.3765328874024526 0.4518518518518519 0.41304347826086957
17 0.5 0.11064659977703456 0.7907407407407407 0.0641025641025641
20 0.500462962962963 0.018115942028985508 0.9990740740740741 0.03511705685618729
