17 0.16898148148148148 0.9420289855072463 0.2638888888888889 0.022296544035674472
17 0.17685185185185187 0.8793199554069119 0.2740740740740741 0.027313266443701224
17 0.425462962962963 0.49609810479375693 0.7768518518518519 0.020066889632107024
17 0.10925925925925926 0.46265328874024525 0.1462962962962963 0.022296544035674472
17 0.40324074074074073 0.4007803790412486 0.7287037037037037 0.024526198439241916
17 0.10092592592592593 0.36789297658862874 0.12407407407407407 0.027870680044593088
17 0.41435185185185186 0.3040691192865106 0.750925925925926 0.023968784838350056
17 0.11296296296296297 0.2672798216276477 0.15185185185185185 0.022853957636566332
16 0.8671296296296297 0.47798216276477146 0.08425925925925926 0.03288740245261984
16 0.8671296296296297 0.3809921962095875 0.08425925925925926 0.03288740245261984
16 0.8671296296296297 0.2831661092530658 0.08425925925925926 0.032329988851727984
17 0.23750000000000002 0.8193979933110368 0.39537037037037037 0.031215161649944256
16 0.8856481481481482 0.6847826086956521 0.08240740740740742 0.03177257525083612
17 0.412962962962963 0.705685618729097 0.75 0.057971014492753624
17 0.25416666666666665 0.6566332218506131 0.4287037037037037 0.027870680044593088
17 0.18981481481481483 0.592809364548495 0.3055555555555556 0.02508361204013378
16 0.8856481481481482 0.1697324414715719 0.08240740740740742 0.03177257525083612
17 0.4203703703703704 0.19007803790412486 0.7648148148148148 0.056856187290969896
17 0.24305555555555555 0.14102564102564102 0.4064814814814815 0.027870680044593088
17 0.4050925925925926 0.08082497212931995 0.513888888888889 0.033444816053511704
8 0.06944444444444445 0.07636566332218506 0.040740740740740744 0.024526198439241916
19 0.500462962962963 0.07664437012263099 0.9990740740740741 0.08193979933110368
20 0.500462962962963 0.018115942028985508 0.9990740740740741 0.03511705685618729
