17 0.24722222222222223 0.8963210702341137 0.3425925925925926 0.021181716833890748
17 0.8138888888888889 0.7968227424749164 0.1277777777777778 0.015050167224080268
8 0.14722222222222223 0.6964882943143813 0.09444444444444444 0.05629877369007804
9 0.14722222222222223 0.6028428093645485 0.08703703703703704 0.0641025641025641
9 0.14675925925925926 0.5089186176142698 0.10462962962962963 0.06354515050167224
9 0.1462962962962963 0.4161092530657748 0.11111111111111112 0.06075808249721293
8 0.1476851851851852 0.32274247491638797 0.1175925925925926 0.07023411371237458
17 0.3476851851851852 0.697324414715719 0.22870370370370371 0.026755852842809364
17 0.5361111111111111 0.6039576365663322 0.6314814814814815 0.026198439241917504
17 0.39583333333333337 0.5100334448160535 0.33240740740740743 0.026755852842809364
17 0.3611111111111111 0.4205685618729097 0.2555555555555556 0.03177257525083612
17 0.34490740740740744 0.32302118171683386 0.22314814814814815 0.02508361204013378
17 0.2569444444444445 0.24777034559643255 0.2657407407407408 0.028428093645484948
11 0.500462962962963 0.5178372352285395 0.8712962962962963 0.6376811594202898
20 0.500462962962963 0.018115942028985508 0.9990740740740741 0.03511705685618729
