17 0.6236111111111111 0.9590301003344481 0.10462962962962963 0.017279821627647716
17 0.9421296296296297 0.07720178372352285 0.075 0.017279821627647716
9 0.5013888888888889 0.23885172798216275 0.3490740740740741 0.05518394648829431
17 0.500462962962963 0.3982720178372352 0.2101851851851852 0.022853957636566332
18 0.5 0.4802118171683389 0.7296296296296296 0.07079152731326645
18 0.5 0.5741360089186176 0.7314814814814815 0.07246376811594203
17 0.500462962962963 0.7293756967670011 0.036111111111111115 0.017279821627647716
18 0.500462962962963 0.7890189520624303 0.7305555555555556 0.07079152731326645
17 0.3925925925925926 0.9604236343366778 0.29814814814814816 0.022296544035674472
20 0.500462962962963 0.018115942028985508 0.9990740740740741 0.03511705685618729
