17 0.3458333333333333 0.0794314381270903 0.2064814814814815 0.021739130434782608
17 0.6597222222222222 0.8801560758082497 0.5064814814814815 0.07357859531772575
17 0.6652777777777779 0.7474916387959866 0.5194444444444445 0.07803790412486064
17 0.4935185185185185 0.5944816053511706 0.8518518518518519 0.09866220735785954
9 0.2013888888888889 0.8731884057971014 0.3527777777777778 0.1064659977703456
9 0.2013888888888889 0.7444258639910813 0.3509259259259259 0.11984392419175027
9 0.5013888888888889 0.32748049052396877 0.9472222222222223 0.375139353400223
9 0.2 0.08110367892976589 0.05 0.030657748049052396
9 0.9324074074074075 0.08054626532887402 0.06481481481481481 0.03511705685618729
9 0.8055555555555556 0.08138238573021181 0.07962962962962963 0.04793756967670011
8 0.06898148148148149 0.08054626532887402 0.04722222222222222 0.020624303232998884
2 0.500925925925926 0.40412486064659975 0.9481481481481482 0.5295429208472686
2 0.500462962962963 0.8737458193979933 0.950925925925926 0.10758082497212931
2 0.500925925925926 0.7444258639910813 0.9500000000000001 0.11984392419175027
19 0.500462962962963 0.08110367892976589 0.9990740740740741 0.08193979933110368
20 0.500462962962963 0.018115942028985508 0.9990740740740741 0.03511705685618729
