9 0.34074074074074073 0.12068004459308806 0.6351851851851852 0.07413600891861762
18 0.34120370370370373 0.21989966555183946 0.6324074074074074 0.05964325529542921
17 0.21851851851851853 0.3115942028985507 0.08518518518518518 0.017837235228539576
17 0.24027777777777778 0.38322185061315495 0.12685185185185185 0.021739130434782608
17 0.3023148148148148 0.4537346711259755 0.25277777777777777 0.023411371237458192
17 0.2518518518518519 0.5234113712374582 0.1537037037037037 0.022296544035674472
17 0.22268518518518518 0.5936454849498327 0.09351851851851853 0.022296544035674472
17 0.11111111111111112 0.6870122630992196 0.1462962962962963 0.017279821627647716
17 0.075 0.7589186176142698 0.07037037037037037 0.020624303232998884
17 0.1388888888888889 0.8274804905239688 0.2 0.017279821627647716
17 0.09444444444444444 0.8977146042363433 0.10925925925925926 0.017279821627647716
8 0.40925925925925927 0.6867335562987736 0.07962962962962963 0.04793756967670011
8 0.5060185185185185 0.6867335562987736 0.0787037037037037 0.04013377926421405
9 0.6027777777777777 0.6864548494983278 0.07962962962962963 0.048494983277591976
9 0.06851851851851852 0.5914158305462653 0.0462962962962963 0.027870680044593088
8 0.06898148148148149 0.5209030100334449 0.04166666666666667 0.02508361204013378
9 0.06898148148148149 0.4512263099219621 0.05277777777777778 0.01950947603121516
8 0.06898148148148149 0.38071348940914157 0.04537037037037037 0.016722408026755852
9 0.06898148148148149 0.310479375696767 0.05092592592592593 0.024526198439241916
6 0.34074074074074073 0.5178372352285395 0.6796296296296297 0.9643255295429208
20 0.500462962962963 0.018115942028985508 0.9990740740740741 0.03511705685618729
