8 0.06851851851851852 0.07357859531772575 0.040740740740740744 0.023411371237458192
17 0.3453703703703704 0.07692307692307693 0.3944444444444445 0.028985507246376812
7 0.5 0.447603121516165 0.9037037037037038 0.03455964325529543
17 0.10370370370370371 0.44091415830546266 0.10370370370370371 0.021181716833890748
7 0.500925925925926 0.5688405797101449 0.9037037037037038 0.03511705685618729
17 0.15555555555555556 0.5627090301003345 0.20555555555555557 0.021739130434782608
5 0.5092592592592593 0.620958751393534 0.29444444444444445 0.024526198439241916
17 0.538425925925926 0.6198439241917503 0.23611111111111113 0.015607580824972128
18 0.500462962962963 0.6931438127090301 0.9398148148148149 0.08082497212931995
17 0.500925925925926 0.7519509476031215 0.7685185185185186 0.014492753623188406
17 0.5 0.8586956521739131 0.23703703703703705 0.015050167224080268
18 0.1675925925925926 0.9358974358974359 0.27592592592592596 0.06465997770345597
18 0.500462962962963 0.9358974358974359 0.275 0.06465997770345597
18 0.8337962962962964 0.93561872909699 0.275 0.0641025641025641
20 0.500462962962963 0.018115942028985508 0.9990740740740741 0.03511705685618729
