17 0.3680555555555556 0.5052954292084727 0.2064814814814815 0.021739130434782608
17 0.32175925925925924 0.4439799331103679 0.10277777777777779 0.021739130434782608
17 0.500925925925926 0.2778706800445931 0.3111111111111111 0.037346711259754736
8 0.7967592592592593 0.5044593088071349 0.03981481481481482 0.015607580824972128
8 0.20185185185185187 0.5041806020066889 0.037037037037037035 0.02508361204013378
8 0.20416666666666666 0.4428651059085842 0.03981481481481482 0.018394648829431436
8 0.9337962962962963 0.07413600891861762 0.06018518518518519 0.033444816053511704
9 0.4981481481481482 0.19704570791527312 0.17777777777777778 0.08082497212931995
17 0.5018518518518519 0.36845039018952064 0.34074074074074073 0.026755852842809364
7 0.5 0.44342251950947603 0.6814814814814815 0.06298773690078038
7 0.5 0.5041806020066889 0.6814814814814815 0.06298773690078038
18 0.500462962962963 0.580546265328874 0.6824074074074075 0.06298773690078038
17 0.500462962962963 0.6493868450390189 0.3509259259259259 0.021181716833890748
17 0.500925925925926 0.7210144927536232 0.03888888888888889 0.015050167224080268
17 0.5013888888888889 0.8664994425863991 0.4861111111111111 0.021739130434782608
18 0.6773148148148148 0.7976588628762542 0.3287037037037037 0.06243032329988851
18 0.32453703703703707 0.7976588628762542 0.3287037037037037 0.06131549609810479
0 0.500462962962963 0.5178372352285395 0.9990740740740741 0.9643255295429208
20 0.500462962962963 0.018115942028985508 0.9990740740740741 0.03511705685618729
