17 0.22777777777777777 0.4604236343366778 0.3148148148148148 0.0189520624303233
17 0.15416666666666667 0.382943143812709 0.1675925925925926 0.0189520624303233
17 0.3990740740740741 0.30462653288740243 0.2574074074074074 0.01950947603121516
17 0.09166666666666667 0.30211817168338906 0.03888888888888889 0.020066889632107024
17 0.11666666666666667 0.22630992196209587 0.0925925925925926 0.0189520624303233
8 0.20046296296296298 0.3049052396878484 0.028703703703703703 0.008918617614269788
8 0.06898148148148149 0.07664437012263099 0.04166666666666667 0.02508361204013378
17 0.3143518518518519 0.07748049052396878 0.33425925925925926 0.024526198439241916
8 0.9462962962962963 0.07692307692307693 0.012962962962962964 0.02564102564102564
7 0.500462962962963 0.23216276477146042 0.8657407407407408 0.03177257525083612
7 0.600462962962963 0.310479375696767 0.6657407407407407 0.031215161649944256
7 0.10694444444444445 0.3085284280936455 0.07314814814814816 0.03288740245261984
7 0.5 0.38851727982162765 0.8648148148148148 0.031215161649944256
7 0.500462962962963 0.46627647714604237 0.8657407407407408 0.03177257525083612
18 0.500462962962963 0.6293199554069119 0.7305555555555556 0.059085841694537344
20 0.500462962962963 0.018115942028985508 0.9990740740740741 0.03511705685618729
