8 0.500462962962963 0.08528428093645485 0.05092592592592593 0.06020066889632107
17 0.5018518518518519 0.1605351170568562 0.3611111111111111 0.032329988851727984
17 0.4305555555555556 0.22742474916387959 0.3944444444444445 0.024526198439241916
17 0.5745370370370371 0.26672240802675584 0.6842592592592592 0.026198439241917504
17 0.40601851851851856 0.33054626532887404 0.3472222222222222 0.02564102564102564
17 0.4981481481481482 0.3701226309921962 0.5314814814814816 0.028985507246376812
17 0.39583333333333337 0.4342251950947603 0.325 0.02564102564102564
17 0.4310185185185185 0.47324414715719065 0.39722222222222225 0.028985507246376812
9 0.17037037037037037 0.24219620958751392 0.09444444444444444 0.07413600891861762
9 0.17083333333333334 0.3458751393534002 0.09351851851851853 0.07413600891861762
9 0.1712962962962963 0.4506688963210702 0.0925925925925926 0.07413600891861762
17 0.4986111111111111 0.7959866220735786 0.7675925925925926 0.05128205128205128
13 0.49444444444444446 0.9531772575250836 0.11851851851851852 0.016722408026755852
20 0.500462962962963 0.018115942028985508 0.9990740740740741 0.03511705685618729
