8 0.6319444444444444 0.06521739130434782 0.04166666666666667 0.02564102564102564
8 0.33981481481481485 0.14938684503901895 0.1814814814814815 0.10813823857302118
17 0.3402777777777778 0.22881828316610925 0.2601851851851852 0.028428093645484948
17 0.14120370370370372 0.302396878483835 0.20277777777777778 0.018394648829431436
17 0.25416666666666665 0.3745819397993311 0.15833333333333333 0.021181716833890748
17 0.07916666666666666 0.45791527313266445 0.0787037037037037 0.021739130434782608
17 0.3060185185185185 0.528149386845039 0.26203703703703707 0.021739130434782608
17 0.09814814814814815 0.6103678929765887 0.11851851851851852 0.017837235228539576
17 0.3148148148148148 0.6800445930880713 0.2796296296296296 0.017837235228539576
17 0.3162037037037037 0.749721293199554 0.28425925925925927 0.0189520624303233
17 0.075 0.8338907469342252 0.07037037037037037 0.016722408026755852
17 0.22314814814814815 0.9060758082497212 0.09444444444444444 0.021739130434782608
17 0.274537037037037 0.9738015607580824 0.19722222222222224 0.017837235228539576
8 0.06898148148148149 0.9735228539576366 0.05092592592592593 0.030657748049052396
8 0.06944444444444445 0.903288740245262 0.04259259259259259 0.02508361204013378
8 0.06944444444444445 0.750278706800446 0.05740740740740741 0.032329988851727984
8 0.06851851851851852 0.6789297658862876 0.05 0.026755852842809364
9 0.06898148148148149 0.5259197324414716 0.04722222222222222 0.02508361204013378
8 0.06898148148148149 0.3720735785953177 0.04722222222222222 0.028428093645484948
6 0.34074074074074073 0.5175585284280937 0.6796296296296297 0.9637681159420289
20 0.500462962962963 0.018115942028985508 0.9990740740740741 0.03511705685618729
