17 0.24861111111111112 0.19509476031215162 0.41574074074074074 0.03678929765886287
17 0.24629629629629632 0.2962653288740245 0.14074074074074075 0.018394648829431436
17 0.250462962962963 0.36677814938684505 0.15092592592592594 0.017837235228539576
17 0.22685185185185186 0.4367335562987737 0.10185185185185186 0.018394648829431436
17 0.2569444444444445 0.5069676700111483 0.16203703703703703 0.018394648829431436
17 0.23842592592592593 0.5794314381270903 0.12685185185185185 0.021739130434782608
17 0.22222222222222224 0.6474358974358975 0.09444444444444444 0.018394648829431436
17 0.28101851851851856 0.7447045707915273 0.2101851851851852 0.022296544035674472
17 0.32962962962962966 0.8149386845039018 0.3074074074074074 0.022296544035674472
8 0.06759259259259259 0.8121516164994426 0.0462962962962963 0.031215161649944256
8 0.06805555555555556 0.741917502787068 0.04722222222222222 0.031215161649944256
8 0.06851851851851852 0.6468784838350056 0.05185185185185186 0.03177257525083612
8 0.06898148148148149 0.576644370122631 0.05092592592592593 0.03177257525083612
8 0.06805555555555556 0.5064102564102564 0.05092592592592593 0.02508361204013378
8 0.06851851851851852 0.4361761426978818 0.0462962962962963 0.028428093645484948
8 0.06851851851851852 0.36594202898550726 0.044444444444444446 0.020624303232998884
8 0.06898148148148149 0.29598662207357856 0.04722222222222222 0.031215161649944256
6 0.34074074074074073 0.5181159420289855 0.6796296296296297 0.9637681159420289
20 0.500462962962963 0.018115942028985508 0.9990740740740741 0.03511705685618729
