17 0.500925925925926 0.1335005574136009 0.7666666666666667 0.07525083612040134
17 0.37777777777777777 0.9874581939799331 0.08333333333333334 0.018394648829431436
8 0.3800925925925926 0.9423076923076923 0.0712962962962963 0.04180602006688963
17 0.8717592592592593 0.9860646599777034 0.04166666666666667 0.014492753623188406
17 0.625462962962963 0.987736900780379 0.11018518518518519 0.0189520624303233
17 0.12916666666666668 0.9855072463768115 0.08611111111111111 0.015607580824972128
8 0.8722222222222222 0.9450947603121516 0.05 0.03177257525083612
8 0.6236111111111111 0.9445373467112598 0.062037037037037036 0.037346711259754736
9 0.1287037037037037 0.9445373467112598 0.06666666666666667 0.038461538461538464
17 0.7351851851851852 0.8068561872909699 0.22962962962962963 0.02508361204013378
17 0.2833333333333333 0.8068561872909699 0.26481481481481484 0.02508361204013378
9 0.7347222222222223 0.6794871794871795 0.20277777777777778 0.1616499442586399
9 0.2833333333333333 0.6789297658862876 0.22962962962962963 0.15830546265328874
17 0.1439814814814815 0.03567447045707915 0.23611111111111113 0.030100334448160536
8 0.8314814814814815 0.033166109253065776 0.05185185185185186 0.03511705685618729
9 0.924537037037037 0.03706800445930881 0.05462962962962963 0.028428093645484948
8 0.7287037037037037 0.03372352285395763 0.05555555555555556 0.03511705685618729
9 0.49953703703703706 0.3258082497212932 0.8916666666666667 0.27480490523968787
