17 0.9143518518518519 0.1064659977703456 0.08055555555555556 0.021181716833890748
17 0.7356481481481482 0.10618729096989966 0.08425925925925926 0.021739130434782608
17 0.5342592592592593 0.1064659977703456 0.1685185185185185 0.022296544035674472
17 0.2939814814814815 0.10674470457079152 0.18611111111111112 0.020624303232998884
17 0.08055555555555556 0.10618729096989966 0.08518518518518518 0.021739130434782608
9 0.12731481481481483 0.9941471571906354 0.18055555555555555 0.011705685618729096
17 0.47500000000000003 0.882943143812709 0.43333333333333335 0.024526198439241916
16 0.8768518518518519 0.8793199554069119 0.12037037037037038 0.04292084726867335
9 0.12916666666666668 0.8790412486064659 0.18425925925925926 0.1092530657748049
17 0.47500000000000003 0.7190635451505016 0.43333333333333335 0.024526198439241916
16 0.8763888888888889 0.7148829431438127 0.1212962962962963 0.04292084726867335
9 0.1287037037037037 0.7143255295429208 0.18333333333333335 0.10981047937569677
17 0.475462962962963 0.5551839464882943 0.4324074074074074 0.024526198439241916
16 0.875462962962963 0.5507246376811594 0.1212962962962963 0.043478260869565216
9 0.1337962962962963 0.552396878483835 0.16574074074074074 0.10590858416945373
17 0.475462962962963 0.391025641025641 0.4324074074074074 0.023968784838350056
16 0.8763888888888889 0.3862876254180602 0.1212962962962963 0.043478260869565216
9 0.12222222222222223 0.38545150501672243 0.17037037037037037 0.1109253065774805
17 0.475462962962963 0.2265886287625418 0.4324074074074074 0.023968784838350056
16 0.875462962962963 0.2221293199554069 0.1212962962962963 0.04403567447045708
9 0.12916666666666668 0.22157190635451504 0.1824074074074074 0.1109253065774805
17 0.500462962962963 0.039576365663322184 0.30092592592592593 0.030100334448160536
8 0.05601851851851852 0.035395763656633224 0.030555555555555558 0.030657748049052396
