9 0.500462962962963 0.835005574136009 0.9990740740740741 0.32998885172798215
18 0.500925925925926 0.5593645484949833 0.9148148148148149 0.06521739130434782
18 0.500462962962963 0.46265328874024525 0.913888888888889 0.06577480490523968
17 0.7268518518518519 0.6555183946488294 0.11851851851851852 0.023411371237458192
17 0.4393518518518519 0.6552396878483835 0.40092592592592596 0.023968784838350056
17 0.5013888888888889 0.3419732441471572 0.3472222222222222 0.026198439241917504
17 0.5013888888888889 0.29375696767001114 0.2935185185185185 0.027870680044593088
17 0.5013888888888889 0.2438684503901895 0.6083333333333334 0.021739130434782608
17 0.49953703703703706 0.1443701226309922 0.31203703703703706 0.044593088071348944
8 0.9166666666666667 0.049888517279821624 0.04259259259259259 0.026198439241917504
0 0.500462962962963 0.500278706800446 0.9990740740740741 0.9994425863991081
