11 0.500925925925926 0.5175585284280937 0.7000000000000001 0.9180602006688963
8 0.06805555555555556 0.07636566332218506 0.04166666666666667 0.024526198439241916
17 0.39537037037037037 0.10813823857302118 0.3703703703703704 0.028985507246376812
5 0.46435185185185185 0.17084726867335562 0.5027777777777778 0.029542920847268672
17 0.5222222222222223 0.17112597547380157 0.38703703703703707 0.022296544035674472
5 0.3194444444444445 0.24136008918617613 0.21296296296296297 0.030100334448160536
17 0.3768518518518519 0.24219620958751392 0.09814814814814815 0.020624303232998884
5 0.38703703703703707 0.3115942028985507 0.34814814814814815 0.030100334448160536
17 0.44351851851851853 0.31187290969899667 0.2351851851851852 0.021739130434782608
5 0.39583333333333337 0.3818283166109253 0.36574074074074076 0.030100334448160536
17 0.45231481481481484 0.3818283166109253 0.25277777777777777 0.021181716833890748
17 0.5421296296296296 0.45484949832775917 0.4342592592592593 0.056856187290969896
5 0.48750000000000004 0.4551282051282051 0.549074074074074 0.05852842809364548
5 0.32592592592592595 0.5228539576365663 0.22592592592592595 0.031215161649944256
17 0.3819444444444445 0.5256410256410257 0.11388888888888889 0.02564102564102564
5 0.337037037037037 0.592530657748049 0.24814814814814815 0.030100334448160536
17 0.3944444444444445 0.592530657748049 0.13333333333333333 0.021181716833890748
5 0.41620370370370374 0.6627647714604237 0.4064814814814815 0.031215161649944256
17 0.4740740740740741 0.664994425863991 0.29074074074074074 0.026755852842809364
5 0.48888888888888893 0.7329988851727982 0.5518518518518519 0.031215161649944256
17 0.5467592592592593 0.7355072463768115 0.4361111111111111 0.026198439241917504
5 0.31712962962962965 0.802675585284281 0.20833333333333334 0.030100334448160536
17 0.37453703703703706 0.8035117056856187 0.09351851851851853 0.020624303232998884
5 0.3976851851851852 0.8729096989966555 0.36944444444444446 0.030100334448160536
17 0.4550925925925926 0.8731884057971014 0.25462962962962965 0.021739130434782608
17 0.5717592592592593 0.9361761426978819 0.1287037037037037 0.016164994425863992
17 0.7439814814814815 0.9361761426978819 0.04537037037037037 0.016164994425863992
20 0.500462962962963 0.018115942028985508 0.9990740740740741 0.03511705685618729
