20 0.500925925925926 0.0189520624303233 0.9981481481481482 0.03567447045707915
17 0.2601851851851852 0.0947603121516165 0.11666666666666667 0.05351170568561873
9 0.6037037037037037 0.09866220735785954 0.3888888888888889 0.05239687848383501
17 0.4935185185185185 0.16666666666666666 0.8685185185185186 0.05016722408026756
17 0.23981481481481481 0.2670011148272018 0.19814814814814816 0.021181716833890748
17 0.22870370370370371 0.33277591973244147 0.17592592592592593 0.021181716833890748
18 0.5 0.4297658862876254 0.7814814814814816 0.07469342251950947
5 0.4962962962962963 0.49442586399108135 0.3111111111111111 0.030100334448160536
17 0.5333333333333333 0.49331103678929766 0.23703703703703705 0.0189520624303233
17 0.500925925925926 0.6538461538461539 0.28703703703703703 0.02564102564102564
17 0.500925925925926 0.7045707915273133 0.26851851851851855 0.024526198439241916
17 0.5018518518518519 0.7552954292084727 0.3592592592592593 0.023411371237458192
17 0.500925925925926 0.9386845039018952 0.8574074074074074 0.0758082497212932
7 0.5018518518518519 0.2670011148272018 0.7814814814814816 0.07246376811594203
7 0.500925925925926 0.3366778149386845 0.7796296296296297 0.0713489409141583
0 0.500925925925926 0.5183946488294314 0.9981481481481482 0.9632107023411371
