9 0.500462962962963 0.08695652173913043 0.27870370370370373 0.033444816053511704
17 0.5018518518518519 0.15301003344481606 0.5296296296296297 0.051839464882943144
18 0.500462962962963 0.23244147157190634 0.7101851851851853 0.05351170568561873
17 0.500925925925926 0.30908584169453734 0.03888888888888889 0.015050167224080268
18 0.500925925925926 0.38071348940914157 0.7092592592592593 0.05351170568561873
18 0.500462962962963 0.4512263099219621 0.7101851851851853 0.05406911928651059
18 0.500462962962963 0.5211817168338907 0.7101851851851853 0.05351170568561873
18 0.5 0.592809364548495 0.7092592592592593 0.05629877369007804
18 0.5 0.6613712374581939 0.7111111111111111 0.05406911928651059
17 0.500462962962963 0.9648829431438127 0.47685185185185186 0.0189520624303233
20 0.500462962962963 0.018115942028985508 0.9990740740740741 0.03511705685618729
