8 0.8347222222222223 0.6151059085841695 0.23796296296296296 0.02508361204013378
8 0.16620370370370371 0.6162207357859532 0.04537037037037037 0.027313266443701224
17 0.12962962962962962 0.564659977703456 0.19814814814814816 0.015607580824972128
8 0.06898148148148149 0.07664437012263099 0.04166666666666667 0.02508361204013378
17 0.24953703703703706 0.9765886287625418 0.1787037037037037 0.033444816053511704
17 0.24861111111111112 0.9339464882943144 0.1212962962962963 0.01282051282051282
18 0.750925925925926 0.9590301003344481 0.47962962962962963 0.07079152731326645
17 0.8708333333333333 0.838628762541806 0.13611111111111113 0.02508361204013378
17 0.900462962962963 0.8065774804905239 0.0787037037037037 0.020066889632107024
17 0.47361111111111115 0.7761984392419174 0.8212962962962963 0.023968784838350056
2 0.5013888888888889 0.8032329988851727 0.9546296296296297 0.14827201783723523
17 0.8342592592592593 0.6697324414715718 0.044444444444444446 0.02508361204013378
17 0.5018518518518519 0.6700111482720178 0.23148148148148148 0.023411371237458192
17 0.1675925925925926 0.6700111482720178 0.21851851851851853 0.05016722408026756
8 0.500925925925926 0.6162207357859532 0.044444444444444446 0.027313266443701224
17 0.4708333333333333 0.46739130434782605 0.8805555555555555 0.14771460423634336
8 0.9365740740740741 0.07692307692307693 0.04722222222222222 0.031215161649944256
17 0.29953703703703705 0.07720178372352285 0.32685185185185184 0.02508361204013378
9 0.500462962962963 0.20234113712374582 0.9990740740740741 0.3333333333333333
20 0.500462962962963 0.018115942028985508 0.9990740740740741 0.03511705685618729
