17 0.16574074074074074 0.7965440356744704 0.17222222222222222 0.021181716833890748
17 0.1277777777777778 0.738015607580825 0.0962962962962963 0.020066889632107024
17 0.500925925925926 0.10869565217391304 0.17222222222222222 0.03455964325529543
18 0.5 0.6220735785953178 0.862962962962963 0.0713489409141583
17 0.5018518518518519 0.689520624303233 0.044444444444444446 0.021181716833890748
7 0.500925925925926 0.7424749163879598 0.8462962962962963 0.031215161649944256
7 0.500925925925926 0.8032329988851727 0.8462962962962963 0.03455964325529543
17 0.5018518518518519 0.855072463768116 0.22222222222222224 0.022296544035674472
18 0.500925925925926 0.9119286510590858 0.8648148148148148 0.0713489409141583
2 0.500925925925926 0.7731326644370122 0.9240740740740742 0.4091415830546265
0 0.500925925925926 0.5183946488294314 0.9981481481481482 0.9632107023411371
20 0.500925925925926 0.0189520624303233 0.9981481481481482 0.03567447045707915
