17 0.21064814814814817 0.29375696767001114 0.20833333333333334 0.024526198439241916
17 0.16481481481481483 0.19509476031215162 0.11666666666666667 0.024526198439241916
8 0.8689814814814815 0.2940356744704571 0.05277777777777778 0.018394648829431436
18 0.500462962962963 0.9707357859531772 0.9990740740740741 0.05852842809364548
17 0.500925925925926 0.9057971014492754 0.42592592592592593 0.042363433667781496
18 0.500462962962963 0.5705128205128205 0.7083333333333334 0.07302118171683389
8 0.025 0.07357859531772575 0.014814814814814815 0.022296544035674472
18 0.500925925925926 0.41109253065774803 0.7092592592592593 0.07302118171683389
7 0.500925925925926 0.2934782608695652 0.8537037037037037 0.07525083612040134
7 0.5 0.19453734671125975 0.8537037037037037 0.0758082497212932
17 0.1212962962962963 0.07692307692307693 0.14074074074074075 0.02564102564102564
19 0.500462962962963 0.07385730211817168 0.9990740740740741 0.07636566332218506
20 0.500462962962963 0.018115942028985508 0.9990740740740741 0.03511705685618729
