17 0.16111111111111112 0.49498327759197325 0.15925925925925927 0.0189520624303233
17 0.125 0.41332218506131546 0.08703703703703704 0.018394648829431436
17 0.12916666666666668 0.3319397993311037 0.09722222222222222 0.018394648829431436
8 0.9157407407407407 0.49665551839464883 0.053703703703703705 0.024526198439241916
17 0.9162037037037037 0.07915273132664437 0.08981481481481482 0.024526198439241916
8 0.06898148148148149 0.07692307692307693 0.04166666666666667 0.024526198439241916
17 0.2476851851851852 0.07831661092530658 0.2212962962962963 0.026198439241917504
18 0.500462962962963 0.17028985507246377 0.9231481481481482 0.05964325529542921
7 0.500462962962963 0.3330546265328874 0.9231481481481482 0.05964325529542921
7 0.500462962962963 0.4149944258639911 0.9231481481481482 0.05964325529542921
7 0.500462962962963 0.4969342251950947 0.9231481481481482 0.05964325529542921
18 0.500462962962963 0.5788740245261984 0.9231481481481482 0.05964325529542921
20 0.500462962962963 0.018115942028985508 0.9990740740740741 0.03511705685618729
