17 0.500462962962963 0.43088071348940915 0.375 0.059085841694537344
9 0.500925925925926 0.3377926421404682 0.5351851851851852 0.06688963210702341
13 0.4986111111111111 0.7310479375696767 0.1564814814814815 0.01282051282051282
18 0.500462962962963 0.7957079152731327 0.9231481481481482 0.07079152731326645
17 0.7569444444444444 0.9540133779264214 0.11018518518518519 0.01950947603121516
17 0.28703703703703703 0.9540133779264214 0.37962962962962965 0.018394648829431436
18 0.28611111111111115 0.8773690078037903 0.49444444444444446 0.0713489409141583
18 0.7564814814814815 0.8770903010033445 0.41111111111111115 0.07190635451505016
0 0.500462962962963 0.5178372352285395 0.9990740740740741 0.9643255295429208
20 0.500462962962963 0.018115942028985508 0.9990740740740741 0.03511705685618729
