9 0.5162037037037037 0.4640468227424749 0.6138888888888889 0.37402452619843923
17 0.5013888888888889 0.7488851727982163 0.5416666666666667 0.03288740245261984
17 0.5013888888888889 0.8054626532887402 0.8083333333333333 0.043478260869565216
13 0.4939814814814815 0.9306020066889632 0.13796296296296298 0.017279821627647716
17 0.8518518518518519 0.9317168338907469 0.07592592592592592 0.020624303232998884
17 0.9222222222222223 0.07915273132664437 0.07962962962962963 0.026755852842809364
17 0.2300925925925926 0.07748049052396878 0.20277777777777778 0.023411371237458192
9 0.07824074074074075 0.07608695652173914 0.07685185185185185 0.036231884057971016
19 0.500462962962963 0.07497212931995541 0.9990740740740741 0.08528428093645485
20 0.500462962962963 0.01644370122630992 0.9990740740740741 0.03177257525083612
