11 0.5 0.5178372352285395 0.7000000000000001 0.9175027870680045
17 0.32546296296296295 0.10953177257525083 0.23240740740740742 0.026198439241917504
5 0.3402777777777778 0.16750278706800445 0.25462962962962965 0.03400222965440357
17 0.39814814814814814 0.16945373467112598 0.1388888888888889 0.030100334448160536
5 0.37962962962962965 0.23578595317725753 0.33333333333333337 0.030100334448160536
17 0.43703703703703706 0.23662207357859533 0.21851851851851853 0.022853957636566332
5 0.3699074074074074 0.3060200668896321 0.3138888888888889 0.030100334448160536
17 0.4277777777777778 0.3068561872909699 0.19814814814814816 0.022853957636566332
5 0.39861111111111114 0.37792642140468224 0.3731481481481482 0.033444816053511704
17 0.4569444444444445 0.37959866220735783 0.2564814814814815 0.030100334448160536
5 0.34444444444444444 0.44620958751393536 0.26481481481481484 0.030657748049052396
17 0.4027777777777778 0.4467670011148272 0.14814814814814814 0.023968784838350056
5 0.337037037037037 0.5167224080267558 0.24814814814814815 0.030100334448160536
17 0.39490740740740743 0.5170011148272018 0.13240740740740742 0.023968784838350056
5 0.35833333333333334 0.5883500557413601 0.29074074074074074 0.03400222965440357
17 0.41620370370370374 0.5908584169453734 0.17500000000000002 0.028985507246376812
5 0.3592592592592593 0.657190635451505 0.2925925925925926 0.030100334448160536
17 0.41712962962962963 0.6577480490523969 0.17685185185185187 0.023411371237458192
5 0.33935185185185185 0.7271460423634336 0.25277777777777777 0.030657748049052396
17 0.39722222222222225 0.7277034559643255 0.13703703703703704 0.023968784838350056
5 0.3574074074074074 0.7993311036789298 0.2888888888888889 0.033444816053511704
17 0.4152777777777778 0.8010033444816054 0.17314814814814816 0.030100334448160536
5 0.3726851851851852 0.8678929765886287 0.3194444444444445 0.030100334448160536
17 0.4305555555555556 0.8681716833890747 0.20370370370370372 0.023968784838350056
17 0.7444444444444445 0.9364548494983277 0.05 0.017837235228539576
17 0.5625 0.9364548494983277 0.14537037037037037 0.016722408026755852
20 0.500462962962963 0.018115942028985508 0.9990740740740741 0.03511705685618729
