17 0.4240740740740741 0.6120401337792643 0.12962962962962962 0.017837235228539576
17 0.41944444444444445 0.5465440356744704 0.12962962962962962 0.018394648829431436
18 0.500925925925926 0.9517837235228539 0.5166666666666667 0.07525083612040134
8 0.8435185185185186 0.07636566332218506 0.05185185185185186 0.033444816053511704
8 0.9462962962962963 0.07720178372352285 0.012962962962962964 0.02508361204013378
17 0.8328703703703704 0.1535674470457079 0.2138888888888889 0.018394648829431436
17 0.5 0.15328874024526198 0.12222222222222223 0.016722408026755852
17 0.1675925925925926 0.15551839464882944 0.09444444444444444 0.020066889632107024
17 0.2726851851851852 0.09420289855072464 0.1953703703703704 0.013377926421404682
17 0.32407407407407407 0.06633221850613155 0.29074074074074074 0.020066889632107024
8 0.06805555555555556 0.07720178372352285 0.09907407407407408 0.05964325529542921
8 0.5615740740740741 0.6911928651059086 0.02314814814814815 0.006688963210702341
17 0.8291666666666667 0.794314381270903 0.07314814814814816 0.015607580824972128
17 0.4412037037037037 0.6917502787068004 0.08055555555555556 0.020066889632107024
17 0.2833333333333333 0.6134336677814939 0.07962962962962963 0.015050167224080268
17 0.2814814814814815 0.5454292084726867 0.06851851851851852 0.01950947603121516
7 0.5537037037037037 0.6190078037904124 0.3962962962962963 0.03177257525083612
7 0.5486111111111112 0.552396878483835 0.39537037037037037 0.028985507246376812
17 0.5 0.39241917502787066 0.7925925925925926 0.14827201783723523
17 0.31203703703703706 0.24804905239687847 0.3740740740740741 0.022296544035674472
11 0.500925925925926 0.5178372352285395 0.8722222222222222 0.633221850613155
20 0.500462962962963 0.018115942028985508 0.9990740740740741 0.03511705685618729
