18 0.2351851851851852 0.7876254180602007 0.4444444444444445 0.056856187290969896
17 0.500925925925926 0.7909698996655519 0.04259259259259259 0.0189520624303233
18 0.7666666666666667 0.7876254180602007 0.4444444444444445 0.056856187290969896
17 0.5018518518518519 0.8433667781493869 0.6 0.027870680044593088
17 0.500925925925926 0.9057971014492754 0.9277777777777778 0.07023411371237458
13 0.5 0.9710144927536232 0.22222222222222224 0.017837235228539576
17 0.9194444444444445 0.9698996655518395 0.08333333333333334 0.028985507246376812
9 0.22870370370370371 0.3857302118171683 0.4537037037037037 0.39018952062430323
9 0.775 0.3862876254180602 0.45 0.391304347826087
20 0.500925925925926 0.0189520624303233 0.9981481481481482 0.03567447045707915
