8 0.9453703703703704 0.07692307692307693 0.012962962962962964 0.024526198439241916
8 0.8435185185185186 0.07692307692307693 0.061111111111111116 0.0379041248606466
8 0.7277777777777779 0.07748049052396878 0.05925925925925926 0.03678929765886287
17 0.287962962962963 0.08361204013377926 0.22777777777777777 0.020066889632107024
17 0.2796296296296296 0.15496098104793757 0.2111111111111111 0.024526198439241916
17 0.27037037037037037 0.22352285395763657 0.18888888888888888 0.021181716833890748
17 0.32407407407407407 0.2954292084726867 0.3 0.024526198439241916
17 0.2675925925925926 0.36399108138238573 0.18333333333333335 0.021181716833890748
17 0.37222222222222223 0.43478260869565216 0.3962962962962963 0.024526198439241916
17 0.3851851851851852 0.5055741360089187 0.4222222222222222 0.023411371237458192
17 0.32962962962962966 0.5746934225195095 0.3148148148148148 0.021181716833890748
17 0.2240740740740741 0.6705685618729097 0.0962962962962963 0.0189520624303233
17 0.23148148148148148 0.7402452619843924 0.11111111111111112 0.017837235228539576
17 0.2064814814814815 0.8099219620958751 0.061111111111111116 0.0189520624303233
8 0.07037037037037037 0.8099219620958751 0.05185185185185186 0.030100334448160536
8 0.0712962962962963 0.7391304347826086 0.053703703703703705 0.028985507246376812
8 0.06944444444444445 0.6688963210702341 0.053703703703703705 0.031215161649944256
9 0.07037037037037037 0.5774804905239688 0.05925925925925926 0.028985507246376812
9 0.06944444444444445 0.5033444816053512 0.053703703703703705 0.023411371237458192
8 0.0712962962962963 0.4358974358974359 0.05740740740740741 0.026755852842809364
8 0.07037037037037037 0.3634336677814939 0.05185185185185186 0.031215161649944256
8 0.06944444444444445 0.2931995540691193 0.061111111111111116 0.024526198439241916
9 0.0712962962962963 0.2229654403567447 0.061111111111111116 0.03567447045707915
9 0.07037037037037037 0.15217391304347827 0.05925925925925926 0.032329988851727984
8 0.06944444444444445 0.08249721293199554 0.05 0.026755852842809364
6 0.3416666666666667 0.5183946488294314 0.6796296296296297 0.9632107023411371
20 0.500925925925926 0.0189520624303233 0.9981481481481482 0.03567447045707915
