17 0.2925925925925926 0.697324414715719 0.15185185185185185 0.0189520624303233
17 0.24814814814814815 0.617056856187291 0.06296296296296297 0.0189520624303233
17 0.28055555555555556 0.5367892976588629 0.1277777777777778 0.0189520624303233
9 0.0962962962962963 0.5367892976588629 0.040740740740740744 0.030100334448160536
9 0.09907407407407408 0.6159420289855072 0.04259259259259259 0.02564102564102564
8 0.10092592592592593 0.6967670011148271 0.04259259259259259 0.026755852842809364
8 0.7277777777777779 0.0713489409141583 0.044444444444444446 0.028985507246376812
8 0.9462962962962963 0.07079152731326645 0.014814814814814815 0.027870680044593088
17 0.3564814814814815 0.9397993311036789 0.2796296296296296 0.024526198439241916
9 0.10185185185185186 0.9364548494983277 0.04814814814814815 0.024526198439241916
17 0.30648148148148147 0.8595317725752508 0.17962962962962964 0.024526198439241916
9 0.1 0.8573021181716833 0.05185185185185186 0.031215161649944256
17 0.3388888888888889 0.7803790412486065 0.24444444444444446 0.024526198439241916
9 0.09907407407407408 0.7770345596432553 0.04259259259259259 0.028985507246376812
17 0.275 0.45652173913043476 0.12037037037037038 0.0189520624303233
9 0.09907407407407408 0.45652173913043476 0.053703703703703705 0.030100334448160536
17 0.2814814814814815 0.37625418060200666 0.12962962962962962 0.0189520624303233
9 0.09907407407407408 0.3756967670011148 0.05 0.031215161649944256
17 0.32407407407407407 0.29654403567447046 0.21851851851851853 0.020066889632107024
9 0.1 0.29598662207357856 0.04814814814814815 0.027870680044593088
17 0.2888888888888889 0.21739130434782608 0.14444444444444446 0.017837235228539576
8 0.09907407407407408 0.21516164994425863 0.0462962962962963 0.026755852842809364
17 0.8342592592592593 0.1415830546265329 0.05 0.017837235228539576
17 0.5018518518518519 0.14214046822742474 0.13703703703703704 0.016722408026755852
17 0.1685185185185185 0.1415830546265329 0.10370370370370371 0.017837235228539576
17 0.12407407407407407 0.07079152731326645 0.17037037037037037 0.02564102564102564
8 0.8435185185185186 0.0713489409141583 0.0462962962962963 0.028985507246376812
20 0.500925925925926 0.0189520624303233 0.9981481481481482 0.03567447045707915
