17 0.27222222222222225 0.5406911928651059 0.3851851851851852 0.020066889632107024
17 0.18888888888888888 0.463768115942029 0.22592592592592595 0.017837235228539576
17 0.26666666666666666 0.3874024526198439 0.37777777777777777 0.0189520624303233
17 0.1824074074074074 0.3088071348940914 0.20555555555555557 0.024526198439241916
17 0.12962962962962962 0.22630992196209587 0.0962962962962963 0.020066889632107024
17 0.2 0.14604236343366778 0.23703703703703705 0.020066889632107024
17 0.3527777777777778 0.07469342251950947 0.35370370370370374 0.031215161649944256
8 0.07037037037037037 0.0713489409141583 0.040740740740740744 0.026755852842809364
19 0.500925925925926 0.0713489409141583 0.9981481481481482 0.06911928651059086
20 0.500925925925926 0.015607580824972128 0.9981481481481482 0.028985507246376812
