17 0.2555555555555556 0.0802675585284281 0.15555555555555556 0.028985507246376812
17 0.13240740740740742 0.9269788182831661 0.1277777777777778 0.0189520624303233
17 0.26481481481481484 0.8422519509476031 0.3925925925925926 0.021181716833890748
17 0.11203703703703705 0.7536231884057971 0.08703703703703704 0.017837235228539576
17 0.10092592592592593 0.6677814938684504 0.06851851851851852 0.017837235228539576
17 0.1277777777777778 0.5808249721293199 0.12222222222222223 0.017837235228539576
17 0.1574074074074074 0.5167224080267558 0.1962962962962963 0.0189520624303233
17 0.125 0.4336677814938684 0.11296296296296297 0.022296544035674472
17 0.18333333333333335 0.36399108138238573 0.22962962962962963 0.021181716833890748
17 0.17592592592592593 0.294314381270903 0.21481481481481482 0.022296544035674472
17 0.11481481481481481 0.2229654403567447 0.0925925925925926 0.017837235228539576
17 0.1212962962962963 0.15496098104793757 0.10555555555555556 0.022296544035674472
8 0.06759259259259259 0.07636566332218506 0.04259259259259259 0.02564102564102564
8 0.9472222222222223 0.07748049052396878 0.016666666666666666 0.02564102564102564
8 0.8435185185185186 0.07636566332218506 0.0462962962962963 0.027870680044593088
19 0.500925925925926 0.07692307692307693 0.9981481481481482 0.08249721293199554
6 0.3787037037037037 0.5585284280936454 0.7537037037037038 0.8807134894091415
20 0.500925925925926 0.0189520624303233 0.9981481481481482 0.03567447045707915
