9 0.07037037037037037 0.5919732441471571 0.05185185185185186 0.031215161649944256
8 0.06944444444444445 0.5100334448160535 0.053703703703703705 0.032329988851727984
8 0.07037037037037037 0.42865105908584167 0.04814814814814815 0.027870680044593088
9 0.06944444444444445 0.346711259754738 0.053703703703703705 0.033444816053511704
8 0.07037037037037037 0.26421404682274247 0.05555555555555556 0.024526198439241916
8 0.06944444444444445 0.18227424749163879 0.03888888888888889 0.032329988851727984
18 0.49074074074074076 0.18115942028985507 0.11111111111111112 0.03455964325529543
17 0.25277777777777777 0.5914158305462653 0.22777777777777777 0.0189520624303233
17 0.19722222222222224 0.5100334448160535 0.12037037037037038 0.0189520624303233
17 0.2175925925925926 0.427536231884058 0.16111111111111112 0.0189520624303233
17 0.18333333333333335 0.34615384615384615 0.08888888888888889 0.0189520624303233
17 0.22037037037037038 0.2636566332218506 0.16296296296296298 0.0189520624303233
17 0.2064814814814815 0.18227424749163879 0.1388888888888889 0.0189520624303233
17 0.2712962962962963 0.08862876254180602 0.19074074074074074 0.0189520624303233
8 0.08981481481481482 0.08918617614269789 0.09814814814814815 0.06020066889632107
6 0.2935185185185185 0.5183946488294314 0.5833333333333334 0.9632107023411371
20 0.500925925925926 0.0189520624303233 0.9981481481481482 0.03567447045707915
