17 0.8731481481481482 0.2630992196209587 0.020370370370370372 0.017837235228539576
17 0.862962962962963 0.3573021181716834 0.040740740740740744 0.016722408026755852
17 0.8722222222222222 0.4520624303232999 0.018518518518518517 0.0189520624303233
17 0.8722222222222222 0.5468227424749164 0.022222222222222223 0.0189520624303233
17 0.8731481481481482 0.641025641025641 0.020370370370370372 0.017837235228539576
17 0.8731481481481482 0.7363433667781494 0.020370370370370372 0.016722408026755852
17 0.8731481481481482 0.8316610925306578 0.020370370370370372 0.017837235228539576
17 0.8731481481481482 0.9264214046822742 0.016666666666666666 0.017837235228539576
17 0.30092592592592593 0.9258639910813824 0.09814814814814815 0.0189520624303233
17 0.45740740740740743 0.8327759197324415 0.41481481481481486 0.022296544035674472
17 0.3888888888888889 0.738015607580825 0.2777777777777778 0.022296544035674472
17 0.4185185185185185 0.6415830546265329 0.337037037037037 0.0189520624303233
17 0.44537037037037036 0.5479375696767002 0.3907407407407408 0.023411371237458192
17 0.4462962962962963 0.451505016722408 0.3851851851851852 0.020066889632107024
17 0.4101851851851852 0.35674470457079155 0.31666666666666665 0.020066889632107024
17 0.362962962962963 0.26421404682274247 0.22222222222222224 0.022296544035674472
11 0.5666666666666667 0.5903010033444815 0.7518518518518519 0.750278706800446
20 0.500925925925926 0.0189520624303233 0.9981481481481482 0.03567447045707915
