17 0.21877890841813136 0.41025641025641024 0.14893617021276598 0.017837235228539576
17 0.18963922294172064 0.3338907469342252 0.08140610545790934 0.017837235228539576
8 0.09990749306197966 0.4099777034559643 0.03515263644773358 0.027313266443701224
8 0.10175763182238669 0.3333333333333333 0.03885291396854764 0.020066889632107024
18 0.2506938020351526 0.1959308807134894 0.4995374653098983 0.06633221850613155
18 0.7506938020351527 0.19620958751393533 0.49861239592969475 0.06577480490523968
8 0.05874190564292322 0.07079152731326645 0.041628122109158186 0.024526198439241916
7 0.5004625346901018 0.342809364548495 0.8788159111933396 0.04905239687848383
7 0.5 0.42001114827201785 0.8797409805735431 0.048494983277591976
17 0.8029602220166513 0.4813266443701226 0.2719703977798335 0.021739130434782608
17 0.5009250693802035 0.81438127090301 0.14893617021276598 0.0189520624303233
18 0.5004625346901018 0.5758082497212932 0.8788159111933396 0.06465997770345597
18 0.28029602220166516 0.8779264214046822 0.43848288621646625 0.06354515050167224
18 0.7201665124884367 0.8779264214046822 0.4394079555966698 0.06354515050167224
0 0.5004625346901018 0.5178372352285395 0.9990749306197966 0.9643255295429208
20 0.5004625346901018 0.018115942028985508 0.9990749306197966 0.03511705685618729
