8 0.9314814814814815 0.07664437012263099 0.05185185185185186 0.030657748049052396
8 0.7958333333333334 0.07636566332218506 0.04351851851851852 0.026755852842809364
17 0.2800925925925926 0.07720178372352285 0.2101851851851852 0.026198439241917504
8 0.06851851851851852 0.0758082497212932 0.04814814814814815 0.021181716833890748
17 0.25 0.15301003344481606 0.11481481481481481 0.016164994425863992
17 0.75 0.15301003344481606 0.12592592592592594 0.016164994425863992
17 0.500462962962963 0.233835005574136 0.08055555555555556 0.048494983277591976
8 0.06898148148148149 0.3358416945373467 0.06018518518518519 0.036231884057971016
7 0.5689814814814815 0.3394648829431438 0.787962962962963 0.0379041248606466
17 0.32453703703703707 0.33277591973244147 0.2953703703703704 0.023411371237458192
9 0.06898148148148149 0.42001114827201785 0.06018518518518519 0.036231884057971016
7 0.5685185185185185 0.4241917502787068 0.7870370370370371 0.0379041248606466
17 0.2814814814814815 0.4197324414715719 0.20740740740740743 0.028985507246376812
8 0.06898148148148149 0.5041806020066889 0.06018518518518519 0.036231884057971016
7 0.5685185185185185 0.5117056856187291 0.7870370370370371 0.031215161649944256
17 0.23240740740740742 0.5039018952062431 0.10925925925925926 0.015607580824972128
17 0.5013888888888889 0.6017279821627648 0.8990740740740741 0.04403567447045708
17 0.500925925925926 0.6624860646599777 0.6314814814814815 0.020624303232998884
5 0.4083333333333333 0.742196209587514 0.7055555555555556 0.03288740245261984
17 0.46944444444444444 0.7435897435897436 0.5833333333333334 0.030100334448160536
18 0.5 0.8363991081382386 0.9222222222222223 0.07079152731326645
17 0.5018518518518519 0.9420289855072463 0.7092592592592593 0.044593088071348944
20 0.500462962962963 0.018115942028985508 0.9990740740740741 0.03511705685618729
