8 0.9421296296296297 0.5785953177257525 0.030555555555555558 0.0189520624303233
8 0.9421296296296297 0.4760312151616499 0.032407407407407406 0.0189520624303233
8 0.9416666666666667 0.3737458193979933 0.031481481481481485 0.018394648829431436
8 0.9416666666666667 0.27118171683389075 0.031481481481481485 0.01950947603121516
8 0.06898148148148149 0.2717391304347826 0.06018518518518519 0.036231884057971016
9 0.08148148148148149 0.37318840579710144 0.08518518518518518 0.03400222965440357
9 0.06620370370370371 0.47575250836120403 0.04722222222222222 0.028428093645484948
9 0.08194444444444444 0.5780379041248607 0.08425925925925926 0.03455964325529543
8 0.06898148148148149 0.6808807134894092 0.058333333333333334 0.03511705685618729
17 0.2662037037037037 0.9855072463768115 0.1824074074074074 0.022296544035674472
17 0.24351851851851852 0.9492753623188406 0.13703703703703704 0.024526198439241916
17 0.2662037037037037 0.8960423634336677 0.1824074074074074 0.021739130434782608
17 0.3212962962962963 0.8598104793756968 0.29074074074074074 0.026198439241917504
17 0.2662037037037037 0.8068561872909699 0.1824074074074074 0.021739130434782608
17 0.3944444444444445 0.7731326644370122 0.4351851851851852 0.033444816053511704
17 0.33796296296296297 0.6842251950947603 0.32407407407407407 0.03288740245261984
17 0.33564814814814814 0.5819397993311036 0.3138888888888889 0.032329988851727984
17 0.4199074074074074 0.47965440356744704 0.4861111111111111 0.03288740245261984
17 0.362962962962963 0.3773690078037904 0.3703703703703704 0.032329988851727984
17 0.25092592592592594 0.2722965440356745 0.14444444444444446 0.026198439241917504
9 0.08287037037037037 0.17001114827201783 0.058333333333333334 0.05462653288740245
17 0.3902777777777778 0.17502787068004458 0.4305555555555556 0.031215161649944256
8 0.9324074074074075 0.07664437012263099 0.05 0.029542920847268672
17 0.2800925925925926 0.07720178372352285 0.2101851851851852 0.026198439241917504
8 0.7958333333333334 0.07664437012263099 0.04351851851851852 0.026198439241917504
8 0.06851851851851852 0.0758082497212932 0.04814814814814815 0.021181716833890748
19 0.5013888888888889 0.07775919732441472 0.9972222222222222 0.08193979933110368
20 0.500462962962963 0.018115942028985508 0.9990740740740741 0.03511705685618729
