17 0.312962962962963 0.14743589743589744 0.5277777777777778 0.030657748049052396
17 0.1300925925925926 0.18979933110367891 0.16203703703703703 0.021739130434782608
17 0.26712962962962966 0.34057971014492755 0.18055555555555555 0.017837235228539576
17 0.25 0.4122073578595318 0.14814814814814814 0.021739130434782608
17 0.27037037037037037 0.4807692307692308 0.18888888888888888 0.018394648829431436
17 0.2388888888888889 0.5777591973244147 0.12592592592592594 0.021739130434782608
17 0.29583333333333334 0.6463210702341137 0.23796296296296296 0.017279821627647716
9 0.06898148148148149 0.6454849498327759 0.05277777777777778 0.03678929765886287
8 0.06944444444444445 0.5755295429208472 0.05 0.03177257525083612
8 0.06851851851851852 0.47965440356744704 0.03888888888888889 0.026198439241917504
8 0.06898148148148149 0.41025641025641024 0.04166666666666667 0.031215161649944256
8 0.06944444444444445 0.3403010033444816 0.044444444444444446 0.03288740245261984
6 0.3402777777777778 0.5178372352285395 0.6787037037037037 0.9643255295429208
20 0.500462962962963 0.018115942028985508 0.9990740740740741 0.03511705685618729
