9 0.3648148148148148 0.16471571906354515 0.7277777777777779 0.2569676700111483
17 0.23611111111111113 0.34225195094760313 0.12037037037037038 0.021181716833890748
17 0.31527777777777777 0.41471571906354515 0.27870370370370373 0.024526198439241916
17 0.2972222222222222 0.48439241917502784 0.24444444444444446 0.024526198439241916
17 0.3194444444444445 0.5543478260869565 0.2888888888888889 0.02508361204013378
17 0.24953703703703706 0.6245819397993311 0.15092592592592594 0.023968784838350056
17 0.11712962962962964 0.7159977703455964 0.1527777777777778 0.023968784838350056
17 0.16898148148148148 0.7770345596432553 0.25833333333333336 0.02564102564102564
17 0.11851851851851852 0.8617614269788183 0.15925925925925927 0.021181716833890748
8 0.06898148148148149 0.6217948717948718 0.058333333333333334 0.029542920847268672
8 0.06944444444444445 0.5515607580824972 0.05740740740740741 0.030657748049052396
8 0.06851851851851852 0.4816053511705686 0.05740740740740741 0.028985507246376812
8 0.06898148148148149 0.41109253065774803 0.05648148148148149 0.029542920847268672
8 0.06944444444444445 0.34169453734671124 0.05740740740740741 0.03455964325529543
6 0.3652777777777778 0.5181159420289855 0.7287037037037037 0.9637681159420289
20 0.500462962962963 0.018115942028985508 0.9990740740740741 0.03511705685618729
