17 0.23750000000000002 0.07720178372352285 0.12685185185185185 0.023968784838350056
8 0.9467592592592593 0.07636566332218506 0.01388888888888889 0.02564102564102564
8 0.8347222222222223 0.07497212931995541 0.05462962962962963 0.036231884057971016
8 0.6972222222222223 0.07692307692307693 0.053703703703703705 0.033444816053511704
8 0.06759259259259259 0.07608695652173914 0.04259259259259259 0.02508361204013378
17 0.22546296296296298 0.15914158305462653 0.10092592592592593 0.020624303232998884
17 0.22546296296296298 0.22909698996655517 0.10277777777777779 0.020066889632107024
17 0.27083333333333337 0.2996098104793757 0.18796296296296297 0.01950947603121516
17 0.3027777777777778 0.36928651059085843 0.2518518518518519 0.01950947603121516
17 0.23796296296296296 0.44007803790412486 0.12407407407407407 0.018394648829431436
17 0.23935185185185187 0.512263099219621 0.125 0.024526198439241916
17 0.24814814814814815 0.6075808249721293 0.14444444444444446 0.023411371237458192
17 0.22824074074074074 0.6761426978818283 0.10648148148148148 0.021181716833890748
9 0.06898148148148149 0.15858416945373466 0.04722222222222222 0.027313266443701224
9 0.06944444444444445 0.22826086956521738 0.03333333333333333 0.027313266443701224
8 0.06898148148148149 0.2987736900780379 0.04537037037037037 0.022296544035674472
8 0.06898148148148149 0.3690078037904125 0.04537037037037037 0.022296544035674472
9 0.06898148148148149 0.43924191750278707 0.04722222222222222 0.027870680044593088
8 0.06666666666666667 0.5094760312151616 0.05185185185185186 0.027870680044593088
8 0.06898148148148149 0.60479375696767 0.04722222222222222 0.02564102564102564
9 0.06851851851851852 0.6747491638795986 0.044444444444444446 0.028428093645484948
19 0.500462962962963 0.07720178372352285 0.9990740740740741 0.08082497212931995
6 0.3893518518518519 0.5588071348940914 0.7768518518518519 0.8823857302118171
20 0.500462962962963 0.018115942028985508 0.9990740740740741 0.03511705685618729
