9 0.0587962962962963 0.9007803790412486 0.062037037037037036 0.03678929765886287
8 0.059722222222222225 0.7357859531772575 0.049074074074074076 0.030100334448160536
8 0.05925925925925926 0.6655518394648829 0.05 0.030100334448160536
8 0.06620370370370371 0.5894648829431438 0.0638888888888889 0.036231884057971016
8 0.05925925925925926 0.5 0.05 0.024526198439241916
8 0.05925925925925926 0.4297658862876254 0.05 0.030100334448160536
8 0.05787037037037037 0.3595317725752508 0.05277777777777778 0.027870680044593088
9 0.059722222222222225 0.26421404682274247 0.04722222222222222 0.033444816053511704
17 0.2902777777777778 0.9016164994425864 0.28425925925925927 0.01950947603121516
17 0.11157407407407408 0.8313823857302118 0.14351851851851852 0.01950947603121516
17 0.21712962962962964 0.7385730211817169 0.14166666666666666 0.023411371237458192
17 0.31342592592592594 0.6677814938684504 0.33055555555555555 0.024526198439241916
17 0.23611111111111113 0.5986622073578595 0.17592592592592593 0.023411371237458192
17 0.19166666666666668 0.5030657748049052 0.08888888888888889 0.023968784838350056
17 0.2953703703703704 0.43032329988851725 0.2962962962962963 0.020066889632107024
17 0.2476851851851852 0.35981047937569677 0.19907407407407407 0.020624303232998884
17 0.20555555555555557 0.26505016722408026 0.11666666666666667 0.018394648829431436
17 0.1875 0.12987736900780378 0.28425925925925927 0.030100334448160536
8 0.7796296296296297 0.06521739130434782 0.05925925925925926 0.023411371237458192
6 0.42638888888888893 0.4813266443701226 0.850925925925926 0.8913043478260869
20 0.500462962962963 0.018115942028985508 0.9990740740740741 0.03511705685618729
