8 0.06944444444444445 0.07664437012263099 0.040740740740740744 0.023968784838350056
17 0.500462962962963 0.16583054626532887 0.45092592592592595 0.03400222965440357
18 0.500462962962963 0.2447045707915273 0.8657407407407408 0.06020066889632107
18 0.500462962962963 0.326644370122631 0.8638888888888889 0.059085841694537344
17 0.500462962962963 0.3865663322185061 0.8009259259259259 0.018394648829431436
17 0.500925925925926 0.4280936454849498 0.03888888888888889 0.015607580824972128
17 0.5 0.564659977703456 0.47222222222222227 0.024526198439241916
18 0.500462962962963 0.4902452619843924 0.8638888888888889 0.052954292084726864
17 0.4986111111111111 0.903010033444816 0.49722222222222223 0.023411371237458192
17 0.5 0.9646042363433668 0.8185185185185185 0.04180602006688963
19 0.500462962962963 0.07692307692307693 0.9990740740740741 0.08249721293199554
20 0.500462962962963 0.018115942028985508 0.9990740740740741 0.03511705685618729
