9 0.48055555555555557 0.23411371237458192 0.20925925925925926 0.12931995540691194
9 0.5 0.35451505016722407 0.362962962962963 0.06465997770345597
17 0.500925925925926 0.40468227424749165 0.2425925925925926 0.020066889632107024
17 0.4990740740740741 0.4654403567447046 0.4537037037037037 0.023411371237458192
17 0.500925925925926 0.544593088071349 0.5981481481481482 0.05239687848383501
17 0.500925925925926 0.8099219620958751 0.37962962962962965 0.023411371237458192
17 0.8027777777777778 0.9721293199554069 0.29814814814814816 0.022296544035674472
18 0.500925925925926 0.7307692307692307 0.6833333333333333 0.06577480490523968
18 0.6768518518518519 0.8957636566332219 0.3314814814814815 0.06354515050167224
18 0.32685185185185184 0.8957636566332219 0.3351851851851852 0.06354515050167224
0 0.500925925925926 0.5183946488294314 0.9981481481481482 0.9632107023411371
20 0.500925925925926 0.0189520624303233 0.9981481481481482 0.03567447045707915
