17 0.549074074074074 0.9648829431438127 0.5833333333333334 0.016722408026755852
9 0.20092592592592592 0.9648829431438127 0.06481481481481481 0.04124860646599777
17 0.7925925925925926 0.15328874024526198 0.17407407407407408 0.016722408026755852
17 0.5027777777777778 0.15328874024526198 0.12037037037037038 0.016722408026755852
17 0.2101851851851852 0.15328874024526198 0.13518518518518519 0.016722408026755852
8 0.5259259259259259 0.07692307692307693 0.05185185185185186 0.028985507246376812
17 0.30462962962962964 0.9057971014492754 0.5314814814814816 0.023411371237458192
8 0.8833333333333334 0.8595317725752508 0.14074074074074075 0.08249721293199554
9 0.4962962962962963 0.5936454849498327 0.674074074074074 0.31549609810479373
17 0.4962962962962963 0.34169453734671124 0.9111111111111111 0.04124860646599777
17 0.20555555555555557 0.2670011148272018 0.32962962962962966 0.027870680044593088
8 0.9518518518518518 0.07692307692307693 0.014814814814814815 0.031215161649944256
8 0.7416666666666667 0.0758082497212932 0.053703703703703705 0.028985507246376812
8 0.31574074074074077 0.07692307692307693 0.05 0.028985507246376812
8 0.10740740740740741 0.07692307692307693 0.05555555555555556 0.028985507246376812
20 0.500925925925926 0.0189520624303233 0.9981481481481482 0.03567447045707915
