8 0.3138888888888889 0.07692307692307693 0.053703703703703705 0.031215161649944256
8 0.950925925925926 0.07636566332218506 0.016666666666666666 0.030100334448160536
8 0.10555555555555556 0.07692307692307693 0.05555555555555556 0.028985507246376812
8 0.5259259259259259 0.07636566332218506 0.05185185185185186 0.027870680044593088
8 0.7425925925925926 0.07692307692307693 0.04814814814814815 0.028985507246376812
11 0.500925925925926 0.5178372352285395 0.9203703703703704 0.7101449275362318
17 0.17777777777777778 0.20958751393534003 0.15555555555555556 0.028985507246376812
5 0.4953703703703704 0.29208472686733555 0.7907407407407407 0.031215161649944256
17 0.1953703703703704 0.2926421404682274 0.19074074074074074 0.021181716833890748
5 0.4953703703703704 0.3812709030100334 0.7907407407407407 0.031215161649944256
17 0.1712962962962963 0.3812709030100334 0.1425925925925926 0.020066889632107024
5 0.4953703703703704 0.47157190635451507 0.7907407407407407 0.031215161649944256
17 0.27037037037037037 0.4721293199554069 0.34074074074074073 0.030100334448160536
5 0.4953703703703704 0.5607580824972129 0.7907407407407407 0.031215161649944256
17 0.27037037037037037 0.5613154960981048 0.34074074074074073 0.030100334448160536
5 0.4953703703703704 0.6499442586399108 0.7907407407407407 0.031215161649944256
17 0.1962962962962963 0.6493868450390189 0.1925925925925926 0.021181716833890748
5 0.4953703703703704 0.7391304347826086 0.7907407407407407 0.031215161649944256
17 0.20277777777777778 0.7385730211817169 0.20555555555555557 0.021181716833890748
5 0.4953703703703704 0.8294314381270903 0.7907407407407407 0.031215161649944256
17 0.2490740740740741 0.8311036789297659 0.29814814814814816 0.027870680044593088
17 0.8416666666666667 0.9648829431438127 0.22037037037037038 0.016722408026755852
17 0.16296296296296298 0.9654403567447045 0.21851851851851853 0.015607580824972128
17 0.5018518518518519 0.9654403567447045 0.13703703703703704 0.015607580824972128
20 0.500925925925926 0.0189520624303233 0.9981481481481482 0.03567447045707915
