17 0.1851851851851852 0.5663322185061316 0.18888888888888888 0.022296544035674472
17 0.14351851851851852 0.48049052396878483 0.10185185185185186 0.022296544035674472
17 0.6648148148148149 0.7653288740245262 0.20370370370370372 0.02564102564102564
18 0.5018518518518519 0.6845039018952063 0.9259259259259259 0.0713489409141583
9 0.5 0.22909698996655517 0.3925925925925926 0.08138238573021181
17 0.5 0.30657748049052397 0.4518518518518519 0.057971014492753624
7 0.500925925925926 0.47268673355629875 0.9203703703703704 0.09364548494983277
7 0.500925925925926 0.5657748049052397 0.9203703703703704 0.0947603121516165
17 0.38981481481481484 0.7625418060200668 0.3055555555555556 0.020066889632107024
17 0.5018518518518519 0.9732441471571907 0.3962962962962963 0.022296544035674472
0 0.500925925925926 0.5183946488294314 0.9981481481481482 0.9632107023411371
20 0.500925925925926 0.0189520624303233 0.9981481481481482 0.03567447045707915
