17 0.8606481481481482 0.765886287625418 0.1675925925925926 0.022296544035674472
17 0.788425925925926 0.5069676700111483 0.18796296296296297 0.021739130434782608
17 0.8115740740740741 0.44091415830546266 0.24351851851851852 0.017837235228539576
17 0.8398148148148148 0.370958751393534 0.13333333333333333 0.029542920847268672
8 0.9407407407407408 0.07664437012263099 0.044444444444444446 0.027313266443701224
8 0.06944444444444445 0.07664437012263099 0.04259259259259259 0.026198439241917504
8 0.34120370370370373 0.19927536231884058 0.2935185185185185 0.1778149386845039
17 0.24305555555555555 0.35256410256410253 0.13240740740740742 0.020624303232998884
17 0.225 0.42251950947603123 0.0962962962962963 0.020066889632107024
17 0.23148148148148148 0.49275362318840576 0.11296296296296297 0.020066889632107024
17 0.22314814814814815 0.5624303232998885 0.0925925925925926 0.020066889632107024
17 0.2476851851851852 0.6354515050167224 0.14537037037037037 0.024526198439241916
8 0.06898148148148149 0.6321070234113713 0.05092592592592593 0.031215161649944256
8 0.06898148148148149 0.5621516164994426 0.03796296296296296 0.030657748049052396
9 0.06851851851851852 0.4921962095875139 0.0462962962962963 0.02564102564102564
8 0.06898148148148149 0.42168338907469344 0.05277777777777778 0.03177257525083612
8 0.06898148148148149 0.35172798216276474 0.05092592592592593 0.031215161649944256
6 0.34120370370370373 0.5178372352285395 0.6805555555555556 0.9643255295429208
20 0.500462962962963 0.018115942028985508 0.9990740740740741 0.03511705685618729
