17 0.2865740740740741 0.07748049052396878 0.16018518518518518 0.023411371237458192
8 0.06759259259259259 0.07608695652173914 0.04259259259259259 0.02508361204013378
9 0.16574074074074074 0.07608695652173914 0.061111111111111116 0.03400222965440357
17 0.18703703703703706 0.15579710144927536 0.3 0.021739130434782608
17 0.1398148148148148 0.23801560758082496 0.2 0.016722408026755852
17 0.24675925925925926 0.3079710144927536 0.1398148148148148 0.017279821627647716
17 0.23240740740740742 0.37876254180602004 0.11296296296296297 0.017279821627647716
17 0.25787037037037036 0.44816053511705684 0.1638888888888889 0.017837235228539576
17 0.1476851851851852 0.5317725752508361 0.2175925925925926 0.017837235228539576
17 0.27222222222222225 0.6028428093645485 0.1962962962962963 0.018394648829431436
17 0.25416666666666665 0.6744704570791528 0.1564814814814815 0.022296544035674472
17 0.2189814814814815 0.7427536231884058 0.08425925925925926 0.017279821627647716
17 0.22361111111111112 0.8129877369007804 0.09722222222222222 0.017279821627647716
17 0.11527777777777778 0.8965997770345596 0.1527777777777778 0.017279821627647716
17 0.31527777777777777 0.9687848383500557 0.27870370370370373 0.021181716833890748
8 0.06851851851851852 0.9659977703455964 0.05185185185185186 0.031215161649944256
8 0.0699074074074074 0.8121516164994426 0.049074074074074076 0.027870680044593088
8 0.06944444444444445 0.7424749163879598 0.0462962962962963 0.027870680044593088
8 0.06898148148148149 0.6719620958751393 0.04722222222222222 0.03177257525083612
8 0.06851851851851852 0.6017279821627648 0.05185185185185186 0.030657748049052396
8 0.06898148148148149 0.447603121516165 0.05462962962962963 0.030100334448160536
8 0.06851851851851852 0.37764771460423635 0.0462962962962963 0.030657748049052396
8 0.06898148148148149 0.3076923076923077 0.06018518518518519 0.03678929765886287
6 0.38981481481481484 0.5178372352285395 0.7777777777777778 0.9643255295429208
20 0.500462962962963 0.018115942028985508 0.9990740740740741 0.03511705685618729
