17 0.23981481481481481 0.5211817168338907 0.18703703703703706 0.021181716833890748
17 0.3740740740740741 0.443701226309922 0.45555555555555555 0.021181716833890748
8 0.08564814814814815 0.5189520624303233 0.049074074074074076 0.03567447045707915
9 0.09074074074074075 0.4414715719063545 0.05925925925925926 0.03567447045707915
9 0.4962962962962963 0.1596989966555184 0.22037037037037038 0.13210702341137123
17 0.500925925925926 0.37318840579710144 0.11296296296296297 0.028428093645484948
18 0.500462962962963 0.30295429208472685 0.9268518518518519 0.06075808249721293
7 0.500925925925926 0.443701226309922 0.9277777777777778 0.06688963210702341
7 0.500925925925926 0.5206243032329989 0.9277777777777778 0.06688963210702341
17 0.1962962962962963 0.9537346711259754 0.16111111111111112 0.022296544035674472
17 0.8060185185185186 0.9534559643255295 0.2101851851851852 0.021739130434782608
0 0.500462962962963 0.5178372352285395 0.9990740740740741 0.9643255295429208
20 0.500462962962963 0.018115942028985508 0.9990740740740741 0.03511705685618729
