9 0.13425925925925927 0.11259754738015608 0.17037037037037037 0.10256410256410256
17 0.2138888888888889 0.1878483835005574 0.3277777777777778 0.022296544035674472
17 0.17083333333333334 0.25668896321070234 0.11944444444444445 0.021739130434782608
17 0.21574074074074076 0.3168896321070234 0.20925925925925926 0.026198439241917504
17 0.24861111111111112 0.3756967670011148 0.275 0.026755852842809364
17 0.1550925925925926 0.43199554069119284 0.08796296296296297 0.022296544035674472
17 0.19953703703703704 0.4921962095875139 0.17500000000000002 0.02564102564102564
17 0.20740740740740743 0.5504459308807135 0.19074074074074074 0.026198439241917504
17 0.19907407407407407 0.6073021181716833 0.17962962962962964 0.022853957636566332
17 0.1800925925925926 0.6677814938684504 0.13796296296296298 0.026755852842809364
17 0.2449074074074074 0.725752508361204 0.2657407407407408 0.026755852842809364
8 0.04953703703703704 0.7238015607580824 0.03425925925925926 0.027313266443701224
8 0.04953703703703704 0.665273132664437 0.04537037037037037 0.027313266443701224
8 0.04953703703703704 0.6073021181716833 0.04722222222222222 0.02508361204013378
8 0.04953703703703704 0.5484949832775919 0.04537037037037037 0.026755852842809364
8 0.04953703703703704 0.4902452619843924 0.04537037037037037 0.027313266443701224
8 0.050462962962962966 0.43115942028985504 0.03796296296296296 0.028428093645484948
8 0.04953703703703704 0.3726309921962096 0.04722222222222222 0.02508361204013378
8 0.049074074074074076 0.31438127090301005 0.0462962962962963 0.024526198439241916
8 0.04953703703703704 0.2555741360089186 0.04722222222222222 0.027313266443701224
17 0.34120370370370373 0.971850613154961 0.5546296296296297 0.026198439241917504
6 0.34074074074074073 0.5183946488294314 0.6796296296296297 0.9643255295429208
20 0.500462962962963 0.018115942028985508 0.9990740740740741 0.03511705685618729
