9 0.3893518518518519 0.24888517279821626 0.17314814814814816 0.10423634336677814
17 0.2847222222222222 0.07720178372352285 0.27685185185185185 0.02508361204013378
8 0.06712962962962964 0.07636566332218506 0.04166666666666667 0.024526198439241916
9 0.3893518518518519 0.24860646599777034 0.7768518518518519 0.26198439241917504
17 0.08611111111111111 0.4283723522853958 0.0925925925925926 0.017279821627647716
17 0.16111111111111112 0.5 0.24444444444444446 0.022296544035674472
17 0.13425925925925927 0.5680044593088072 0.19074074074074074 0.0189520624303233
17 0.13148148148148148 0.6387959866220736 0.18333333333333335 0.017837235228539576
17 0.10787037037037038 0.7090301003344481 0.13796296296296298 0.017837235228539576
17 0.3041666666666667 0.8060200668896321 0.2601851851851852 0.021181716833890748
17 0.2949074074074074 0.8745819397993311 0.23796296296296296 0.016722408026755852
9 0.06898148148148149 0.8043478260869565 0.062037037037037036 0.03678929765886287
9 0.06898148148148149 0.8737458193979933 0.062037037037037036 0.037346711259754736
6 0.38981481481481484 0.5588071348940914 0.7777777777777778 0.8823857302118171
19 0.500462962962963 0.07692307692307693 0.9990740740740741 0.08138238573021181
20 0.500462962962963 0.018115942028985508 0.9990740740740741 0.03511705685618729
