8 0.075 0.15384615384615385 0.05185185185185186 0.032329988851727984
8 0.07407407407407407 0.22909698996655517 0.06851851851851852 0.032329988851727984
9 0.17037037037037037 0.30379041248606464 0.04259259259259259 0.024526198439241916
9 0.17083333333333334 0.37876254180602004 0.04351851851851852 0.026198439241917504
8 0.07361111111111111 0.4537346711259755 0.062037037037037036 0.03678929765886287
8 0.07407407407407407 0.528149386845039 0.05925925925925926 0.030657748049052396
8 0.07361111111111111 0.6031215161649944 0.058333333333333334 0.032329988851727984
9 0.07361111111111111 0.6780936454849498 0.049074074074074076 0.04180602006688963
8 0.07407407407407407 0.7522296544035675 0.04814814814814815 0.03288740245261984
8 0.07453703703703704 0.8274804905239688 0.05462962962962963 0.03177257525083612
8 0.07407407407407407 0.9018952062430323 0.05555555555555556 0.032329988851727984
9 0.07407407407407407 0.9768673355629878 0.044444444444444446 0.026198439241917504
17 0.2523148148148148 0.9774247491638796 0.2101851851851852 0.022853957636566332
17 0.22314814814814815 0.9060758082497212 0.15185185185185185 0.029542920847268672
17 0.19953703703703704 0.8277591973244147 0.10277777777777779 0.022296544035674472
17 0.20231481481481484 0.7530657748049052 0.10648148148148148 0.021181716833890748
17 0.22962962962962963 0.6959308807134894 0.16666666666666669 0.018394648829431436
17 0.312962962962963 0.6677814938684504 0.32962962962962966 0.030100334448160536
17 0.23240740740740742 0.6034002229654404 0.16666666666666669 0.021739130434782608
17 0.20555555555555557 0.5289855072463768 0.11481481481481481 0.022296544035674472
17 0.275 0.45652173913043476 0.2537037037037037 0.030100334448160536
17 0.34953703703703703 0.379041248606466 0.2101851851851852 0.022296544035674472
17 0.35555555555555557 0.30379041248606464 0.22222222222222224 0.023411371237458192
17 0.21712962962962964 0.22937569676700112 0.13796296296296298 0.021739130434782608
17 0.20324074074074075 0.15802675585284282 0.11018518518518519 0.028428093645484948
9 0.15694444444444444 0.07608695652173914 0.04537037037037037 0.03400222965440357
8 0.06712962962962964 0.07608695652173914 0.04166666666666667 0.02508361204013378
19 0.500462962962963 0.07636566332218506 0.9990740740740741 0.08138238573021181
6 0.362962962962963 0.5585284280936454 0.7240740740740741 0.882943143812709
20 0.500462962962963 0.018115942028985508 0.9990740740740741 0.03511705685618729
