9 0.15 0.0758082497212932 0.22592592592592595 0.044593088071348944
17 0.2537037037037037 0.16387959866220736 0.15925925925925927 0.024526198439241916
17 0.2564814814814815 0.23244147157190634 0.16111111111111112 0.0189520624303233
17 0.25925925925925924 0.3049052396878484 0.16666666666666669 0.023411371237458192
17 0.24444444444444446 0.3745819397993311 0.13703703703703704 0.022296544035674472
17 0.2388888888888889 0.47045707915273133 0.12592592592592594 0.022296544035674472
17 0.31574074074074077 0.540133779264214 0.27592592592592596 0.023411371237458192
17 0.27314814814814814 0.6098104793756968 0.19444444444444445 0.022296544035674472
17 0.23055555555555557 0.7051282051282051 0.10555555555555556 0.023411371237458192
9 0.07037037037037037 0.7028985507246377 0.05555555555555556 0.03455964325529543
8 0.07037037037037037 0.6081382385730212 0.04814814814814815 0.03455964325529543
8 0.07037037037037037 0.5373467112597548 0.05185185185185186 0.031215161649944256
8 0.06944444444444445 0.467670011148272 0.053703703703703705 0.032329988851727984
9 0.07037037037037037 0.37235228539576365 0.05185185185185186 0.031215161649944256
8 0.06944444444444445 0.30211817168338906 0.05740740740740741 0.022296544035674472
8 0.07037037037037037 0.23244147157190634 0.037037037037037035 0.032329988851727984
8 0.07037037037037037 0.16220735785953178 0.05185185185185186 0.032329988851727984
6 0.3416666666666667 0.5183946488294314 0.6796296296296297 0.9632107023411371
20 0.500925925925926 0.0189520624303233 0.9981481481481482 0.03567447045707915
