6 0.3652777777777778 0.5178372352285395 0.7287037037037037 0.9643255295429208
17 0.662962962962963 0.054905239687848384 0.08333333333333334 0.017279821627647716
8 0.09861111111111112 0.12597547380156077 0.062037037037037036 0.0379041248606466
17 0.33333333333333337 0.12709030100334448 0.3314814814814815 0.021181716833890748
8 0.09861111111111112 0.2157190635451505 0.06018518518518519 0.03567447045707915
17 0.33611111111111114 0.21906354515050167 0.34074074074074073 0.024526198439241916
8 0.09861111111111112 0.3049052396878484 0.05462962962962963 0.0379041248606466
17 0.2689814814814815 0.3057413600891862 0.20277777777777778 0.020624303232998884
8 0.09814814814814815 0.39409141583054624 0.061111111111111116 0.03567447045707915
17 0.2777777777777778 0.39492753623188404 0.22037037037037038 0.020624303232998884
5 0.21157407407407408 0.9559643255295429 0.36388888888888893 0.028985507246376812
17 0.25462962962962965 0.9587513935340022 0.2777777777777778 0.023411371237458192
20 0.500462962962963 0.018115942028985508 0.9990740740740741 0.03511705685618729
