16 0.5731481481481482 0.30657748049052397 0.08333333333333334 0.032329988851727984
9 0.33842592592592596 0.9604236343366778 0.6620370370370371 0.06800445930880714
9 0.18333333333333335 0.06884057971014493 0.1537037037037037 0.05629877369007804
9 0.4486111111111111 0.0794314381270903 0.3287037037037037 0.06298773690078038
8 0.05694444444444444 0.07552954292084726 0.06018518518518519 0.037346711259754736
9 0.06574074074074074 0.16304347826086957 0.037037037037037035 0.036231884057971016
8 0.06712962962962964 0.23244147157190634 0.03796296296296296 0.028985507246376812
8 0.06666666666666667 0.30351170568561875 0.05 0.030657748049052396
8 0.06666666666666667 0.46711259754738016 0.0462962962962963 0.031215161649944256
9 0.06620370370370371 0.5376254180602007 0.032407407407407406 0.036231884057971016
8 0.06712962962962964 0.6075808249721293 0.05092592592592593 0.030100334448160536
17 0.25972222222222224 0.6086956521739131 0.16944444444444445 0.023411371237458192
17 0.32592592592592595 0.5387402452619844 0.3 0.023968784838350056
17 0.23611111111111113 0.47101449275362317 0.12407407407407407 0.028985507246376812
17 0.10185185185185186 0.3971571906354515 0.1277777777777778 0.017279821627647716
17 0.3055555555555556 0.3040691192865106 0.26481481481481484 0.02508361204013378
17 0.32083333333333336 0.23411371237458192 0.2953703703703704 0.023411371237458192
17 0.31342592592592594 0.1633221850613155 0.28055555555555556 0.024526198439241916
6 0.3402777777777778 0.5178372352285395 0.6787037037037037 0.9643255295429208
20 0.500462962962963 0.018115942028985508 0.9990740740740741 0.03511705685618729
