17 0.09907407407407408 0.09113712374581939 0.1574074074074074 0.017279821627647716
17 0.16527777777777777 0.14855072463768115 0.10277777777777779 0.022853957636566332
17 0.20092592592592592 0.2148829431438127 0.1685185185185185 0.022853957636566332
17 0.15833333333333333 0.282329988851728 0.08888888888888889 0.021739130434782608
17 0.20462962962962963 0.3483835005574136 0.17592592592592593 0.023411371237458192
17 0.10324074074074074 0.40579710144927533 0.16574074074074074 0.016722408026755852
17 0.15925925925925927 0.4648829431438127 0.08518518518518518 0.026755852842809364
17 0.19351851851851853 0.5292642140468228 0.1574074074074074 0.022853957636566332
17 0.1814814814814815 0.5961538461538461 0.13333333333333333 0.021739130434782608
17 0.07546296296296297 0.6527313266443701 0.11388888888888889 0.016722408026755852
17 0.21296296296296297 0.709866220735786 0.19814814814814816 0.018394648829431436
17 0.19398148148148148 0.7787068004459309 0.1638888888888889 0.021181716833890748
17 0.15925925925925927 0.8439241917502787 0.0925925925925926 0.017837235228539576
8 0.0638888888888889 0.8430880713489409 0.053703703703703705 0.03177257525083612
8 0.0638888888888889 0.7764771460423634 0.05 0.032329988851727984
9 0.06435185185185185 0.7090301003344481 0.05648148148148149 0.03455964325529543
9 0.06435185185185185 0.5955964325529542 0.062037037037037036 0.01950947603121516
9 0.06435185185185185 0.5287068004459309 0.062037037037037036 0.029542920847268672
9 0.0638888888888889 0.46181716833890746 0.05925925925925926 0.03177257525083612
8 0.0638888888888889 0.3481047937569677 0.037037037037037035 0.036231884057971016
9 0.0638888888888889 0.28121516164994426 0.05925925925925926 0.03288740245261984
9 0.0638888888888889 0.21460423634336678 0.05925925925925926 0.031215161649944256
9 0.06435185185185185 0.14771460423634336 0.062037037037037036 0.03678929765886287
6 0.2439814814814815 0.5178372352285395 0.4861111111111111 0.9643255295429208
20 0.500462962962963 0.018115942028985508 0.9990740740740741 0.03511705685618729
