8 0.06898148148148149 0.07107023411371237 0.06759259259259259 0.040691192865105905
17 0.19722222222222224 0.07413600891861762 0.1574074074074074 0.02564102564102564
17 0.23472222222222222 0.14186176142697882 0.3509259259259259 0.026198439241917504
17 0.4842592592592593 0.17224080267558528 0.85 0.020066889632107024
11 0.500462962962963 0.5170011148272018 0.8712962962962963 0.5914158305462653
17 0.3490740740740741 0.2714604236343367 0.48703703703703705 0.032329988851727984
5 0.49259259259259264 0.35451505016722407 0.7759259259259259 0.028985507246376812
17 0.23935185185185187 0.3550724637681159 0.26944444444444443 0.027870680044593088
5 0.4930555555555556 0.42391304347826086 0.7731481481481481 0.026198439241917504
17 0.17175925925925928 0.4241917502787068 0.13055555555555556 0.020066889632107024
5 0.49259259259259264 0.4947045707915273 0.7740740740740741 0.026198439241917504
17 0.17175925925925928 0.49526198439241914 0.13240740740740742 0.020624303232998884
5 0.4912037037037037 0.5674470457079153 0.7768518518518519 0.028985507246376812
17 0.27592592592592596 0.568283166109253 0.3462962962962963 0.027313266443701224
5 0.4916666666666667 0.6365663322185061 0.7740740740740741 0.02564102564102564
17 0.17175925925925928 0.637402452619844 0.13425925925925927 0.020624303232998884
5 0.49212962962962964 0.70958751393534 0.775 0.028985507246376812
17 0.23750000000000002 0.7104236343366778 0.2657407407407408 0.027313266443701224
18 0.500462962962963 0.7775919732441472 0.8712962962962963 0.06911928651059086
20 0.500462962962963 0.018115942028985508 0.9990740740740741 0.03511705685618729
