18 0.500462962962963 0.40161649944258637 0.7305555555555556 0.07748049052396878
18 0.500925925925926 0.26059085841694535 0.7314814814814815 0.07748049052396878
18 0.5 0.5418060200668896 0.7296296296296296 0.07803790412486064
8 0.8092592592592593 0.6312709030100334 0.022222222222222223 0.013935340022296544
8 0.8097222222222222 0.6917502787068004 0.021296296296296296 0.014492753623188406
8 0.8097222222222222 0.7519509476031215 0.021296296296296296 0.014492753623188406
17 0.25416666666666665 0.8043478260869565 0.18796296296296297 0.015607580824972128
17 0.26666666666666666 0.7527870680044593 0.21481481481481482 0.017279821627647716
17 0.2726851851851852 0.6945373467112598 0.22314814814814815 0.021181716833890748
17 0.19814814814814816 0.6343366778149386 0.07037037037037037 0.021181716833890748
17 0.5018518518518519 0.4721293199554069 0.053703703703703705 0.0189520624303233
17 0.5018518518518519 0.3319397993311037 0.053703703703703705 0.018394648829431436
11 0.5 0.5178372352285395 0.7777777777777778 0.620958751393534
20 0.500462962962963 0.018115942028985508 0.9990740740740741 0.03511705685618729
