8 0.9467592592592593 0.07636566332218506 0.01388888888888889 0.02564102564102564
9 0.38981481481481484 0.12931995540691194 0.21296296296296297 0.1282051282051282
8 0.06898148148148149 0.28678929765886285 0.04722222222222222 0.027313266443701224
8 0.06944444444444445 0.35758082497212934 0.0462962962962963 0.02508361204013378
9 0.06851851851851852 0.427536231884058 0.04814814814814815 0.023411371237458192
8 0.06898148148148149 0.4974916387959866 0.026851851851851852 0.028428093645484948
9 0.06898148148148149 0.5680044593088072 0.04537037037037037 0.0189520624303233
9 0.06898148148148149 0.6379598662207357 0.04537037037037037 0.023968784838350056
8 0.06898148148148149 0.7081939799331104 0.04537037037037037 0.023968784838350056
17 0.2550925925925926 0.7090301003344481 0.16018518518518518 0.017837235228539576
17 0.2601851851851852 0.6404682274247492 0.17037037037037037 0.021181716833890748
17 0.22824074074074074 0.5705128205128205 0.10462962962962963 0.020624303232998884
17 0.250462962962963 0.4977703455964325 0.14907407407407408 0.017837235228539576
17 0.2439814814814815 0.43004459308807136 0.13611111111111113 0.020624303232998884
17 0.2439814814814815 0.358695652173913 0.13611111111111113 0.018394648829431436
17 0.25092592592592594 0.28762541806020064 0.15 0.017837235228539576
6 0.38981481481481484 0.5183946488294314 0.7777777777777778 0.9632107023411371
20 0.500462962962963 0.018115942028985508 0.9990740740740741 0.03511705685618729
