9 0.36574074074074076 0.1605351170568562 0.32037037037037036 0.19175027870680045
8 0.0712962962962963 0.3171683389074693 0.07592592592592592 0.03901895206243032
8 0.07314814814814816 0.3890746934225195 0.06851851851851852 0.04013377926421405
8 0.075 0.46098104793756967 0.07222222222222223 0.03901895206243032
8 0.07592592592592592 0.5301003344481605 0.07037037037037037 0.03678929765886287
9 0.07592592592592592 0.6014492753623188 0.07037037037037037 0.03901895206243032
8 0.07407407407407407 0.6722408026755853 0.06666666666666667 0.04013377926421405
8 0.6981481481481482 0.6711259754738016 0.022222222222222223 0.022296544035674472
17 0.19722222222222224 0.6739130434782609 0.10185185185185186 0.023411371237458192
17 0.21574074074074076 0.6020066889632107 0.13518518518518519 0.024526198439241916
17 0.23425925925925928 0.5317725752508361 0.17962962962962964 0.024526198439241916
18 0.6555555555555556 0.6014492753623188 0.14814814814814814 0.03678929765886287
17 0.3 0.46265328874024525 0.3074074074074074 0.028985507246376812
17 0.21481481481481482 0.3907469342251951 0.13703703703703704 0.023411371237458192
17 0.24444444444444446 0.32218506131549607 0.1962962962962963 0.031215161649944256
17 0.2555555555555556 0.979933110367893 0.44074074074074077 0.020066889632107024
6 0.36574074074074076 0.5178372352285395 0.7277777777777779 0.9643255295429208
20 0.500925925925926 0.0189520624303233 0.9981481481481482 0.03567447045707915
