17 0.5 0.8076923076923077 0.4518518518518519 0.027870680044593088
8 0.612037037037037 0.07748049052396878 0.06851851851851852 0.03678929765886287
8 0.7268518518518519 0.07692307692307693 0.061111111111111116 0.04013377926421405
8 0.8453703703703704 0.07692307692307693 0.06481481481481481 0.04013377926421405
8 0.7851851851851852 0.41861761426978816 0.022222222222222223 0.007803790412486064
8 0.7842592592592593 0.4899665551839465 0.024074074074074074 0.007803790412486064
8 0.7842592592592593 0.5624303232998885 0.024074074074074074 0.007803790412486064
8 0.7842592592592593 0.6343366778149386 0.02777777777777778 0.008918617614269788
17 0.5444444444444445 0.6343366778149386 0.15555555555555556 0.020066889632107024
17 0.5481481481481482 0.564659977703456 0.16296296296296298 0.023411371237458192
17 0.5842592592592593 0.4910813823857302 0.2388888888888889 0.0189520624303233
17 0.5101851851851852 0.41861761426978816 0.08703703703703704 0.0189520624303233
18 0.500925925925926 0.7040133779264214 0.6981481481481482 0.07023411371237458
17 0.22314814814814815 0.6343366778149386 0.09074074074074075 0.017837235228539576
17 0.23148148148148148 0.564659977703456 0.10740740740740741 0.021181716833890748
17 0.22777777777777777 0.4899665551839465 0.10370370370370371 0.0189520624303233
17 0.23333333333333334 0.41861761426978816 0.11481481481481481 0.0189520624303233
17 0.3175925925925926 0.3394648829431438 0.2796296296296296 0.027870680044593088
9 0.7824074074074074 0.33835005574136007 0.07222222222222223 0.03901895206243032
11 0.5 0.5172798216276477 0.7000000000000001 0.443701226309922
20 0.500925925925926 0.0189520624303233 0.9981481481481482 0.03567447045707915
