17 0.3666666666666667 0.4738015607580825 0.18888888888888888 0.017837235228539576
17 0.35694444444444445 0.40105908584169453 0.1712962962962963 0.017279821627647716
17 0.49953703703703706 0.7235228539576366 0.4324074074074074 0.021181716833890748
18 0.49953703703703706 0.6630434782608695 0.4138888888888889 0.051839464882943144
18 0.5 0.6045150501672241 0.3666666666666667 0.051839464882943144
17 0.49444444444444446 0.5496098104793757 0.4166666666666667 0.017837235228539576
7 0.5 0.47324414715719065 0.48703703703703705 0.059085841694537344
7 0.5 0.4005016722408027 0.48703703703703705 0.05852842809364548
17 0.500462962962963 0.3430880713489409 0.39166666666666666 0.021739130434782608
17 0.23333333333333334 0.2644927536231884 0.1574074074074074 0.030657748049052396
11 0.49953703703703706 0.5178372352285395 0.7731481481481481 0.6086956521739131
20 0.500462962962963 0.018115942028985508 0.9990740740740741 0.03511705685618729
