17 0.2606481481481482 0.07775919732441472 0.225 0.026198439241917504
17 0.4393518518518519 0.17670011148272016 0.3138888888888889 0.022296544035674472
17 0.1824074074074074 0.28121516164994426 0.10925925925925926 0.028428093645484948
17 0.2087962962962963 0.37068004459308806 0.16203703703703703 0.028985507246376812
17 0.22453703703703703 0.45735785953177255 0.19351851851851853 0.023968784838350056
17 0.1787037037037037 0.5479375696767002 0.1 0.022296544035674472
8 0.06435185185185185 0.5471014492753623 0.058333333333333334 0.03511705685618729
8 0.0638888888888889 0.45791527313266445 0.040740740740740744 0.036231884057971016
8 0.06435185185185185 0.3681716833890747 0.062037037037037036 0.037346711259754736
8 0.0638888888888889 0.2798216276477146 0.05925925925925926 0.030100334448160536
9 0.19583333333333333 0.17614269788182832 0.12314814814814816 0.07357859531772575
8 0.06712962962962964 0.07608695652173914 0.04166666666666667 0.026198439241917504
19 0.500462962962963 0.07385730211817168 0.9990740740740741 0.07413600891861762
6 0.3648148148148148 0.5554626532887402 0.7277777777777779 0.8890746934225195
20 0.500462962962963 0.018115942028985508 0.9990740740740741 0.03511705685618729
