17 0.7305555555555556 0.07385730211817168 0.5018518518518519 0.027313266443701224
17 0.28425925925925927 0.1424191750278707 0.06296296296296297 0.017279821627647716
17 0.41574074074074074 0.21432552954292083 0.32592592592592595 0.021739130434782608
17 0.37592592592592594 0.2853957636566332 0.24814814814814815 0.022296544035674472
17 0.2972222222222222 0.35451505016722407 0.0925925925925926 0.017837235228539576
17 0.33333333333333337 0.4258639910813824 0.16666666666666669 0.017837235228539576
17 0.34074074074074073 0.4974916387959866 0.1814814814814815 0.017279821627647716
17 0.4046296296296297 0.5693979933110368 0.3055555555555556 0.021739130434782608
17 0.3685185185185185 0.6407469342251951 0.23333333333333334 0.021739130434782608
17 0.10648148148148148 0.8299888517279822 0.08333333333333334 0.014492753623188406
17 0.10740740740740741 0.7040133779264214 0.10555555555555556 0.0189520624303233
17 0.10740740740740741 0.5744147157190636 0.061111111111111116 0.015050167224080268
17 0.10648148148148148 0.44816053511705684 0.10925925925925926 0.014492753623188406
17 0.10694444444444445 0.32079152731326643 0.0787037037037037 0.016164994425863992
17 0.10555555555555556 0.1956521739130435 0.06666666666666667 0.020066889632107024
8 0.013425925925925926 0.07023411371237458 0.025 0.024526198439241916
8 0.10648148148148148 0.15858416945373466 0.07962962962962963 0.04626532887402453
8 0.10648148148148148 0.28511705685618727 0.07962962962962963 0.048494983277591976
8 0.10648148148148148 0.4122073578595318 0.05925925925925926 0.048494983277591976
8 0.10601851851851853 0.5392976588628763 0.058333333333333334 0.048494983277591976
8 0.10601851851851853 0.6661092530657748 0.0638888888888889 0.04905239687848383
8 0.10648148148148148 0.7937569676700111 0.07407407407407407 0.04905239687848383
8 0.10648148148148148 0.9216833890746934 0.08148148148148149 0.015050167224080268
17 0.10740740740740741 0.9576365663322185 0.06666666666666667 0.014492753623188406
19 0.500462962962963 0.07107023411371237 0.9990740740740741 0.06967670011148272
6 0.4226851851851852 0.5529542920847269 0.8435185185185186 0.8940914158305463
20 0.500462962962963 0.018115942028985508 0.9990740740740741 0.03511705685618729
