18 0.4990740740740741 0.8171683389074693 0.7537037037037038 0.06243032329988851
18 0.500925925925926 0.7435897435897436 0.75 0.06020066889632107
18 0.500925925925926 0.6700111482720178 0.7537037037037038 0.06020066889632107
18 0.5 0.5964325529542921 0.7518518518518519 0.057971014492753624
18 0.500925925925926 0.5239687848383501 0.75 0.06020066889632107
17 0.46481481481481485 0.443701226309922 0.6777777777777778 0.024526198439241916
17 0.2898148148148148 0.3617614269788183 0.32407407407407407 0.030100334448160536
9 0.5 0.2842809364548495 0.825925925925926 0.23411371237458192
11 0.5018518518518519 0.5183946488294314 0.8296296296296297 0.7023411371237458
20 0.500925925925926 0.0189520624303233 0.9981481481481482 0.03567447045707915
