17 0.225 0.6806020066889632 0.38333333333333336 0.02564102564102564
17 0.1537037037037037 0.8885172798216276 0.24444444444444446 0.022296544035674472
17 0.2796296296296296 0.7859531772575251 0.5 0.026755852842809364
16 0.8768518518518519 0.7837235228539576 0.18333333333333335 0.06465997770345597
16 0.8777777777777778 0.6783723522853957 0.1814814814814815 0.06354515050167224
17 0.13148148148148148 0.5735785953177257 0.20370370370370372 0.021181716833890748
16 0.8814814814814815 0.5730211817168339 0.1814814814814815 0.06243032329988851
17 0.17037037037037037 0.46878483835005574 0.2814814814814815 0.021181716833890748
17 0.13703703703703704 0.36622073578595316 0.21481481481481482 0.02564102564102564
17 0.17037037037037037 0.2608695652173913 0.2777777777777778 0.026755852842809364
8 0.9296296296296297 0.1527313266443701 0.02962962962962963 0.013377926421404682
17 0.08888888888888889 0.16945373467112598 0.11481481481481481 0.020066889632107024
17 0.20370370370370372 0.14046822742474915 0.34444444444444444 0.026755852842809364
17 0.3351851851851852 0.07859531772575251 0.3111111111111111 0.027870680044593088
8 0.9324074074074075 0.07692307692307693 0.05 0.031215161649944256
8 0.06851851851851852 0.07748049052396878 0.05925925925925926 0.03678929765886287
19 0.5018518518518519 0.07859531772575251 0.9962962962962963 0.08361204013377926
20 0.500925925925926 0.0189520624303233 0.9981481481481482 0.03567447045707915
