8 0.049074074074074076 0.06521739130434782 0.03888888888888889 0.023411371237458192
9 0.5 0.2157190635451505 0.48888888888888893 0.10590858416945373
17 0.500925925925926 0.34782608695652173 0.8018518518518519 0.08918617614269789
17 0.5018518518518519 0.47101449275362317 0.7592592592592593 0.05239687848383501
18 0.5 0.5585284280936454 0.9037037037037038 0.0758082497212932
18 0.5 0.6493868450390189 0.9037037037037038 0.07246376811594203
18 0.500925925925926 0.7369007803790413 0.9055555555555556 0.06020066889632107
17 0.2712962962962963 0.835005574136009 0.08333333333333334 0.022296544035674472
17 0.7314814814814815 0.8338907469342252 0.06666666666666667 0.022296544035674472
0 0.500925925925926 0.5183946488294314 0.9981481481481482 0.9632107023411371
20 0.500925925925926 0.0189520624303233 0.9981481481481482 0.03567447045707915
