17 0.26157407407407407 0.07971014492753623 0.225 0.030100334448160536
8 0.9467592592592593 0.07692307692307693 0.012037037037037037 0.024526198439241916
17 0.06296296296296297 0.15328874024526198 0.12407407407407407 0.016722408026755852
17 0.30462962962962964 0.15301003344481606 0.18333333333333335 0.016164994425863992
17 0.5875 0.15301003344481606 0.1824074074074074 0.016164994425863992
17 0.8675925925925926 0.1535674470457079 0.12962962962962962 0.016164994425863992
11 0.500462962962963 0.5181159420289855 0.8731481481481482 0.580267558528428
17 0.28055555555555556 0.2745261984392419 0.3111111111111111 0.022853957636566332
5 0.2189814814814815 0.3394648829431438 0.18425925925925926 0.030100334448160536
17 0.27685185185185185 0.3403010033444816 0.06851851851851852 0.020624303232998884
5 0.2388888888888889 0.41025641025641024 0.2240740740740741 0.030100334448160536
17 0.2962962962962963 0.4105351170568562 0.10925925925925926 0.020624303232998884
5 0.2240740740740741 0.4802118171683389 0.19444444444444445 0.030657748049052396
17 0.28055555555555556 0.4807692307692308 0.08148148148148149 0.020624303232998884
5 0.22314814814814815 0.5501672240802675 0.1925925925925926 0.030100334448160536
17 0.28055555555555556 0.5510033444816054 0.07777777777777778 0.020624303232998884
5 0.23842592592592593 0.6204013377926422 0.22314814814814815 0.030100334448160536
17 0.2962962962962963 0.6212374581939799 0.10740740740740741 0.020624303232998884
5 0.2300925925925926 0.6906354515050167 0.2064814814814815 0.030100334448160536
17 0.28611111111111115 0.6911928651059086 0.09444444444444444 0.020066889632107024
5 0.22268518518518518 0.7608695652173912 0.19166666666666668 0.030100334448160536
17 0.28055555555555556 0.7614269788182831 0.07592592592592592 0.021181716833890748
20 0.500462962962963 0.018115942028985508 0.9990740740740741 0.03511705685618729
