8 0.9319444444444445 0.07107023411371237 0.015740740740740743 0.03177257525083612
8 0.7962962962962963 0.07079152731326645 0.06481481481481481 0.0379041248606466
8 0.6578703703703704 0.07162764771460424 0.05648148148148149 0.03511705685618729
17 0.22546296296296298 0.07357859531772575 0.2101851851851852 0.026755852842809364
9 0.06944444444444445 0.07107023411371237 0.06296296296296297 0.037346711259754736
17 0.4953703703703704 0.4523411371237458 0.43703703703703706 0.09866220735785954
17 0.500462962962963 0.8210702341137124 0.15833333333333333 0.030100334448160536
18 0.500462962962963 0.7109810479375697 0.4861111111111111 0.07079152731326645
18 0.500462962962963 0.6117614269788183 0.4861111111111111 0.07079152731326645
17 0.4712962962962963 0.31270903010033446 0.3925925925925926 0.09364548494983277
11 0.500462962962963 0.5178372352285395 0.737962962962963 0.693422519509476
20 0.500462962962963 0.018115942028985508 0.9990740740740741 0.03511705685618729
