11 0.4990740740740741 0.5261984392419174 0.9500000000000001 0.802675585284281
17 0.09074074074074075 0.15551839464882944 0.08518518518518518 0.021181716833890748
5 0.4935185185185185 0.2157190635451505 0.8351851851851853 0.027870680044593088
17 0.16296296296296298 0.2157190635451505 0.17407407407407408 0.0189520624303233
5 0.4935185185185185 0.27759197324414714 0.8351851851851853 0.028985507246376812
17 0.1574074074074074 0.28037904124860646 0.16296296296296298 0.023411371237458192
5 0.4935185185185185 0.3394648829431438 0.8351851851851853 0.027870680044593088
17 0.13333333333333333 0.342809364548495 0.11481481481481481 0.021181716833890748
5 0.4935185185185185 0.4013377926421405 0.8351851851851853 0.026755852842809364
17 0.13611111111111113 0.4018952062430323 0.12037037037037038 0.0189520624303233
5 0.49444444444444446 0.4632107023411371 0.8333333333333334 0.027870680044593088
17 0.1537037037037037 0.4659977703455964 0.15185185185185185 0.022296544035674472
5 0.49259259259259264 0.5245261984392419 0.837037037037037 0.027870680044593088
17 0.22222222222222224 0.5267558528428093 0.2962962962962963 0.023411371237458192
5 0.4935185185185185 0.5863991081382386 0.8351851851851853 0.028985507246376812
17 0.23240740740740742 0.588628762541806 0.312962962962963 0.024526198439241916
5 0.4935185185185185 0.6488294314381271 0.8351851851851853 0.028985507246376812
17 0.28703703703703703 0.6510590858416945 0.4222222222222222 0.024526198439241916
5 0.4935185185185185 0.7112597547380156 0.8351851851851853 0.028985507246376812
17 0.14074074074074075 0.7134894091415831 0.12962962962962962 0.024526198439241916
5 0.4935185185185185 0.7714604236343366 0.8351851851851853 0.028985507246376812
17 0.15185185185185185 0.7731326644370122 0.15185185185185185 0.0189520624303233
5 0.4935185185185185 0.8344481605351171 0.8351851851851853 0.027870680044593088
17 0.1925925925925926 0.8344481605351171 0.23333333333333334 0.0189520624303233
5 0.4935185185185185 0.8957636566332219 0.8351851851851853 0.027870680044593088
17 0.1962962962962963 0.8974358974358975 0.24074074074074076 0.022296544035674472
20 0.500925925925926 0.0189520624303233 0.9981481481481482 0.03567447045707915
