20 0.5006944444444444 0.014453125 0.9986111111111111 0.02734375
8 0.07291666666666667 0.070703125 0.04027777777777778 0.022656250000000003
17 0.5020833333333333 0.06953125 0.25416666666666665 0.021875000000000002
17 0.125 0.15000000000000002 0.16666666666666669 0.018750000000000003
17 0.08819444444444445 0.213671875 0.09305555555555556 0.022656250000000003
17 0.23611111111111113 0.27187500000000003 0.3944444444444445 0.018750000000000003
17 0.16736111111111113 0.33437500000000003 0.2513888888888889 0.0234375
8 0.9333333333333333 0.15156250000000002 0.019444444444444445 0.0171875
8 0.9326388888888889 0.21171875 0.020833333333333336 0.0171875
8 0.9333333333333333 0.2734375 0.019444444444444445 0.0171875
8 0.9319444444444445 0.33359375 0.019444444444444445 0.0171875
