20 0.5006944444444444 0.0140625 0.9986111111111111 0.026562500000000003
8 0.059722222222222225 0.058984375000000006 0.04722222222222222 0.02421875
9 0.37222222222222223 0.06015625 0.05 0.03125
17 0.5284722222222222 0.06015625 0.2513888888888889 0.021875000000000002
17 0.5006944444444444 0.15859375 0.6263888888888889 0.0328125
9 0.5 0.40273437500000003 0.9416666666666667 0.38984375000000004
17 0.5 0.641796875 0.48888888888888893 0.02109375
17 0.5006944444444444 0.7093750000000001 0.2263888888888889 0.018750000000000003
18 0.5013888888888889 0.822265625 0.9416666666666667 0.07109375
18 0.5013888888888889 0.9140625 0.9416666666666667 0.0703125
