8 0.5875 0.23203125000000002 0.06944444444444445 0.0390625
17 0.24861111111111112 0.07187500000000001 0.14166666666666666 0.0203125
17 0.49930555555555556 0.299609375 0.10138888888888889 0.01953125
17 0.5006944444444444 0.34296875000000004 0.23472222222222222 0.015625
17 0.5027777777777778 0.4578125 0.1277777777777778 0.0125
17 0.8361111111111111 0.458984375 0.1277777777777778 0.01640625
17 0.1701388888888889 0.4578125 0.07916666666666666 0.0125
17 0.5020833333333333 0.41914062500000004 0.029166666666666667 0.01953125
17 0.8368055555555556 0.41914062500000004 0.029166666666666667 0.01953125
17 0.16875 0.41914062500000004 0.029166666666666667 0.01953125
17 0.16875 0.53515625 0.1375 0.0171875
17 0.5013888888888889 0.5359375000000001 0.1388888888888889 0.015625
17 0.8333333333333334 0.5378906250000001 0.1388888888888889 0.01953125
17 0.5013888888888889 0.8128906250000001 0.4638888888888889 0.02109375
17 0.5006944444444444 0.8515625 0.6847222222222222 0.0203125
18 0.27083333333333337 0.623046875 0.46111111111111114 0.04453125
18 0.7312500000000001 0.623046875 0.45972222222222225 0.04453125
8 0.8319444444444445 0.070703125 0.0638888888888889 0.02890625
8 0.9416666666666667 0.07187500000000001 0.044444444444444446 0.025
8 0.06875 0.072265625 0.04027777777777778 0.022656250000000003
9 0.5 0.180078125 0.2638888888888889 0.14296875
20 0.5006944444444444 0.0171875 0.9986111111111111 0.0328125
