17 0.2215277777777778 0.072265625 0.1513888888888889 0.02109375
17 0.7555555555555555 0.07265625 0.13055555555555556 0.015625
17 0.3229166666666667 0.168359375 0.4041666666666667 0.01640625
17 0.37569444444444444 0.198046875 0.5125000000000001 0.017968750000000002
17 0.17708333333333334 0.279296875 0.27083333333333337 0.01640625
17 0.1076388888888889 0.35234375 0.13472222222222222 0.015625
17 0.07777777777777778 0.42695312500000004 0.075 0.01640625
17 0.08263888888888889 0.5046875000000001 0.08194444444444444 0.0203125
17 0.14027777777777778 0.58828125 0.20277777777777778 0.015625
17 0.3027777777777778 0.653515625 0.225 0.01640625
17 0.5743055555555556 0.692578125 0.7708333333333334 0.03671875
17 0.30208333333333337 0.773046875 0.22361111111111112 0.02109375
17 0.4652777777777778 0.8 0.55 0.018750000000000003
17 0.27708333333333335 0.8656250000000001 0.1736111111111111 0.0171875
17 0.5291666666666667 0.9050781250000001 0.6777777777777778 0.03828125
17 0.7006944444444445 0.980078125 0.10972222222222222 0.013281250000000001
17 0.9 0.980078125 0.061111111111111116 0.013281250000000001
17 0.5 0.9796875 0.09166666666666667 0.0140625
17 0.30069444444444443 0.9796875 0.12361111111111112 0.0140625
17 0.10069444444444445 0.980078125 0.07916666666666666 0.013281250000000001
8 0.5486111111111112 0.07109375 0.03888888888888889 0.029687500000000002
8 0.9034722222222222 0.07187500000000001 0.02638888888888889 0.0078125
8 0.09236111111111112 0.07187500000000001 0.051388888888888894 0.028125
9 0.06597222222222222 0.18125000000000002 0.04861111111111111 0.028125
8 0.10069444444444445 0.95078125 0.05694444444444444 0.029687500000000002
8 0.3013888888888889 0.95078125 0.058333333333333334 0.029687500000000002
8 0.5 0.95078125 0.05555555555555556 0.03125
8 0.7000000000000001 0.95078125 0.05 0.03125
8 0.9006944444444445 0.95078125 0.05694444444444444 0.026562500000000003
9 0.0951388888888889 0.888671875 0.11805555555555557 0.06640625
9 0.0951388888888889 0.783203125 0.11805555555555557 0.06640625
9 0.09583333333333334 0.6761718750000001 0.11666666666666667 0.06484375
7 0.5 0.07187500000000001 0.9222222222222223 0.0546875
20 0.5006944444444444 0.0171875 0.9986111111111111 0.0328125
