17 0.2513888888888889 0.06640625 0.18888888888888888 0.0171875
17 0.7486111111111111 0.06601562500000001 0.13333333333333333 0.01640625
17 0.5006944444444444 0.45937500000000003 0.43194444444444446 0.028125
17 0.5006944444444444 0.501171875 0.6902777777777778 0.02109375
18 0.5013888888888889 0.5593750000000001 0.2777777777777778 0.051562500000000004
17 0.16527777777777777 0.9792968750000001 0.09722222222222222 0.014843750000000001
17 0.5006944444444444 0.978125 0.1513888888888889 0.0171875
17 0.8326388888888889 0.9808593750000001 0.11805555555555557 0.017968750000000002
8 0.16805555555555557 0.95078125 0.05 0.028125
8 0.5013888888888889 0.947265625 0.05 0.025781250000000002
8 0.8340277777777778 0.950390625 0.04583333333333334 0.025781250000000002
9 0.5006944444444444 0.511328125 0.9986111111111111 0.82421875
20 0.5006944444444444 0.0171875 0.9986111111111111 0.0328125
