17 0.5013888888888889 0.0734375 0.225 0.0234375
9 0.4986111111111111 0.25546875 0.31666666666666665 0.26875
8 0.5923611111111111 0.43593750000000003 0.02638888888888889 0.0390625
17 0.5027777777777778 0.5 0.4 0.021875000000000002
17 0.4986111111111111 0.6097656250000001 0.5861111111111111 0.07265625
17 0.10138888888888889 0.980078125 0.07777777777777778 0.013281250000000001
17 0.3013888888888889 0.980078125 0.12222222222222223 0.013281250000000001
17 0.5 0.9796875 0.09166666666666667 0.0140625
17 0.7006944444444445 0.980078125 0.10972222222222222 0.013281250000000001
17 0.9 0.980078125 0.061111111111111116 0.013281250000000001
18 0.5006944444444444 0.868359375 0.9597222222222223 0.07265625
8 0.10069444444444445 0.95078125 0.05694444444444444 0.028125
8 0.3013888888888889 0.950390625 0.058333333333333334 0.02890625
8 0.5006944444444444 0.95078125 0.05416666666666667 0.03125
8 0.7000000000000001 0.950390625 0.04722222222222222 0.030468750000000003
8 0.9006944444444445 0.950390625 0.05694444444444444 0.02734375
20 0.5006944444444444 0.0171875 0.9986111111111111 0.0328125
