17 0.13333333333333333 0.29765625 0.16111111111111112 0.0171875
17 0.09652777777777778 0.19492187500000002 0.09027777777777778 0.017968750000000002
7 0.5013888888888889 0.20078125000000002 0.9027777777777778 0.029687500000000002
7 0.5013888888888889 0.3046875 0.9027777777777778 0.035937500000000004
17 0.10833333333333334 0.07500000000000001 0.13333333333333333 0.026562500000000003
17 0.2263888888888889 0.392578125 0.3666666666666667 0.017968750000000002
17 0.5020833333333333 0.6683593750000001 0.5430555555555556 0.017968750000000002
18 0.5 0.582421875 0.9222222222222223 0.06640625
18 0.5 0.49648437500000003 0.9222222222222223 0.06640625
8 0.9034722222222222 0.30000000000000004 0.05416666666666667 0.026562500000000003
20 0.5006944444444444 0.0171875 0.9986111111111111 0.0328125
