17 0.17777777777777778 0.06601562500000001 0.14722222222222223 0.014843750000000001
17 0.9 0.9753906250000001 0.08611111111111111 0.01015625
17 0.7020833333333334 0.97578125 0.09305555555555556 0.009375000000000001
17 0.5006944444444444 0.9750000000000001 0.10972222222222222 0.009375000000000001
17 0.30069444444444443 0.97578125 0.09305555555555556 0.009375000000000001
17 0.10138888888888889 0.9750000000000001 0.061111111111111116 0.009375000000000001
8 0.10138888888888889 0.939453125 0.058333333333333334 0.03359375
8 0.30208333333333337 0.939453125 0.05694444444444444 0.032031250000000004
8 0.5013888888888889 0.9402343750000001 0.05555555555555556 0.032031250000000004
8 0.7000000000000001 0.938671875 0.058333333333333334 0.03359375
8 0.9006944444444445 0.9390625 0.05694444444444444 0.03125
18 0.8597222222222223 0.8140625 0.125 0.0703125
18 0.5006944444444444 0.534765625 0.8458333333333333 0.06796875000000001
17 0.5020833333333333 0.455078125 0.04583333333333334 0.014843750000000001
17 0.5020833333333333 0.38320312500000003 0.6680555555555556 0.022656250000000003
17 0.5020833333333333 0.300390625 0.8125 0.06171875
18 0.7402777777777778 0.146875 0.4416666666666667 0.07500000000000001
17 0.8256944444444445 0.06601562500000001 0.1375 0.014843750000000001
17 0.5006944444444444 0.06601562500000001 0.1902777777777778 0.014843750000000001
20 0.5006944444444444 0.013671875 0.9986111111111111 0.025781250000000002
18 0.2611111111111111 0.146875 0.4416666666666667 0.07500000000000001
