17 0.15486111111111112 0.751171875 0.2125 0.01640625
17 0.21944444444444444 0.68125 0.33611111111111114 0.0203125
17 0.12708333333333333 0.6160156250000001 0.15416666666666667 0.02421875
17 0.09444444444444444 0.546875 0.08611111111111111 0.025
17 0.1326388888888889 0.476171875 0.1625 0.01953125
17 0.20833333333333334 0.33828125000000003 0.14166666666666666 0.018750000000000003
17 0.17222222222222222 0.40742187500000004 0.06944444444444445 0.01953125
8 0.07986111111111112 0.40625 0.051388888888888894 0.0203125
9 0.08055555555555556 0.3375 0.061111111111111116 0.015625
17 0.23819444444444446 0.2515625 0.3791666666666667 0.046875
18 0.3819444444444445 0.16718750000000002 0.325 0.0625
20 0.5006944444444444 0.0171875 0.9986111111111111 0.0328125
8 0.920138888888889 0.06601562500000001 0.05416666666666667 0.030468750000000003
8 0.12222222222222223 0.16718750000000002 0.14722222222222223 0.08281250000000001
8 0.06041666666666667 0.06640625 0.04861111111111111 0.0203125
6 0.3055555555555556 0.5496093750000001 0.6083333333333334 0.9007812500000001
