8 0.9 0.9613281250000001 0.05 0.02890625
8 0.6986111111111112 0.9613281250000001 0.05 0.02890625
8 0.5006944444444444 0.9609375 0.051388888888888894 0.025
8 0.29930555555555555 0.9609375 0.043055555555555555 0.025
8 0.10069444444444445 0.9617187500000001 0.04583333333333334 0.0234375
17 0.23402777777777778 0.90546875 0.38472222222222224 0.025
17 0.2701388888888889 0.8289062500000001 0.4569444444444445 0.025
17 0.23680555555555557 0.751953125 0.3902777777777778 0.025781250000000002
17 0.19236111111111112 0.67578125 0.3013888888888889 0.025
17 0.18888888888888888 0.596875 0.29444444444444445 0.0203125
17 0.22361111111111112 0.5203125000000001 0.3611111111111111 0.0203125
9 0.5006944444444444 0.29531250000000003 0.9986111111111111 0.371875
17 0.2465277777777778 0.072265625 0.13472222222222222 0.02421875
8 0.06944444444444445 0.071484375 0.03888888888888889 0.022656250000000003
20 0.5006944444444444 0.014453125 0.9986111111111111 0.02734375
