20 0.5006944444444444 0.014453125 0.9986111111111111 0.02734375
17 0.1513888888888889 0.083203125 0.2138888888888889 0.03515625
18 0.19444444444444445 0.15859375 0.3111111111111111 0.05625
8 0.9319444444444445 0.08164062500000001 0.058333333333333334 0.032031250000000004
9 0.49930555555555556 0.546875 0.48750000000000004 0.19843750000000002
17 0.5020833333333333 0.7093750000000001 0.4791666666666667 0.026562500000000003
17 0.5 0.757421875 0.7361111111111112 0.025781250000000002
8 0.16805555555555557 0.9515625000000001 0.03888888888888889 0.021875000000000002
17 0.16666666666666669 0.978125 0.11944444444444445 0.0171875
8 0.5006944444444444 0.95078125 0.043055555555555555 0.0203125
17 0.5013888888888889 0.978125 0.09444444444444444 0.0171875
8 0.8333333333333334 0.95078125 0.030555555555555558 0.021875000000000002
17 0.8347222222222223 0.978125 0.10555555555555556 0.0171875
