17 0.5034722222222222 0.76328125 0.42638888888888893 0.034375
17 0.5006944444444444 0.6179687500000001 0.7513888888888889 0.046875
17 0.9006944444444445 0.97578125 0.08472222222222223 0.009375000000000001
17 0.7020833333333334 0.9750000000000001 0.09305555555555556 0.009375000000000001
17 0.5006944444444444 0.9750000000000001 0.10972222222222222 0.009375000000000001
17 0.30069444444444443 0.97578125 0.09305555555555556 0.009375000000000001
17 0.10208333333333333 0.97578125 0.0625 0.009375000000000001
8 0.10138888888888889 0.9390625 0.058333333333333334 0.0328125
8 0.3013888888888889 0.938671875 0.058333333333333334 0.032031250000000004
8 0.5013888888888889 0.939453125 0.05555555555555556 0.032031250000000004
8 0.7006944444444445 0.939453125 0.059722222222222225 0.03359375
8 0.9 0.939453125 0.058333333333333334 0.032031250000000004
18 0.5006944444444444 0.835546875 0.22361111111111112 0.04453125
17 0.5013888888888889 0.56015625 0.4416666666666667 0.026562500000000003
17 0.5027777777777778 0.36445312500000004 0.6083333333333334 0.03515625
17 0.5013888888888889 0.219140625 0.6916666666666667 0.04609375
18 0.5006944444444444 0.43671875000000004 0.22361111111111112 0.045312500000000006
18 0.8180555555555555 0.078515625 0.26944444444444443 0.06640625
18 0.5013888888888889 0.078515625 0.26944444444444443 0.06640625
20 0.5006944444444444 0.0171875 0.9986111111111111 0.0328125
17 0.5013888888888889 0.16132812500000002 0.5694444444444444 0.025781250000000002
18 0.18333333333333335 0.079296875 0.26944444444444443 0.06640625
9 0.5 0.373046875 0.9222222222222223 0.21640625000000002
9 0.5013888888888889 0.761328125 0.9222222222222223 0.19453125000000002
