17 0.3791666666666667 0.362109375 0.6555555555555556 0.02109375
17 0.7069444444444445 0.728125 0.1 0.0203125
7 0.5006944444444444 0.37148437500000003 0.9041666666666667 0.039843750000000004
17 0.4986111111111111 0.265625 0.6027777777777777 0.026562500000000003
17 0.5 0.446875 0.04722222222222222 0.0171875
17 0.4361111111111111 0.727734375 0.4138888888888889 0.02109375
17 0.5013888888888889 0.9539062500000001 0.7138888888888889 0.037500000000000006
9 0.49930555555555556 0.18671875000000002 0.10972222222222222 0.060937500000000006
18 0.5013888888888889 0.622265625 0.9027777777777778 0.07109375
18 0.5013888888888889 0.537109375 0.9027777777777778 0.07265625
20 0.5006944444444444 0.0171875 0.9986111111111111 0.0328125
