17 0.1736111111111111 0.4421875 0.16944444444444445 0.0171875
17 0.33611111111111114 0.36250000000000004 0.49444444444444446 0.0171875
9 0.5006944444444444 0.144921875 0.48194444444444445 0.06640625
17 0.84375 0.9398437500000001 0.10138888888888889 0.0140625
17 0.5541666666666667 0.9417968750000001 0.1388888888888889 0.017968750000000002
17 0.24861111111111112 0.9398437500000001 0.13333333333333333 0.0140625
17 0.5 0.8828125 0.33611111111111114 0.015625
17 0.83125 0.5085937500000001 0.24027777777777778 0.0171875
17 0.25069444444444444 0.262890625 0.10416666666666667 0.02421875
17 0.75 0.260546875 0.3055555555555556 0.017968750000000002
7 0.5 0.362890625 0.9055555555555556 0.06796875000000001
7 0.5 0.44179687500000003 0.9055555555555556 0.06796875000000001
8 0.12916666666666668 0.939453125 0.06666666666666667 0.03828125
9 0.43194444444444446 0.939453125 0.06944444444444445 0.039843750000000004
8 0.7430555555555556 0.939453125 0.06666666666666667 0.032031250000000004
