17 0.4715277777777778 0.11484375000000001 0.5902777777777778 0.025
17 0.23194444444444445 0.19843750000000002 0.1277777777777778 0.0203125
17 0.4152777777777778 0.28164062500000003 0.49444444444444446 0.02109375
17 0.35625 0.365234375 0.3736111111111111 0.02109375
17 0.3854166666666667 0.448828125 0.43194444444444446 0.02109375
17 0.23472222222222222 0.530859375 0.13333333333333333 0.01640625
17 0.40208333333333335 0.61640625 0.46805555555555556 0.0203125
17 0.26944444444444443 0.6996093750000001 0.20277777777777778 0.02109375
17 0.3513888888888889 0.783203125 0.36388888888888893 0.02109375
17 0.26458333333333334 0.86484375 0.1902777777777778 0.0171875
17 0.12638888888888888 0.985546875 0.07777777777777778 0.01171875
17 0.3763888888888889 0.9851562500000001 0.17222222222222222 0.0125
17 0.6270833333333333 0.9859375 0.10694444444444445 0.015625
17 0.8763888888888889 0.984375 0.14444444444444446 0.0125
8 0.8756944444444444 0.9558593750000001 0.05416666666666667 0.030468750000000003
8 0.6256944444444444 0.955078125 0.05416666666666667 0.025781250000000002
8 0.37569444444444444 0.9558593750000001 0.05694444444444444 0.02890625
8 0.12638888888888888 0.9554687500000001 0.05555555555555556 0.03125
9 0.09930555555555556 0.864453125 0.08472222222222223 0.04609375
9 0.09861111111111112 0.7800781250000001 0.04166666666666667 0.039843750000000004
9 0.09791666666666667 0.697265625 0.0625 0.03515625
9 0.09722222222222222 0.6136718750000001 0.06666666666666667 0.02890625
9 0.09791666666666667 0.5300781250000001 0.06527777777777778 0.03515625
9 0.09861111111111112 0.44648437500000004 0.044444444444444446 0.03828125
9 0.09791666666666667 0.36328125 0.05694444444444444 0.034375
9 0.09791666666666667 0.27968750000000003 0.07916666666666666 0.040625
9 0.09861111111111112 0.195703125 0.08611111111111111 0.03671875
8 0.10902777777777778 0.11210937500000001 0.04583333333333334 0.025781250000000002
7 0.5006944444444444 0.1125 0.9236111111111112 0.078125
20 0.5006944444444444 0.0171875 0.9986111111111111 0.0328125
