17 0.28958333333333336 0.9832031250000001 0.5069444444444444 0.03359375
8 0.052083333333333336 0.8250000000000001 0.03194444444444445 0.0234375
8 0.05277777777777778 0.884375 0.03333333333333333 0.018750000000000003
8 0.3194444444444445 0.884765625 0.022222222222222223 0.00859375
17 0.19236111111111112 0.8859375 0.20694444444444446 0.0203125
17 0.4708333333333333 0.8234375 0.7666666666666667 0.043750000000000004
17 0.14375000000000002 0.757421875 0.20694444444444446 0.01640625
17 0.4840277777777778 0.6746093750000001 0.8958333333333334 0.09921875000000001
9 0.6243055555555556 0.5765625 0.059722222222222225 0.034375
8 0.8645833333333334 0.577734375 0.05694444444444444 0.032031250000000004
17 0.93125 0.58125 0.051388888888888894 0.015625
17 0.7222222222222222 0.5796875 0.11388888888888889 0.0171875
18 0.14375000000000002 0.5796875 0.2125 0.045312500000000006
8 0.8493055555555555 0.53359375 0.2152777777777778 0.0203125
8 0.9173611111111112 0.45820312500000004 0.07083333333333333 0.03515625
17 0.30625 0.43789062500000003 0.5236111111111111 0.09765625
8 0.06180555555555556 0.07109375 0.051388888888888894 0.025
8 0.9409722222222222 0.071484375 0.05694444444444444 0.02734375
9 0.5 0.26875 0.9972222222222222 0.4703125
20 0.5006944444444444 0.0171875 0.9986111111111111 0.0328125
