17 0.2916666666666667 0.339453125 0.24444444444444446 0.025781250000000002
9 0.5006944444444444 0.087890625 0.29305555555555557 0.032031250000000004
17 0.23333333333333334 0.18476562500000002 0.12222222222222223 0.02109375
17 0.26458333333333334 0.26328125 0.18472222222222223 0.025
17 0.70625 0.186328125 0.12638888888888888 0.025781250000000002
17 0.6854166666666667 0.261328125 0.08750000000000001 0.01953125
17 0.7131944444444445 0.3375 0.14305555555555557 0.0203125
17 0.5 0.479296875 0.6833333333333333 0.025781250000000002
17 0.5 0.52578125 0.7111111111111111 0.045312500000000006
17 0.5006944444444444 0.60546875 0.5402777777777777 0.025
17 0.1625 0.681640625 0.2611111111111111 0.02890625
17 0.16736111111111113 0.978125 0.15972222222222224 0.018750000000000003
17 0.5 0.978515625 0.07222222222222223 0.017968750000000002
17 0.8333333333333334 0.9769531250000001 0.11944444444444445 0.014843750000000001
9 0.5659722222222222 0.184375 0.04861111111111111 0.026562500000000003
9 0.09652777777777778 0.183984375 0.03194444444444445 0.025781250000000002
9 0.09791666666666667 0.259375 0.05694444444444444 0.029687500000000002
8 0.0951388888888889 0.33710937500000004 0.04861111111111111 0.025781250000000002
9 0.5652777777777778 0.2609375 0.05277777777777778 0.0203125
9 0.5659722222222222 0.335546875 0.043055555555555555 0.02890625
8 0.5 0.428515625 0.075 0.04296875
8 0.16736111111111113 0.952734375 0.04027777777777778 0.022656250000000003
8 0.5006944444444444 0.952734375 0.04027777777777778 0.02109375
8 0.8340277777777778 0.952734375 0.04027777777777778 0.022656250000000003
9 0.5 0.8210937500000001 0.9416666666666667 0.22031250000000002
20 0.5006944444444444 0.0171875 0.9986111111111111 0.0328125
