20 0.5006944444444444 0.013671875 0.9986111111111111 0.025781250000000002
17 0.30833333333333335 0.07382812500000001 0.3194444444444445 0.030468750000000003
8 0.06805555555555556 0.071484375 0.04166666666666667 0.022656250000000003
8 0.9423611111111111 0.071484375 0.04583333333333334 0.02890625
9 0.2513888888888889 0.2015625 0.46111111111111114 0.18281250000000002
17 0.13819444444444445 0.323828125 0.22916666666666669 0.017968750000000002
17 0.1375 0.35273437500000004 0.23333333333333334 0.017968750000000002
9 0.2520833333333333 0.498046875 0.45972222222222225 0.18359375
17 0.19097222222222224 0.62265625 0.34305555555555556 0.021875000000000002
17 0.10277777777777779 0.6492187500000001 0.1638888888888889 0.018750000000000003
9 0.2513888888888889 0.8132812500000001 0.46111111111111114 0.22031250000000002
17 0.6118055555555556 0.136328125 0.18194444444444446 0.017968750000000002
17 0.6270833333333333 0.16562500000000002 0.2125 0.018750000000000003
9 0.7506944444444444 0.31796875 0.4625 0.19843750000000002
17 0.7291666666666667 0.45 0.4222222222222222 0.021875000000000002
17 0.6027777777777777 0.476171875 0.1638888888888889 0.01953125
9 0.75 0.6605468750000001 0.46111111111111114 0.26015625000000003
17 0.732638888888889 0.8230468750000001 0.4291666666666667 0.022656250000000003
17 0.6048611111111112 0.8500000000000001 0.17083333333333334 0.018750000000000003
8 0.10138888888888889 0.9609375 0.04722222222222222 0.0234375
8 0.29930555555555555 0.9613281250000001 0.043055555555555555 0.02421875
8 0.5 0.9617187500000001 0.05 0.025
8 0.6986111111111112 0.9613281250000001 0.05 0.02890625
8 0.8993055555555556 0.9617187500000001 0.051388888888888894 0.028125
