17 0.16527777777777777 0.416015625 0.17777777777777778 0.017968750000000002
17 0.12847222222222224 0.307421875 0.10972222222222222 0.017968750000000002
17 0.12361111111111112 0.197265625 0.1 0.017968750000000002
18 0.5006944444444444 0.876953125 0.9013888888888889 0.05078125
16 0.8958333333333334 0.5886718750000001 0.08055555555555556 0.02890625
16 0.8958333333333334 0.7488281250000001 0.08055555555555556 0.02890625
17 0.41458333333333336 0.751953125 0.7486111111111111 0.09609375
17 0.16041666666666668 0.6703125000000001 0.24027777777777778 0.0203125
17 0.1763888888888889 0.618359375 0.26944444444444443 0.02421875
17 0.3680555555555556 0.57421875 0.6527777777777778 0.046875
17 0.17847222222222223 0.5203125000000001 0.27361111111111114 0.025
17 0.3715277777777778 0.46796875000000004 0.6625 0.0171875
17 0.8756944444444444 0.415625 0.09305555555555556 0.0171875
17 0.1375 0.3671875 0.18888888888888888 0.0203125
17 0.09930555555555556 0.25820312500000003 0.1125 0.01953125
17 0.09375 0.1484375 0.10416666666666667 0.0203125
8 0.07013888888888889 0.07187500000000001 0.04027777777777778 0.021875000000000002
17 0.22916666666666669 0.07265625 0.18055555555555555 0.018750000000000003
7 0.5006944444444444 0.306640625 0.9236111111111112 0.06640625
7 0.5 0.197265625 0.9222222222222223 0.06640625
7 0.5 0.416015625 0.9222222222222223 0.06640625
20 0.5006944444444444 0.0171875 0.9986111111111111 0.0328125
