20 0.5006944444444444 0.0140625 0.9986111111111111 0.026562500000000003
9 0.5006944444444444 0.3828125 0.47361111111111115 0.30312500000000003
17 0.5006944444444444 0.57265625 0.5263888888888889 0.035937500000000004
17 0.5020833333333333 0.623046875 0.4486111111111111 0.02421875
18 0.5006944444444444 0.691015625 0.2152777777777778 0.06640625
8 0.10208333333333333 0.9617187500000001 0.04583333333333334 0.0234375
8 0.30069444444444443 0.9613281250000001 0.043055555555555555 0.02421875
8 0.5013888888888889 0.9609375 0.05 0.025
8 0.6986111111111112 0.9613281250000001 0.05 0.02890625
8 0.9 0.9613281250000001 0.05 0.02890625
