17 0.30694444444444446 0.076171875 0.25833333333333336 0.030468750000000003
17 0.1527777777777778 0.153125 0.22222222222222224 0.028125
17 0.1625 0.23125 0.24444444444444446 0.0234375
17 0.21319444444444446 0.31289062500000003 0.3458333333333333 0.022656250000000003
17 0.22291666666666668 0.397265625 0.3625 0.02890625
17 0.19166666666666668 0.47968750000000004 0.3055555555555556 0.026562500000000003
17 0.12569444444444444 0.9792968750000001 0.08750000000000001 0.014843750000000001
17 0.375 0.9812500000000001 0.1638888888888889 0.018750000000000003
17 0.6236111111111111 0.9792968750000001 0.1 0.014843750000000001
17 0.8736111111111111 0.9796875 0.05555555555555556 0.015625
8 0.06944444444444445 0.0703125 0.05 0.0203125
8 0.12569444444444444 0.95078125 0.04583333333333334 0.025
8 0.37569444444444444 0.95078125 0.051388888888888894 0.026562500000000003
8 0.625 0.95078125 0.036111111111111115 0.028125
8 0.8743055555555556 0.950390625 0.051388888888888894 0.02890625
20 0.5006944444444444 0.0140625 0.9986111111111111 0.026562500000000003
