17 0.12708333333333333 0.43671875000000004 0.1375 0.0203125
17 0.6048611111111112 0.790234375 0.12916666666666668 0.02109375
17 0.6118055555555556 0.436328125 0.14583333333333334 0.02109375
17 0.11944444444444445 0.791015625 0.12222222222222223 0.01953125
8 0.4326388888888889 0.8640625000000001 0.05416666666666667 0.028125
8 0.9159722222222223 0.864453125 0.05416666666666667 0.02890625
9 0.7409722222222223 0.8792968750000001 0.4430555555555556 0.08828125
9 0.2590277777777778 0.8792968750000001 0.44583333333333336 0.08828125
8 0.920138888888889 0.43398437500000003 0.0125 0.02109375
8 0.43819444444444444 0.788671875 0.009722222222222222 0.01953125
17 0.10208333333333333 0.9789062500000001 0.08750000000000001 0.0140625
17 0.3013888888888889 0.9792968750000001 0.13611111111111113 0.014843750000000001
17 0.49930555555555556 0.9792968750000001 0.10416666666666667 0.014843750000000001
17 0.6993055555555556 0.9792968750000001 0.05416666666666667 0.014843750000000001
17 0.8993055555555556 0.9792968750000001 0.0625 0.013281250000000001
8 0.8979166666666667 0.950390625 0.05416666666666667 0.02890625
8 0.7006944444444445 0.950390625 0.051388888888888894 0.030468750000000003
8 0.5 0.95078125 0.05 0.028125
8 0.30069444444444443 0.950390625 0.051388888888888894 0.025781250000000002
8 0.10138888888888889 0.95078125 0.05 0.028125
17 0.64375 0.759375 0.20416666666666666 0.018750000000000003
17 0.7305555555555556 0.7093750000000001 0.3805555555555556 0.046875
17 0.2520833333333333 0.7113281250000001 0.3875 0.049218750000000006
8 0.9145833333333334 0.51015625 0.05416666666666667 0.028125
9 0.7423611111111111 0.5750000000000001 0.44583333333333336 0.1875
8 0.4340277777777778 0.51015625 0.051388888888888894 0.026562500000000003
9 0.25972222222222224 0.5750000000000001 0.4444444444444445 0.1875
8 0.920138888888889 0.788671875 0.009722222222222222 0.01953125
17 0.64375 0.40390625 0.20416666666666666 0.018750000000000003
17 0.7409722222222223 0.35703125 0.4013888888888889 0.05
8 0.43819444444444444 0.43398437500000003 0.009722222222222222 0.01953125
17 0.18611111111111112 0.40351562500000004 0.2611111111111111 0.017968750000000002
17 0.24930555555555556 0.355078125 0.3819444444444445 0.04609375
8 0.9159722222222223 0.15546875000000002 0.05416666666666667 0.028125
9 0.7416666666666667 0.22031250000000002 0.4444444444444445 0.1875
8 0.4340277777777778 0.15585937500000002 0.05416666666666667 0.02734375
9 0.25972222222222224 0.22031250000000002 0.4444444444444445 0.1875
8 0.06875 0.07187500000000001 0.04027777777777778 0.021875000000000002
17 0.3506944444444445 0.07382812500000001 0.34305555555555556 0.02421875
8 0.9423611111111111 0.07187500000000001 0.04583333333333334 0.028125
20 0.5013888888888889 0.0171875 0.9972222222222222 0.0328125
