17 0.5590277777777778 0.11875000000000001 0.42638888888888893 0.03125
17 0.5006944444444444 0.21015625000000002 0.48750000000000004 0.0546875
17 0.7256944444444444 0.937109375 0.2791666666666667 0.02109375
17 0.2902777777777778 0.93671875 0.3111111111111111 0.021875000000000002
18 0.5 0.7875000000000001 0.7277777777777779 0.06406250000000001
18 0.49930555555555556 0.8734375000000001 0.7291666666666667 0.065625
13 0.5006944444444444 0.7140625 0.32916666666666666 0.0234375
9 0.26666666666666666 0.45742187500000003 0.37222222222222223 0.14765625000000002
9 0.2763888888888889 0.118359375 0.09166666666666667 0.057031250000000006
20 0.5006944444444444 0.0171875 0.9986111111111111 0.0328125
