17 0.3194444444444445 0.074609375 0.4 0.02421875
9 0.07986111111111112 0.158984375 0.11805555555555557 0.06640625
9 0.07847222222222222 0.246484375 0.11805555555555557 0.06640625
9 0.07916666666666666 0.333984375 0.11666666666666667 0.06640625
9 0.07847222222222222 0.421484375 0.11805555555555557 0.06640625
9 0.07847222222222222 0.508984375 0.11805555555555557 0.06640625
9 0.07986111111111112 0.5964843750000001 0.11805555555555557 0.06640625
9 0.07847222222222222 0.6839843750000001 0.11805555555555557 0.06640625
9 0.07916666666666666 0.77109375 0.11666666666666667 0.065625
9 0.07847222222222222 0.8582031250000001 0.11805555555555557 0.06640625
9 0.07916666666666666 0.9457031250000001 0.11666666666666667 0.06640625
17 0.2986111111111111 0.95078125 0.24444444444444446 0.0234375
17 0.3013888888888889 0.8625 0.24722222222222223 0.025
17 0.30208333333333337 0.775 0.24583333333333335 0.025
17 0.34444444444444444 0.6882812500000001 0.33333333333333337 0.0234375
17 0.4041666666666667 0.6000000000000001 0.4527777777777778 0.025
17 0.34861111111111115 0.51328125 0.34444444444444444 0.0234375
17 0.35555555555555557 0.42500000000000004 0.3527777777777778 0.025
17 0.28611111111111115 0.3375 0.2138888888888889 0.025
17 0.46319444444444446 0.25078125 0.5708333333333333 0.025
17 0.4013888888888889 0.16328125000000002 0.45 0.025
8 0.06805555555555556 0.07187500000000001 0.04722222222222222 0.026562500000000003
8 0.9319444444444445 0.07265625 0.036111111111111115 0.026562500000000003
7 0.5006944444444444 0.07187500000000001 0.9597222222222223 0.0546875
20 0.5006944444444444 0.0171875 0.9986111111111111 0.0328125
