17 0.4201388888888889 0.06171875 0.4847222222222222 0.026562500000000003
17 0.4902777777777778 0.08984375 0.6305555555555555 0.0171875
17 0.16527777777777777 0.15859375 0.06944444444444445 0.0125
17 0.50625 0.158203125 0.08194444444444444 0.01171875
17 0.8395833333333333 0.158203125 0.05694444444444444 0.01171875
17 0.3284722222222222 0.21953125 0.33194444444444443 0.021875000000000002
17 0.425 0.256640625 0.5222222222222223 0.01953125
17 0.36597222222222225 0.6136718750000001 0.6069444444444445 0.030468750000000003
17 0.24722222222222223 0.6585937500000001 0.37222222222222223 0.021875000000000002
17 0.8368055555555556 0.65390625 0.1513888888888889 0.026562500000000003
9 0.5 0.8855468750000001 0.9611111111111111 0.22890625
18 0.4361111111111111 0.7156250000000001 0.2888888888888889 0.046875
8 0.15625 0.716015625 0.1875 0.017968750000000002
9 0.5013888888888889 0.4375 0.9611111111111111 0.2734375
8 0.06875 0.07187500000000001 0.04027777777777778 0.0234375
8 0.7791666666666667 0.059375000000000004 0.036111111111111115 0.0203125
8 0.9458333333333334 0.06953125 0.01388888888888889 0.025
9 0.5055555555555555 0.1328125 0.05 0.028125
8 0.16666666666666669 0.13515625 0.05555555555555556 0.026562500000000003
8 0.8402777777777778 0.133203125 0.04722222222222222 0.02734375
9 0.10069444444444445 0.23515625 0.043055555555555555 0.040625
20 0.5006944444444444 0.0171875 0.9986111111111111 0.0328125
