17 0.3194444444444445 0.07500000000000001 0.4 0.025
17 0.3263888888888889 0.925390625 0.29444444444444445 0.02421875
17 0.44027777777777777 0.835546875 0.5222222222222223 0.01953125
17 0.40208333333333335 0.75 0.4486111111111111 0.025
17 0.2638888888888889 0.6625000000000001 0.17222222222222222 0.025
17 0.40972222222222227 0.574609375 0.46111111111111114 0.022656250000000003
17 0.32083333333333336 0.48750000000000004 0.2833333333333333 0.025
17 0.32083333333333336 0.40078125000000003 0.2833333333333333 0.0234375
17 0.35347222222222224 0.31093750000000003 0.3541666666666667 0.0203125
17 0.29930555555555555 0.2234375 0.24305555555555555 0.018750000000000003
8 0.9319444444444445 0.072265625 0.036111111111111115 0.02734375
7 0.5 0.071484375 0.9611111111111111 0.055468750000000004
8 0.06805555555555556 0.07187500000000001 0.04722222222222222 0.026562500000000003
20 0.5006944444444444 0.0171875 0.9986111111111111 0.0328125
9 0.07916666666666666 0.982421875 0.15555555555555556 0.03515625
9 0.07916666666666666 0.92109375 0.15555555555555556 0.08750000000000001
9 0.07916666666666666 0.83359375 0.15555555555555556 0.08750000000000001
9 0.07916666666666666 0.7468750000000001 0.15555555555555556 0.08750000000000001
9 0.07916666666666666 0.659375 0.15555555555555556 0.08750000000000001
9 0.07916666666666666 0.571875 0.15555555555555556 0.08750000000000001
9 0.07916666666666666 0.484375 0.15555555555555556 0.08750000000000001
9 0.07916666666666666 0.39687500000000003 0.15555555555555556 0.08750000000000001
9 0.07916666666666666 0.309375 0.15555555555555556 0.08750000000000001
9 0.07916666666666666 0.221484375 0.15555555555555556 0.08828125
17 0.17291666666666666 0.144921875 0.2652777777777778 0.014843750000000001
