17 0.1638888888888889 0.0546875 0.28611111111111115 0.03125
17 0.2569444444444445 0.3875 0.40555555555555556 0.021875000000000002
17 0.7458333333333333 0.3875 0.33611111111111114 0.021875000000000002
17 0.74375 0.7214843750000001 0.19583333333333333 0.01640625
17 0.2534722222222222 0.7214843750000001 0.1763888888888889 0.017968750000000002
17 0.8729166666666667 0.98046875 0.2152777777777778 0.021875000000000002
8 0.8652777777777778 0.947265625 0.04722222222222222 0.025781250000000002
8 0.6506944444444445 0.9613281250000001 0.051388888888888894 0.02890625
8 0.46597222222222223 0.958984375 0.04583333333333334 0.02734375
8 0.28055555555555556 0.9617187500000001 0.05 0.026562500000000003
8 0.09375 0.9613281250000001 0.04861111111111111 0.02421875
9 0.7458333333333333 0.8406250000000001 0.47222222222222227 0.1625
9 0.2555555555555556 0.8406250000000001 0.47222222222222227 0.1625
9 0.7444444444444445 0.555859375 0.47222222222222227 0.26484375
9 0.25625000000000003 0.55625 0.4708333333333333 0.265625
9 0.2548611111111111 0.21953125 0.47361111111111115 0.265625
9 0.7451388888888889 0.21992187500000002 0.4708333333333333 0.26484375
20 0.5006944444444444 0.0171875 0.9986111111111111 0.0328125
