17 0.4729166666666667 0.220703125 0.5902777777777778 0.02421875
17 0.3993055555555556 0.115234375 0.6819444444444445 0.08046875
17 0.34305555555555556 0.33203125 0.5638888888888889 0.028125
8 0.10902777777777778 0.21835937500000002 0.04583333333333334 0.025781250000000002
17 0.2 0.4734375 0.14444444444444446 0.035937500000000004
17 0.5013888888888889 0.4734375 0.1638888888888889 0.035937500000000004
17 0.8020833333333334 0.47500000000000003 0.15972222222222224 0.0390625
17 0.20069444444444445 0.628125 0.17083333333333334 0.035937500000000004
17 0.5 0.628125 0.18611111111111112 0.035937500000000004
17 0.8027777777777778 0.628125 0.16111111111111112 0.035937500000000004
17 0.36319444444444443 0.7292968750000001 0.6069444444444445 0.02109375
17 0.19930555555555557 0.8792968750000001 0.17916666666666667 0.03671875
17 0.5013888888888889 0.878515625 0.13055555555555556 0.03671875
17 0.8013888888888889 0.878515625 0.20277777777777778 0.03671875
17 0.12708333333333333 0.9851562500000001 0.07916666666666666 0.0125
17 0.3763888888888889 0.9847656250000001 0.17222222222222222 0.013281250000000001
17 0.6263888888888889 0.986328125 0.10833333333333334 0.01640625
17 0.8756944444444444 0.9851562500000001 0.14583333333333334 0.0125
8 0.12638888888888888 0.955078125 0.05555555555555556 0.030468750000000003
8 0.37569444444444444 0.9558593750000001 0.05694444444444444 0.02890625
8 0.6256944444444444 0.9554687500000001 0.05416666666666667 0.026562500000000003
8 0.875 0.9554687500000001 0.05555555555555556 0.03125
9 0.8013888888888889 0.81796875 0.06944444444444445 0.035937500000000004
9 0.5 0.81796875 0.06666666666666667 0.03125
9 0.2 0.818359375 0.07222222222222223 0.030468750000000003
9 0.2013888888888889 0.5671875000000001 0.0638888888888889 0.037500000000000006
9 0.5006944444444444 0.566796875 0.06805555555555556 0.03828125
9 0.8020833333333334 0.5671875000000001 0.06805555555555556 0.037500000000000006
9 0.2 0.41250000000000003 0.075 0.0390625
9 0.5020833333333333 0.41250000000000003 0.051388888888888894 0.0390625
9 0.8013888888888889 0.412109375 0.07222222222222223 0.025781250000000002
7 0.5006944444444444 0.21835937500000002 0.9236111111111112 0.07890625000000001
20 0.5006944444444444 0.0171875 0.9986111111111111 0.0328125
