20 0.5006944444444444 0.0171875 0.9986111111111111 0.0328125
8 0.05486111111111111 0.06406250000000001 0.0625 0.034375
9 0.5 0.066796875 0.2555555555555556 0.03515625
18 0.8916666666666667 0.06406250000000001 0.19722222222222224 0.03125
9 0.25833333333333336 0.23789062500000002 0.4638888888888889 0.26171875
9 0.7451388888888889 0.23789062500000002 0.4652777777777778 0.26171875
9 0.25833333333333336 0.563671875 0.4638888888888889 0.26171875
9 0.7451388888888889 0.5632812500000001 0.4652777777777778 0.2609375
9 0.25833333333333336 0.8792968750000001 0.4638888888888889 0.24140625000000002
9 0.7451388888888889 0.8792968750000001 0.4652777777777778 0.24140625000000002
17 0.5916666666666667 0.716796875 0.125 0.017968750000000002
17 0.1423611111111111 0.7156250000000001 0.20416666666666666 0.0203125
17 0.09166666666666667 0.390625 0.10277777777777779 0.0203125
17 0.6097222222222223 0.390234375 0.16111111111111112 0.01953125
