17 0.33125 0.3828125 0.5597222222222222 0.026562500000000003
17 0.28125 0.267578125 0.4569444444444445 0.02734375
17 0.7631944444444445 0.07421875 0.35694444444444445 0.0234375
17 0.3277777777777778 0.13984375000000002 0.5527777777777778 0.0328125
17 0.11527777777777778 0.21953125 0.1277777777777778 0.015625
17 0.15625 0.33437500000000003 0.20972222222222223 0.015625
17 0.5013888888888889 0.5515625000000001 0.036111111111111115 0.010937500000000001
17 0.4916666666666667 0.6902343750000001 0.3944444444444445 0.02421875
8 0.06805555555555556 0.07187500000000001 0.04166666666666667 0.0234375
8 0.8930555555555556 0.38007812500000004 0.05555555555555556 0.02734375
7 0.49583333333333335 0.26640625 0.8944444444444445 0.0421875
7 0.49583333333333335 0.384765625 0.8944444444444445 0.03671875
18 0.5006944444444444 0.48750000000000004 0.8819444444444445 0.060937500000000006
18 0.5006944444444444 0.60859375 0.8847222222222223 0.060937500000000006
20 0.5006944444444444 0.0171875 0.9986111111111111 0.0328125
