20 0.5006944444444444 0.0171875 0.9986111111111111 0.0328125
8 0.06875 0.071484375 0.04027777777777778 0.017968750000000002
17 0.3458333333333333 0.0734375 0.3388888888888889 0.026562500000000003
18 0.13541666666666669 0.142578125 0.1902777777777778 0.04453125
18 0.3944444444444445 0.142578125 0.2555555555555556 0.04453125
18 0.7159722222222222 0.143359375 0.31527777777777777 0.04453125
18 0.95625 0.143359375 0.08750000000000001 0.04453125
8 0.9423611111111111 0.072265625 0.04027777777777778 0.025781250000000002
17 0.6277777777777778 0.25 0.5861111111111111 0.0671875
17 0.5479166666666667 0.31875000000000003 0.43194444444444446 0.0203125
17 0.4291666666666667 0.35664062500000004 0.19166666666666668 0.01640625
8 0.9423611111111111 0.34453125 0.051388888888888894 0.025
9 0.16111111111111112 0.27578125000000003 0.24444444444444446 0.1375
9 0.16111111111111112 0.4625 0.24444444444444446 0.1375
17 0.51875 0.439453125 0.3763888888888889 0.07265625
17 0.5277777777777778 0.50546875 0.39166666666666666 0.0203125
17 0.4138888888888889 0.543359375 0.16111111111111112 0.01640625
9 0.1625 0.6492187500000001 0.24444444444444446 0.1375
17 0.5201388888888889 0.6257812500000001 0.3763888888888889 0.0734375
17 0.5291666666666667 0.692578125 0.39166666666666666 0.01953125
17 0.4138888888888889 0.730078125 0.16111111111111112 0.01640625
9 0.16180555555555556 0.83515625 0.24305555555555555 0.1375
17 0.5722222222222223 0.8128906250000001 0.48333333333333334 0.07265625
17 0.5368055555555555 0.87890625 0.41250000000000003 0.0203125
17 0.5902777777777778 0.9187500000000001 0.5194444444444445 0.0203125
17 0.5180555555555556 0.97421875 0.36944444444444446 0.0234375
9 0.16111111111111112 0.9765625 0.24444444444444446 0.046875
8 0.9423611111111111 0.53125 0.051388888888888894 0.025
8 0.9409722222222222 0.90390625 0.051388888888888894 0.025
8 0.9423611111111111 0.71796875 0.051388888888888894 0.025
