20 0.5006944444444444 0.0171875 0.9986111111111111 0.0328125
18 0.8555555555555556 0.079296875 0.23333333333333334 0.05859375
9 0.5 0.26328125 0.4361111111111111 0.284375
17 0.5020833333333333 0.46171875 0.4430555555555556 0.029687500000000002
17 0.5006944444444444 0.517578125 0.8291666666666667 0.05390625
13 0.4979166666666667 0.71875 0.0625 0.010937500000000001
18 0.5013888888888889 0.9441406250000001 0.9222222222222223 0.05859375
17 0.5006944444444444 0.85859375 0.28194444444444444 0.0234375
18 0.5013888888888889 0.76328125 0.9222222222222223 0.059375000000000004
17 0.5 0.8191406250000001 0.85 0.01953125
