17 0.2763888888888889 0.9304687500000001 0.16111111111111112 0.0203125
17 0.2763888888888889 0.78828125 0.16111111111111112 0.0203125
17 0.2763888888888889 0.64609375 0.16111111111111112 0.0203125
17 0.27708333333333335 0.504296875 0.15972222222222224 0.01953125
17 0.2763888888888889 0.36171875000000003 0.16111111111111112 0.0203125
17 0.2763888888888889 0.21953125 0.16111111111111112 0.0203125
17 0.3458333333333333 0.07382812500000001 0.3388888888888889 0.025781250000000002
17 0.40208333333333335 0.890625 0.40972222222222227 0.018750000000000003
17 0.3506944444444445 0.7484375000000001 0.30694444444444446 0.018750000000000003
17 0.39513888888888893 0.6062500000000001 0.39861111111111114 0.018750000000000003
17 0.4013888888888889 0.46640625 0.4083333333333333 0.0234375
17 0.39166666666666666 0.32265625000000003 0.3944444444444445 0.018750000000000003
17 0.3979166666666667 0.18046875 0.4041666666666667 0.018750000000000003
18 0.8013888888888889 0.91328125 0.32222222222222224 0.060937500000000006
18 0.8013888888888889 0.77109375 0.32222222222222224 0.060937500000000006
18 0.8013888888888889 0.62890625 0.32222222222222224 0.060937500000000006
18 0.8013888888888889 0.48671875000000003 0.32222222222222224 0.060937500000000006
18 0.8013888888888889 0.34453125 0.32222222222222224 0.060937500000000006
18 0.8013888888888889 0.20234375000000002 0.32222222222222224 0.060937500000000006
9 0.09930555555555556 0.91328125 0.09861111111111112 0.043750000000000004
9 0.09861111111111112 0.7718750000000001 0.08611111111111111 0.0484375
9 0.09930555555555556 0.6296875000000001 0.13472222222222222 0.07500000000000001
9 0.09861111111111112 0.48671875000000003 0.08611111111111111 0.078125
9 0.09861111111111112 0.34492187500000004 0.13611111111111113 0.07578125000000001
9 0.09861111111111112 0.20273437500000002 0.13611111111111113 0.07734375
8 0.9416666666666667 0.072265625 0.04166666666666667 0.025781250000000002
8 0.06875 0.07187500000000001 0.04027777777777778 0.0171875
20 0.5006944444444444 0.0171875 0.9986111111111111 0.0328125
