20 0.5006944444444444 0.0171875 0.9986111111111111 0.0328125
17 0.26666666666666666 0.13203125000000002 0.45555555555555555 0.059375000000000004
17 0.1326388888888889 0.2171875 0.1875 0.018750000000000003
17 0.16527777777777777 0.32343750000000004 0.24722222222222223 0.029687500000000002
17 0.8506944444444445 0.31953125000000004 0.10416666666666667 0.0234375
8 0.93125 0.31875000000000003 0.018055555555555557 0.015625
17 0.5013888888888889 0.6746093750000001 0.5833333333333334 0.04453125
9 0.49930555555555556 0.544140625 0.24583333333333335 0.13828125
17 0.5020833333333333 0.7671875 0.28750000000000003 0.0234375
8 0.3013888888888889 0.966796875 0.05 0.02890625
8 0.5006944444444444 0.966796875 0.051388888888888894 0.025781250000000002
8 0.7006944444444445 0.966796875 0.04027777777777778 0.02890625
8 0.8993055555555556 0.9671875000000001 0.0125 0.0234375
8 0.10138888888888889 0.966796875 0.05 0.02890625
