17 0.5215277777777778 0.669140625 0.3763888888888889 0.02421875
17 0.10277777777777779 0.49140625000000004 0.0638888888888889 0.0234375
17 0.10347222222222223 0.44960937500000003 0.0763888888888889 0.01640625
8 0.10138888888888889 0.9675781250000001 0.05 0.02890625
8 0.30069444444444443 0.966796875 0.051388888888888894 0.02890625
8 0.5006944444444444 0.96640625 0.051388888888888894 0.025
8 0.7000000000000001 0.9675781250000001 0.04166666666666667 0.02890625
8 0.9006944444444445 0.9675781250000001 0.0125 0.022656250000000003
8 0.9423611111111111 0.7859375000000001 0.051388888888888894 0.025
17 0.5916666666666667 0.88046875 0.5194444444444445 0.0734375
17 0.55 0.7359375 0.4416666666666667 0.060937500000000006
9 0.16111111111111112 0.884765625 0.24444444444444446 0.09921875000000001
9 0.16180555555555556 0.7171875000000001 0.24583333333333335 0.0890625
17 0.4048611111111111 0.56015625 0.4763888888888889 0.05625
17 0.5013888888888889 0.47734375 0.6694444444444445 0.0703125
8 0.7375 0.39687500000000003 0.11944444444444445 0.0671875
8 0.86875 0.39687500000000003 0.11805555555555557 0.0671875
17 0.30972222222222223 0.08203125 0.5333333333333333 0.026562500000000003
9 0.5 0.266796875 0.9222222222222223 0.26015625000000003
20 0.5006944444444444 0.0171875 0.9986111111111111 0.0328125
