17 0.1125 0.571484375 0.14444444444444446 0.01953125
17 0.30625 0.49648437500000003 0.5319444444444444 0.022656250000000003
17 0.33055555555555555 0.389453125 0.5805555555555556 0.022656250000000003
17 0.3763888888888889 0.07187500000000001 0.39722222222222225 0.0234375
17 0.10416666666666667 0.146484375 0.1277777777777778 0.017968750000000002
17 0.2013888888888889 0.203515625 0.325 0.02421875
17 0.10833333333333334 0.282421875 0.13333333333333333 0.02421875
17 0.20208333333333334 0.357421875 0.3236111111111111 0.02109375
17 0.1763888888888889 0.466796875 0.26944444444444443 0.025781250000000002
17 0.2965277777777778 0.6019531250000001 0.5097222222222222 0.017968750000000002
9 0.5006944444444444 0.7093750000000001 0.38472222222222224 0.0734375
8 0.06944444444444445 0.07187500000000001 0.04166666666666667 0.0234375
20 0.5006944444444444 0.0171875 0.9986111111111111 0.0328125
