17 0.12986111111111112 0.40390625 0.1763888888888889 0.018750000000000003
17 0.08888888888888889 0.33125000000000004 0.09444444444444444 0.018750000000000003
17 0.10138888888888889 0.066796875 0.15 0.02734375
17 0.5006944444444444 0.13671875 0.6069444444444445 0.025
17 0.5020833333333333 0.284375 0.03194444444444445 0.0125
17 0.9180555555555556 0.40351562500000004 0.08611111111111111 0.01640625
17 0.5020833333333333 0.5546875 0.2763888888888889 0.0203125
17 0.5013888888888889 0.6175781250000001 0.23333333333333334 0.01640625
18 0.5 0.68359375 0.9277777777777778 0.0625
18 0.5 0.49453125000000003 0.9222222222222223 0.0625
7 0.5006944444444444 0.417578125 0.9236111111111112 0.04609375
7 0.5006944444444444 0.34492187500000004 0.9236111111111112 0.04609375
8 0.2902777777777778 0.21171875 0.13055555555555556 0.0734375
8 0.5 0.21171875 0.13055555555555556 0.0734375
8 0.7097222222222223 0.21171875 0.13055555555555556 0.0734375
8 0.9375 0.06406250000000001 0.05 0.028125
20 0.5006944444444444 0.0140625 0.9986111111111111 0.026562500000000003
