9 0.8645833333333334 0.8992187500000001 0.27083333333333337 0.0703125
9 0.36597222222222225 0.8984375 0.6791666666666667 0.0703125
8 0.9402777777777778 0.06875 0.05277777777777778 0.029687500000000002
8 0.8159722222222222 0.06992187500000001 0.07083333333333333 0.030468750000000003
17 0.16041666666666668 0.07109375 0.13472222222222222 0.021875000000000002
8 0.06180555555555556 0.07109375 0.05694444444444444 0.026562500000000003
17 0.3284722222222222 0.34492187500000004 0.5847222222222223 0.04453125
20 0.5006944444444444 0.0171875 0.9986111111111111 0.0328125
17 0.9215277777777778 0.82421875 0.10972222222222222 0.015625
8 0.9541666666666667 0.73046875 0.019444444444444445 0.018750000000000003
8 0.9555555555555556 0.6609375000000001 0.019444444444444445 0.018750000000000003
8 0.9555555555555556 0.5906250000000001 0.019444444444444445 0.018750000000000003
8 0.9555555555555556 0.52109375 0.019444444444444445 0.018750000000000003
8 0.9541666666666667 0.45078125 0.019444444444444445 0.018750000000000003
17 0.2715277777777778 0.45390625 0.25972222222222224 0.021875000000000002
17 0.2763888888888889 0.525 0.2638888888888889 0.0203125
17 0.20486111111111113 0.594140625 0.12361111111111112 0.02109375
17 0.26458333333333334 0.66328125 0.24027777777777778 0.015625
17 0.23611111111111113 0.73359375 0.18333333333333335 0.021875000000000002
8 0.06736111111111111 0.45 0.05694444444444444 0.028125
9 0.06736111111111111 0.519921875 0.04583333333333334 0.025781250000000002
8 0.06805555555555556 0.590234375 0.0638888888888889 0.02109375
9 0.06805555555555556 0.659765625 0.07222222222222223 0.032031250000000004
9 0.06944444444444445 0.7289062500000001 0.06666666666666667 0.028125
17 0.2215277777777778 0.8226562500000001 0.39305555555555555 0.03125
17 0.10277777777777779 0.9929687500000001 0.08611111111111111 0.0140625
17 0.3013888888888889 0.991796875 0.09444444444444444 0.01171875
17 0.5020833333333333 0.9929687500000001 0.10694444444444445 0.0140625
17 0.7020833333333334 0.9929687500000001 0.10972222222222222 0.0140625
17 0.9020833333333333 0.99140625 0.0763888888888889 0.0125
8 0.9013888888888889 0.960546875 0.05277777777777778 0.030468750000000003
8 0.701388888888889 0.960546875 0.075 0.032031250000000004
8 0.5020833333333333 0.9597656250000001 0.059722222222222225 0.032031250000000004
8 0.30069444444444443 0.960546875 0.06527777777777778 0.03359375
8 0.10138888888888889 0.96015625 0.0638888888888889 0.035937500000000004
9 0.5006944444444444 0.21445312500000002 0.9986111111111111 0.36171875000000003
