17 0.4777777777777778 0.062890625 0.3416666666666667 0.022656250000000003
8 0.10416666666666667 0.06171875 0.03888888888888889 0.021875000000000002
20 0.5006944444444444 0.0140625 0.9986111111111111 0.026562500000000003
7 0.5 0.06640625 0.9222222222222223 0.0671875
17 0.5027777777777778 0.15742187500000002 0.45 0.02734375
9 0.18333333333333335 0.267578125 0.26944444444444443 0.15859375
9 0.5013888888888889 0.267578125 0.26944444444444443 0.15859375
9 0.8180555555555555 0.267578125 0.26944444444444443 0.15859375
17 0.5 0.432421875 0.32222222222222224 0.02109375
17 0.2923611111111111 0.547265625 0.4430555555555556 0.05078125
17 0.85 0.564453125 0.15833333333333333 0.014843750000000001
8 0.9118055555555555 0.509375 0.04027777777777778 0.021875000000000002
17 0.5013888888888889 0.6664062500000001 0.5694444444444444 0.028125
17 0.5013888888888889 0.72421875 0.6916666666666667 0.046875
9 0.5 0.8363281250000001 0.9222222222222223 0.13203125000000002
8 0.10208333333333333 0.939453125 0.059722222222222225 0.03359375
8 0.3013888888888889 0.9390625 0.058333333333333334 0.0328125
8 0.5006944444444444 0.9398437500000001 0.05694444444444444 0.0328125
8 0.7000000000000001 0.938671875 0.061111111111111116 0.03359375
8 0.8993055555555556 0.9390625 0.059722222222222225 0.0328125
17 0.10138888888888889 0.9753906250000001 0.061111111111111116 0.01015625
17 0.3013888888888889 0.9753906250000001 0.09444444444444444 0.01015625
17 0.5006944444444444 0.9753906250000001 0.10972222222222222 0.01015625
17 0.701388888888889 0.9753906250000001 0.09444444444444444 0.01015625
17 0.9 0.9753906250000001 0.08611111111111111 0.01015625
