20 0.5006944444444444 0.0171875 0.9986111111111111 0.0328125
8 0.07013888888888889 0.071484375 0.03194444444444445 0.017968750000000002
8 0.10972222222222222 0.154296875 0.061111111111111116 0.03359375
17 0.33819444444444446 0.154296875 0.12361111111111112 0.01640625
17 0.5166666666666667 0.073046875 0.20555555555555557 0.03671875
9 0.3944444444444445 0.067578125 0.022222222222222223 0.030468750000000003
8 0.10972222222222222 0.24140625000000002 0.036111111111111115 0.028125
17 0.4166666666666667 0.24296875 0.2777777777777778 0.021875000000000002
8 0.10902777777777778 0.32890625 0.04861111111111111 0.03125
17 0.4743055555555556 0.330078125 0.3902777777777778 0.02109375
9 0.10416666666666667 0.415625 0.04722222222222222 0.029687500000000002
9 0.10972222222222222 0.503515625 0.02777777777777778 0.03671875
9 0.10972222222222222 0.591015625 0.02777777777777778 0.03671875
17 0.4416666666666667 0.41796875 0.33055555555555555 0.0203125
17 0.4715277777777778 0.50390625 0.39305555555555555 0.0171875
17 0.3875 0.5925781250000001 0.21666666666666667 0.02109375
17 0.48125 0.6804687500000001 0.4041666666666667 0.0203125
9 0.10902777777777778 0.6785156250000001 0.04861111111111111 0.02890625
9 0.08958333333333333 0.9617187500000001 0.059722222222222225 0.034375
8 0.4430555555555556 0.962109375 0.02777777777777778 0.00859375
17 0.21458333333333335 0.96484375 0.1486111111111111 0.0234375
8 0.9215277777777778 0.9617187500000001 0.02638888888888889 0.009375000000000001
17 0.7166666666666667 0.9640625 0.19444444444444445 0.018750000000000003
8 0.56875 0.9617187500000001 0.059722222222222225 0.034375
