17 0.2423611111111111 0.0734375 0.1902777777777778 0.028125
8 0.06944444444444445 0.072265625 0.04166666666666667 0.022656250000000003
7 0.5006944444444444 0.180078125 0.9041666666666667 0.030468750000000003
17 0.12013888888888889 0.17500000000000002 0.1125 0.0203125
7 0.44375000000000003 0.26484375 0.7902777777777779 0.029687500000000002
17 0.16527777777777777 0.259765625 0.20555555555555557 0.01953125
17 0.9041666666666667 0.26796875000000003 0.10555555555555556 0.0171875
7 0.5006944444444444 0.34882812500000004 0.9041666666666667 0.02890625
17 0.15763888888888888 0.34375 0.19583333333333333 0.018750000000000003
17 0.43819444444444444 0.43359375 0.7763888888888889 0.0484375
5 0.49722222222222223 0.43359375 0.8972222222222223 0.05
8 0.5006944444444444 0.5609375 0.04583333333333334 0.03125
17 0.5 0.599609375 0.8027777777777778 0.017968750000000002
18 0.5006944444444444 0.95625 0.9986111111111111 0.08750000000000001
20 0.5006944444444444 0.0171875 0.9986111111111111 0.0328125
