17 0.1625 0.10429687500000001 0.2611111111111111 0.02734375
17 0.33125 0.43125 0.4569444444444445 0.0328125
17 0.33055555555555555 0.47265625 0.46111111111111114 0.018750000000000003
17 0.39513888888888893 0.8054687500000001 0.5875 0.08281250000000001
17 0.40625 0.8703125 0.6180555555555556 0.0171875
17 0.16597222222222222 0.978125 0.15972222222222224 0.018750000000000003
17 0.5006944444444444 0.978515625 0.07083333333333333 0.017968750000000002
17 0.8319444444444445 0.9773437500000001 0.11944444444444445 0.0140625
8 0.16736111111111113 0.952734375 0.04027777777777778 0.022656250000000003
8 0.5006944444444444 0.952734375 0.04027777777777778 0.02109375
8 0.8340277777777778 0.952734375 0.04027777777777778 0.022656250000000003
8 0.9020833333333333 0.876171875 0.11805555555555557 0.06640625
9 0.5 0.32460937500000003 0.9416666666666667 0.38359375
9 0.5 0.7230468750000001 0.9416666666666667 0.38359375
20 0.5006944444444444 0.0171875 0.9986111111111111 0.0328125
