17 0.5013888888888889 0.07421875 0.18333333333333335 0.018750000000000003
17 0.4986111111111111 0.436328125 0.7111111111111111 0.03359375
17 0.5027777777777778 0.498828125 0.8777777777777778 0.04296875
17 0.12638888888888888 0.976171875 0.125 0.013281250000000001
17 0.3763888888888889 0.976171875 0.12222222222222223 0.013281250000000001
17 0.6263888888888889 0.976171875 0.11666666666666667 0.013281250000000001
17 0.875 0.977734375 0.10833333333333334 0.01640625
9 0.12638888888888888 0.9437500000000001 0.0638888888888889 0.034375
8 0.3763888888888889 0.9441406250000001 0.06666666666666667 0.030468750000000003
8 0.6263888888888889 0.9441406250000001 0.05277777777777778 0.03359375
8 0.8756944444444444 0.9437500000000001 0.05694444444444444 0.0328125
18 0.5013888888888889 0.57265625 0.5972222222222222 0.060937500000000006
20 0.5006944444444444 0.0140625 0.9986111111111111 0.026562500000000003
