17 0.14375000000000002 0.501171875 0.15416666666666667 0.014843750000000001
17 0.1826388888888889 0.435546875 0.23194444444444445 0.014843750000000001
17 0.6229166666666667 0.369921875 0.17083333333333334 0.014843750000000001
17 0.1527777777777778 0.37031250000000004 0.17500000000000002 0.015625
7 0.5 0.501171875 0.9222222222222223 0.055468750000000004
7 0.5 0.435546875 0.9222222222222223 0.055468750000000004
7 0.2659722222222222 0.369921875 0.4513888888888889 0.055468750000000004
7 0.7354166666666667 0.369921875 0.4513888888888889 0.055468750000000004
17 0.5 0.146875 0.11666666666666667 0.0484375
17 0.5006944444444444 0.19882812500000002 0.26805555555555555 0.01953125
17 0.5 0.30703125000000003 0.1388888888888889 0.0203125
17 0.5006944444444444 0.6234375000000001 0.33194444444444443 0.0203125
17 0.49722222222222223 0.958203125 0.8277777777777778 0.03671875
18 0.5013888888888889 0.7406250000000001 0.9222222222222223 0.05625
18 0.2604166666666667 0.675390625 0.4430555555555556 0.055468750000000004
18 0.7208333333333333 0.675390625 0.4416666666666667 0.055468750000000004
18 0.5 0.566796875 0.9222222222222223 0.055468750000000004
9 0.4986111111111111 0.1015625 0.10833333333333334 0.029687500000000002
20 0.5006944444444444 0.0171875 0.9986111111111111 0.0328125
