20 0.5006944444444444 0.0171875 0.9986111111111111 0.0328125
17 0.9472222222222223 0.062890625 0.05555555555555556 0.01640625
9 0.5006944444444444 0.24921875000000002 0.5013888888888889 0.2828125
17 0.5020833333333333 0.48085937500000003 0.5152777777777778 0.01953125
13 0.5152777777777778 0.5105468750000001 0.10833333333333334 0.01171875
17 0.5013888888888889 0.6316406250000001 0.6972222222222223 0.01953125
7 0.5 0.6917968750000001 0.8638888888888889 0.06640625
17 0.5027777777777778 0.6921875000000001 0.37777777777777777 0.0171875
17 0.5013888888888889 0.76875 0.3138888888888889 0.015625
5 0.30833333333333335 0.88828125 0.44722222222222224 0.026562500000000003
17 0.34375 0.88984375 0.3763888888888889 0.0171875
18 0.5006944444444444 0.9617187500000001 0.9986111111111111 0.0765625
