17 0.2263888888888889 0.859375 0.3944444444444445 0.021875000000000002
17 0.13402777777777777 0.790625 0.20972222222222223 0.021875000000000002
17 0.16180555555555556 0.722265625 0.26805555555555555 0.022656250000000003
17 0.11180555555555556 0.6566406250000001 0.16527777777777777 0.025781250000000002
17 0.19583333333333333 0.5847656250000001 0.33333333333333337 0.022656250000000003
17 0.16805555555555557 0.51796875 0.2777777777777778 0.028125
17 0.1451388888888889 0.447265625 0.23194444444444445 0.02109375
17 0.14652777777777778 0.378515625 0.23472222222222222 0.02109375
7 0.5 0.868359375 0.9500000000000001 0.039843750000000004
7 0.5013888888888889 0.7996093750000001 0.9500000000000001 0.039843750000000004
7 0.5013888888888889 0.7308593750000001 0.9500000000000001 0.039843750000000004
7 0.5013888888888889 0.6625000000000001 0.9500000000000001 0.0390625
7 0.5 0.593359375 0.9500000000000001 0.039843750000000004
7 0.5013888888888889 0.3875 0.9500000000000001 0.0390625
7 0.5 0.45625000000000004 0.9500000000000001 0.0390625
7 0.5 0.5203125000000001 0.9500000000000001 0.0484375
17 0.26805555555555555 0.07500000000000001 0.18055555555555555 0.028125
17 0.49930555555555556 0.16171875000000002 0.7486111111111111 0.046875
17 0.5013888888888889 0.29375 0.11388888888888889 0.026562500000000003
8 0.06875 0.07187500000000001 0.04027777777777778 0.0234375
8 0.9423611111111111 0.5085937500000001 0.043055555555555555 0.025
8 0.9569444444444445 0.9421875000000001 0.01388888888888889 0.0125
18 0.5013888888888889 0.22734375 0.9500000000000001 0.05625
17 0.1375 0.947265625 0.21944444444444444 0.02109375
20 0.5006944444444444 0.0171875 0.9986111111111111 0.0328125
