17 0.24166666666666667 0.7171875000000001 0.18611111111111112 0.018750000000000003
17 0.19861111111111113 0.6140625000000001 0.09722222222222222 0.0171875
17 0.5576388888888889 0.19492187500000002 0.5319444444444444 0.032031250000000004
9 0.2263888888888889 0.19453125000000002 0.1 0.0578125
11 0.5006944444444444 0.6421875 0.8847222222222223 0.7156250000000001
8 0.5006944444444444 0.321875 0.08472222222222223 0.0171875
18 0.5006944444444444 0.39179687500000004 0.7291666666666667 0.06640625
18 0.5006944444444444 0.49335937500000004 0.7291666666666667 0.06640625
7 0.5020833333333333 0.62265625 0.7125 0.034375
7 0.5006944444444444 0.7250000000000001 0.7125 0.034375
17 0.32708333333333334 0.805859375 0.3763888888888889 0.01953125
17 0.49930555555555556 0.952734375 0.1486111111111111 0.022656250000000003
18 0.5006944444444444 0.870703125 0.7291666666666667 0.06640625
