17 0.4902777777777778 0.5496093750000001 0.46111111111111114 0.02890625
17 0.4729166666666667 0.482421875 0.4236111111111111 0.02734375
17 0.4138888888888889 0.4109375 0.3055555555555556 0.021875000000000002
17 0.47500000000000003 0.34375 0.4305555555555556 0.021875000000000002
20 0.5006944444444444 0.0171875 0.9986111111111111 0.0328125
8 0.061111111111111116 0.06640625 0.04722222222222222 0.0203125
17 0.29375 0.13359375 0.10416666666666667 0.025
17 0.7055555555555556 0.133203125 0.13055555555555556 0.02421875
8 0.920138888888889 0.06601562500000001 0.05416666666666667 0.030468750000000003
18 0.5006944444444444 0.21406250000000002 0.5791666666666667 0.045312500000000006
17 0.5013888888888889 0.283203125 0.5361111111111111 0.017968750000000002
18 0.49930555555555556 0.6238281250000001 0.5791666666666667 0.055468750000000004
8 0.21180555555555555 0.34375 0.051388888888888894 0.028125
8 0.21180555555555555 0.41132812500000004 0.04583333333333334 0.017968750000000002
8 0.20833333333333334 0.47968750000000004 0.036111111111111115 0.025
8 0.21180555555555555 0.547265625 0.043055555555555555 0.02734375
7 0.5277777777777778 0.34492187500000004 0.5638888888888889 0.04609375
7 0.5277777777777778 0.417578125 0.5611111111111111 0.03515625
7 0.5284722222222222 0.48554687500000004 0.5597222222222222 0.03515625
7 0.5277777777777778 0.553125 0.5611111111111111 0.035937500000000004
