17 0.14305555555555557 0.501171875 0.15555555555555556 0.014843750000000001
17 0.18125 0.435546875 0.23194444444444445 0.014843750000000001
17 0.6222222222222222 0.369921875 0.17222222222222222 0.014843750000000001
17 0.1527777777777778 0.369921875 0.17500000000000002 0.014843750000000001
18 0.5 0.566796875 0.9222222222222223 0.055468750000000004
7 0.5 0.501171875 0.9222222222222223 0.055468750000000004
7 0.5 0.435546875 0.9222222222222223 0.055468750000000004
7 0.2659722222222222 0.369921875 0.4513888888888889 0.055468750000000004
7 0.7354166666666667 0.369921875 0.4513888888888889 0.055468750000000004
9 0.5 0.1296875 0.3194444444444445 0.035937500000000004
17 0.49930555555555556 0.174609375 0.32916666666666666 0.01953125
17 0.5 0.30703125000000003 0.1388888888888889 0.0203125
17 0.5006944444444444 0.62421875 0.33194444444444443 0.0203125
17 0.4979166666666667 0.9578125000000001 0.826388888888889 0.037500000000000006
18 0.5013888888888889 0.7410156250000001 0.9222222222222223 0.055468750000000004
18 0.7222222222222222 0.675390625 0.4416666666666667 0.055468750000000004
18 0.2604166666666667 0.675390625 0.4430555555555556 0.055468750000000004
20 0.5006944444444444 0.0171875 0.9986111111111111 0.0328125
