20 0.5006944444444444 0.0171875 0.9986111111111111 0.0328125
8 0.07013888888888889 0.30625 0.034722222222222224 0.018750000000000003
9 0.21875 0.409765625 0.1375 0.07734375
9 0.5006944444444444 0.409765625 0.1375 0.07734375
9 0.78125 0.409765625 0.1375 0.07734375
9 0.21875 0.573828125 0.1375 0.07734375
9 0.5006944444444444 0.573828125 0.1375 0.07734375
9 0.78125 0.573828125 0.1375 0.07734375
9 0.21944444444444444 0.7375 0.1388888888888889 0.078125
9 0.5006944444444444 0.737890625 0.1375 0.07734375
8 0.78125 0.737890625 0.1375 0.07734375
9 0.21875 0.9015625 0.1375 0.0765625
8 0.5006944444444444 0.9015625 0.1375 0.078125
9 0.78125 0.9015625 0.1375 0.078125
17 0.35694444444444445 0.30859375 0.4416666666666667 0.028125
17 0.22083333333333335 0.46640625 0.15833333333333333 0.015625
17 0.5006944444444444 0.4765625 0.14583333333333334 0.035937500000000004
17 0.78125 0.4765625 0.1763888888888889 0.035937500000000004
17 0.21875 0.630859375 0.06527777777777778 0.014843750000000001
17 0.5006944444444444 0.640625 0.1875 0.035937500000000004
17 0.7819444444444444 0.6410156250000001 0.19444444444444445 0.03515625
17 0.21944444444444444 0.8046875 0.13055555555555556 0.035937500000000004
17 0.5006944444444444 0.8046875 0.17916666666666667 0.035937500000000004
17 0.7805555555555556 0.794140625 0.07222222222222223 0.014843750000000001
17 0.21944444444444444 0.95859375 0.11944444444444445 0.015625
17 0.5020833333333333 0.9691406250000001 0.16805555555555557 0.03828125
17 0.7819444444444444 0.9578125000000001 0.08055555555555556 0.015625
11 0.5006944444444444 0.6335937500000001 0.9986111111111111 0.7328125000000001
