17 0.31875000000000003 0.074609375 0.39861111111111114 0.02421875
17 0.22361111111111112 0.7523437500000001 0.325 0.021875000000000002
8 0.9319444444444445 0.073046875 0.036111111111111115 0.02734375
8 0.06736111111111111 0.072265625 0.04861111111111111 0.02734375
17 0.25416666666666665 0.33710937500000004 0.3888888888888889 0.017968750000000002
17 0.22569444444444445 0.36757812500000003 0.33194444444444443 0.022656250000000003
17 0.1638888888888889 0.400390625 0.20555555555555557 0.017968750000000002
17 0.1277777777777778 0.432421875 0.13611111111111113 0.02109375
8 0.43680555555555556 0.43046875 0.0125 0.0203125
8 0.4326388888888889 0.153125 0.05416666666666667 0.028125
8 0.9131944444444445 0.152734375 0.05416666666666667 0.02890625
17 0.7312500000000001 0.33906250000000004 0.3819444444444445 0.021875000000000002
17 0.6597222222222222 0.36796875 0.23611111111111113 0.021875000000000002
17 0.6631944444444444 0.39960937500000004 0.24861111111111112 0.017968750000000002
17 0.6027777777777777 0.432421875 0.1277777777777778 0.02109375
8 0.9159722222222223 0.43085937500000004 0.0125 0.02109375
17 0.2590277777777778 0.6898437500000001 0.39861111111111114 0.018750000000000003
17 0.17916666666666667 0.7203125 0.24166666666666667 0.021875000000000002
17 0.11388888888888889 0.78515625 0.10833333333333334 0.021875000000000002
8 0.43680555555555556 0.7839843750000001 0.0125 0.02109375
17 0.7305555555555556 0.689453125 0.3805555555555556 0.017968750000000002
17 0.6569444444444444 0.7210937500000001 0.23611111111111113 0.0203125
17 0.6430555555555556 0.753125 0.20555555555555557 0.018750000000000003
17 0.6118055555555556 0.7855468750000001 0.14305555555555557 0.02109375
8 0.9173611111111112 0.783203125 0.0125 0.02109375
8 0.43333333333333335 0.50703125 0.05277777777777778 0.026562500000000003
8 0.9131944444444445 0.50625 0.051388888888888894 0.026562500000000003
8 0.9131944444444445 0.85859375 0.05416666666666667 0.028125
8 0.43333333333333335 0.8582031250000001 0.05555555555555556 0.02890625
9 0.26180555555555557 0.21640625000000002 0.4430555555555556 0.1859375
9 0.2611111111111111 0.56953125 0.4416666666666667 0.1859375
9 0.7402777777777778 0.56953125 0.4416666666666667 0.1859375
9 0.7409722222222223 0.9148437500000001 0.4430555555555556 0.1703125
9 0.2611111111111111 0.9148437500000001 0.4444444444444445 0.1703125
9 0.7423611111111111 0.216796875 0.4430555555555556 0.18671875000000002
7 0.5013888888888889 0.071484375 0.9611111111111111 0.055468750000000004
20 0.5006944444444444 0.0171875 0.9986111111111111 0.0328125
