17 0.34305555555555556 0.8191406250000001 0.29444444444444445 0.017968750000000002
17 0.34444444444444444 0.89609375 0.29444444444444445 0.021875000000000002
8 0.9006944444444445 0.973828125 0.04583333333333334 0.025781250000000002
8 0.7006944444444445 0.971875 0.04583333333333334 0.0234375
8 0.5006944444444444 0.973828125 0.04027777777777778 0.025781250000000002
9 0.30069444444444443 0.9734375000000001 0.04583333333333334 0.026562500000000003
8 0.10138888888888889 0.9734375000000001 0.04722222222222222 0.026562500000000003
8 0.08680555555555555 0.891796875 0.04583333333333334 0.025781250000000002
8 0.08680555555555555 0.817578125 0.04583333333333334 0.025781250000000002
8 0.08541666666666667 0.6839843750000001 0.04583333333333334 0.025781250000000002
17 0.4791666666666667 0.7175781250000001 0.5666666666666667 0.08046875
16 0.89375 0.689453125 0.08194444444444444 0.02890625
17 0.5430555555555556 0.6140625000000001 0.6944444444444444 0.021875000000000002
17 0.12847222222222224 0.55234375 0.13472222222222222 0.0203125
8 0.08611111111111111 0.609375 0.03888888888888889 0.025
9 0.10833333333333334 0.38359375 0.1 0.05625
17 0.2798611111111111 0.44453125000000004 0.1875 0.0171875
17 0.49583333333333335 0.38984375000000004 0.6222222222222222 0.0546875
17 0.23125 0.31093750000000003 0.34305555555555556 0.021875000000000002
18 0.5013888888888889 0.19140625 0.8833333333333334 0.05
18 0.5013888888888889 0.12578125 0.8833333333333334 0.05
17 0.12916666666666668 0.055078125000000006 0.1388888888888889 0.01640625
20 0.5006944444444444 0.0171875 0.9986111111111111 0.0328125
