17 0.5006944444444444 0.07578125000000001 0.8875000000000001 0.0328125
17 0.5006944444444444 0.14179687500000002 0.7875 0.049218750000000006
9 0.07777777777777778 0.234765625 0.13333333333333333 0.07578125000000001
5 0.5631944444444444 0.234375 0.7958333333333334 0.0421875
17 0.26458333333333334 0.23750000000000002 0.19861111111111113 0.0234375
9 0.07708333333333334 0.33203125 0.13194444444444445 0.07500000000000001
5 0.5631944444444444 0.33320312500000004 0.7958333333333334 0.041406250000000006
17 0.2215277777777778 0.33359375 0.1125 0.018750000000000003
9 0.07777777777777778 0.43125 0.13333333333333333 0.07500000000000001
17 0.23819444444444446 0.43398437500000003 0.1486111111111111 0.022656250000000003
8 0.9243055555555556 0.43046875 0.043055555555555555 0.0140625
9 0.07777777777777778 0.529296875 0.13055555555555556 0.07578125000000001
5 0.5631944444444444 0.529296875 0.7958333333333334 0.041406250000000006
17 0.5111111111111112 0.530859375 0.6916666666666667 0.01953125
9 0.07847222222222222 0.6277343750000001 0.13194444444444445 0.07578125000000001
5 0.5631944444444444 0.6277343750000001 0.7958333333333334 0.041406250000000006
17 0.41458333333333336 0.628125 0.4986111111111111 0.018750000000000003
9 0.07777777777777778 0.726171875 0.13333333333333333 0.07578125000000001
5 0.5631944444444444 0.726171875 0.7958333333333334 0.041406250000000006
17 0.30972222222222223 0.7292968750000001 0.2888888888888889 0.022656250000000003
9 0.07777777777777778 0.823828125 0.13333333333333333 0.07421875
5 0.5631944444444444 0.8246093750000001 0.7958333333333334 0.041406250000000006
17 0.5041666666666667 0.82734375 0.6777777777777778 0.0234375
18 0.6784722222222223 0.954296875 0.5680555555555555 0.05859375
17 0.19722222222222224 0.956640625 0.2555555555555556 0.01640625
20 0.5006944444444444 0.0171875 0.9986111111111111 0.0328125
