17 0.3715277777777778 0.07421875 0.23750000000000002 0.025
8 0.41944444444444445 0.71640625 0.0638888888888889 0.03125
8 0.9090277777777778 0.90546875 0.0625 0.03125
9 0.06875 0.07109375 0.08750000000000001 0.05
8 0.9423611111111111 0.07187500000000001 0.051388888888888894 0.025
9 0.12430555555555556 0.195703125 0.1375 0.07734375
9 0.3576388888888889 0.195703125 0.1375 0.07734375
8 0.5909722222222222 0.195703125 0.1375 0.07734375
9 0.8243055555555556 0.195703125 0.1375 0.07734375
8 0.12569444444444444 0.950390625 0.051388888888888894 0.02890625
8 0.3909722222222222 0.946484375 0.07083333333333333 0.03671875
8 0.6256944444444444 0.9519531250000001 0.051388888888888894 0.025781250000000002
8 0.8743055555555556 0.951171875 0.051388888888888894 0.02890625
17 0.8756944444444444 0.9812500000000001 0.1125 0.018750000000000003
17 0.6243055555555556 0.9792968750000001 0.06805555555555556 0.014843750000000001
17 0.375 0.9789062500000001 0.18333333333333335 0.015625
17 0.12638888888888888 0.9792968750000001 0.10555555555555556 0.014843750000000001
17 0.12847222222222224 0.3515625 0.18194444444444446 0.025
17 0.8902777777777778 0.350390625 0.0638888888888889 0.017968750000000002
17 0.8250000000000001 0.280859375 0.1277777777777778 0.030468750000000003
17 0.5916666666666667 0.28046875 0.16666666666666669 0.0125
17 0.3576388888888889 0.28046875 0.06805555555555556 0.0125
17 0.12569444444444444 0.280078125 0.12916666666666668 0.01171875
18 0.12569444444444444 0.143359375 0.10416666666666667 0.02890625
8 0.2 0.07187500000000001 0.05 0.028125
8 0.9555555555555556 0.35000000000000003 0.022222222222222223 0.018750000000000003
7 0.50625 0.071484375 0.7180555555555556 0.055468750000000004
18 0.5006944444444444 0.83984375 0.5236111111111111 0.07187500000000001
9 0.2555555555555556 0.574609375 0.45833333333333337 0.35546875
9 0.25625000000000003 0.8480468750000001 0.4569444444444445 0.15078125
9 0.7458333333333333 0.6605468750000001 0.45833333333333337 0.52734375
20 0.5006944444444444 0.0171875 0.9986111111111111 0.0328125
