17 0.48194444444444445 0.074609375 0.3138888888888889 0.02421875
17 0.8993055555555556 0.98984375 0.10694444444444445 0.0171875
17 0.701388888888889 0.98828125 0.15555555555555556 0.0140625
17 0.5006944444444444 0.98828125 0.059722222222222225 0.0140625
17 0.3027777777777778 0.98828125 0.07222222222222223 0.0140625
17 0.10208333333333333 0.9886718750000001 0.12083333333333333 0.013281250000000001
17 0.5027777777777778 0.13984375000000002 0.29444444444444445 0.0203125
8 0.9166666666666667 0.07578125000000001 0.061111111111111116 0.035937500000000004
8 0.20347222222222222 0.072265625 0.06527777777777778 0.02421875
8 0.7604166666666667 0.072265625 0.14583333333333334 0.05078125
17 0.16180555555555556 0.8859375 0.22083333333333335 0.0171875
17 0.2638888888888889 0.8347656250000001 0.425 0.05078125
9 0.27083333333333337 0.6640625 0.4416666666666667 0.25
17 0.6215277777777778 0.884765625 0.22083333333333335 0.017968750000000002
17 0.7222222222222222 0.833984375 0.425 0.05234375
9 0.7319444444444445 0.6640625 0.4416666666666667 0.25
17 0.6208333333333333 0.48203125 0.22222222222222224 0.018750000000000003
17 0.7159722222222222 0.44570312500000003 0.40694444444444444 0.022656250000000003
9 0.7319444444444445 0.290234375 0.4416666666666667 0.24921875000000002
17 0.16180555555555556 0.5109375 0.22083333333333335 0.018750000000000003
17 0.22222222222222224 0.45937500000000003 0.3388888888888889 0.051562500000000004
9 0.9361111111111111 0.482421875 0.03888888888888889 0.02109375
9 0.27083333333333337 0.290625 0.4416666666666667 0.25
7 0.5611111111111111 0.072265625 0.5583333333333333 0.06171875
8 0.10694444444444445 0.071484375 0.044444444444444446 0.02421875
8 0.10069444444444445 0.9597656250000001 0.059722222222222225 0.03359375
9 0.30069444444444443 0.958984375 0.04027777777777778 0.02890625
8 0.5 0.9593750000000001 0.061111111111111116 0.034375
9 0.7006944444444445 0.9593750000000001 0.059722222222222225 0.034375
8 0.9 0.958984375 0.05 0.02890625
20 0.5006944444444444 0.0171875 0.9986111111111111 0.0328125
