9 0.7458333333333333 0.8812500000000001 0.4666666666666667 0.23750000000000002
17 0.13402777777777777 0.80625 0.19305555555555556 0.0203125
17 0.10486111111111111 0.7195312500000001 0.13194444444444445 0.0203125
9 0.2576388888888889 0.567578125 0.4652777777777778 0.26171875
17 0.6583333333333333 0.483203125 0.26666666666666666 0.02421875
17 0.10902777777777778 0.39453125 0.14027777777777778 0.0203125
17 0.6395833333333334 0.15703125 0.22083333333333335 0.025
9 0.2576388888888889 0.24140625000000002 0.4652777777777778 0.2625
8 0.05416666666666667 0.06406250000000001 0.061111111111111116 0.034375
9 0.5 0.06601562500000001 0.2555555555555556 0.03515625
18 0.8902777777777778 0.06328125 0.19722222222222224 0.03125
20 0.5006944444444444 0.0171875 0.9986111111111111 0.0328125
