20 0.5006944444444444 0.0171875 0.9986111111111111 0.0328125
17 0.1736111111111111 0.074609375 0.2611111111111111 0.02734375
9 0.5013888888888889 0.207421875 0.3861111111111111 0.08671875000000001
17 0.8715277777777778 0.323828125 0.10972222222222222 0.017968750000000002
7 0.5006944444444444 0.365234375 0.8541666666666667 0.055468750000000004
17 0.20902777777777778 0.36835937500000004 0.2125 0.01640625
7 0.5 0.440234375 0.8527777777777779 0.055468750000000004
17 0.20833333333333334 0.440234375 0.20833333333333334 0.022656250000000003
18 0.5013888888888889 0.515234375 0.8527777777777779 0.055468750000000004
5 0.5083333333333333 0.58515625 0.6027777777777777 0.026562500000000003
17 0.5388888888888889 0.587109375 0.5416666666666667 0.022656250000000003
17 0.5006944444444444 0.638671875 0.32083333333333336 0.022656250000000003
17 0.5 0.933203125 0.47500000000000003 0.022656250000000003
0 0.5006944444444444 0.555078125 0.9986111111111111 0.88984375
