20 0.5006944444444444 0.0171875 0.9986111111111111 0.0328125
8 0.06527777777777778 0.0671875 0.04722222222222222 0.026562500000000003
17 0.5020833333333333 0.125390625 0.2652777777777778 0.047656250000000004
17 0.18680555555555556 0.24296875 0.20972222222222223 0.018750000000000003
17 0.6604166666666667 0.24296875 0.20694444444444446 0.018750000000000003
17 0.13472222222222222 0.34375 0.10277777777777779 0.018750000000000003
17 0.22430555555555556 0.44453125000000004 0.28194444444444444 0.018750000000000003
17 0.5034722222222222 0.542578125 0.7569444444444444 0.05234375
5 0.46597222222222223 0.542578125 0.8347222222222223 0.05234375
17 0.4791666666666667 0.6394531250000001 0.8583333333333334 0.05390625
18 0.5 0.73203125 0.8138888888888889 0.060937500000000006
17 0.5034722222222222 0.80078125 0.05416666666666667 0.018750000000000003
18 0.5006944444444444 0.86875 0.8152777777777778 0.060937500000000006
17 0.5 0.964453125 0.6166666666666667 0.02421875
7 0.2652777777777778 0.23945312500000002 0.4277777777777778 0.07890625000000001
7 0.7381944444444445 0.23945312500000002 0.42638888888888893 0.07890625000000001
7 0.5013888888888889 0.34101562500000004 0.9027777777777778 0.08046875
7 0.5013888888888889 0.44140625 0.9027777777777778 0.07968750000000001
