17 0.5013888888888889 0.07695312500000001 0.15555555555555556 0.022656250000000003
17 0.5013888888888889 0.25 0.8444444444444444 0.0421875
17 0.3236111111111111 0.358984375 0.35000000000000003 0.02421875
17 0.26875 0.44257812500000004 0.24583333333333335 0.022656250000000003
17 0.39375 0.525390625 0.4902777777777778 0.022656250000000003
17 0.2888888888888889 0.6082031250000001 0.2833333333333333 0.022656250000000003
17 0.24861111111111112 0.6882812500000001 0.2 0.018750000000000003
17 0.25 0.771484375 0.20555555555555557 0.017968750000000002
17 0.28611111111111115 0.8539062500000001 0.2777777777777778 0.018750000000000003
17 0.875 0.977734375 0.10833333333333334 0.01640625
17 0.6256944444444444 0.976171875 0.11805555555555557 0.013281250000000001
17 0.37569444444444444 0.976171875 0.12361111111111112 0.013281250000000001
17 0.12708333333333333 0.976171875 0.12638888888888888 0.013281250000000001
8 0.8756944444444444 0.94453125 0.05694444444444444 0.0328125
8 0.6256944444444444 0.9437500000000001 0.05416666666666667 0.034375
9 0.37569444444444444 0.9441406250000001 0.06805555555555556 0.030468750000000003
9 0.12708333333333333 0.9437500000000001 0.06527777777777778 0.034375
8 0.07430555555555556 0.8539062500000001 0.06805555555555556 0.034375
8 0.07430555555555556 0.77109375 0.059722222222222225 0.026562500000000003
8 0.075 0.6882812500000001 0.05277777777777778 0.034375
9 0.075 0.6062500000000001 0.058333333333333334 0.0328125
9 0.07430555555555556 0.52265625 0.043055555555555555 0.034375
8 0.07430555555555556 0.440234375 0.05416666666666667 0.03359375
8 0.075 0.357421875 0.061111111111111116 0.030468750000000003
18 0.5013888888888889 0.1859375 0.5666666666666667 0.060937500000000006
20 0.5006944444444444 0.0171875 0.9986111111111111 0.0328125
