17 0.12638888888888888 0.9773437500000001 0.10555555555555556 0.0171875
17 0.37569444444444444 0.9773437500000001 0.09305555555555556 0.0171875
17 0.6270833333333333 0.978125 0.13194444444444445 0.015625
17 0.8763888888888889 0.9773437500000001 0.10277777777777779 0.0171875
8 0.8756944444444444 0.948828125 0.059722222222222225 0.03359375
9 0.625 0.9484375 0.05555555555555556 0.0203125
8 0.37569444444444444 0.9476562500000001 0.04861111111111111 0.026562500000000003
8 0.12638888888888888 0.948828125 0.04166666666666667 0.02421875
18 0.5006944444444444 0.759375 0.46805555555555556 0.0625
17 0.5006944444444444 0.6570312500000001 0.6930555555555555 0.0546875
17 0.5020833333333333 0.5867187500000001 0.6013888888888889 0.0390625
9 0.49930555555555556 0.394140625 0.2152777777777778 0.22265625
17 0.8347222222222223 0.14375000000000002 0.14722222222222223 0.021875000000000002
17 0.5013888888888889 0.144140625 0.11944444444444445 0.02109375
17 0.16805555555555557 0.14140625 0.1388888888888889 0.0171875
17 0.1875 0.0703125 0.27222222222222225 0.0234375
20 0.5006944444444444 0.0171875 0.9986111111111111 0.0328125
