20 0.5006944444444444 0.0171875 0.9986111111111111 0.0328125
17 0.09791666666666667 0.07500000000000001 0.11805555555555557 0.0328125
17 0.09722222222222222 0.15234375 0.13055555555555556 0.0203125
17 0.30972222222222223 0.15156250000000002 0.17500000000000002 0.021875000000000002
17 0.5006944444444444 0.25546875 0.39305555555555555 0.0203125
9 0.26180555555555557 0.39296875000000003 0.4430555555555556 0.19687500000000002
9 0.7409722222222223 0.39296875000000003 0.4430555555555556 0.19687500000000002
17 0.24444444444444446 0.5421875 0.36944444444444446 0.06406250000000001
17 0.7000000000000001 0.54140625 0.32222222222222224 0.06406250000000001
9 0.2611111111111111 0.710546875 0.4416666666666667 0.19609375
9 0.7416666666666667 0.710546875 0.4416666666666667 0.19609375
17 0.7041666666666667 0.8625 0.33333333333333337 0.0703125
17 0.25 0.8425781250000001 0.38333333333333336 0.030468750000000003
8 0.10069444444444445 0.95078125 0.051388888888888894 0.028125
8 0.30069444444444443 0.950390625 0.051388888888888894 0.025781250000000002
17 0.10138888888888889 0.9792968750000001 0.08888888888888889 0.014843750000000001
17 0.30069444444444443 0.9792968750000001 0.1375 0.014843750000000001
8 0.49930555555555556 0.950390625 0.051388888888888894 0.02890625
17 0.49930555555555556 0.9789062500000001 0.10416666666666667 0.015625
8 0.7006944444444445 0.950390625 0.051388888888888894 0.030468750000000003
17 0.6993055555555556 0.9792968750000001 0.05416666666666667 0.014843750000000001
8 0.8972222222222223 0.9496093750000001 0.05555555555555556 0.030468750000000003
17 0.9 0.9792968750000001 0.0638888888888889 0.014843750000000001
