17 0.15833333333333333 0.35000000000000003 0.20833333333333334 0.0234375
17 0.09027777777777778 0.2484375 0.07777777777777778 0.015625
17 0.9236111111111112 0.07421875 0.075 0.021875000000000002
8 0.8208333333333334 0.071484375 0.061111111111111116 0.03359375
8 0.07013888888888889 0.071484375 0.04027777777777778 0.022656250000000003
17 0.24444444444444446 0.07500000000000001 0.13333333333333333 0.026562500000000003
17 0.49930555555555556 0.15742187500000002 0.4847222222222222 0.025781250000000002
7 0.5 0.25625000000000003 0.9027777777777778 0.03125
8 0.9027777777777778 0.351171875 0.05277777777777778 0.025781250000000002
7 0.5013888888888889 0.35585937500000003 0.9027777777777778 0.03671875
18 0.5006944444444444 0.43515625 0.9236111111111112 0.059375000000000004
17 0.5020833333333333 0.49296875 0.40972222222222227 0.0234375
17 0.5020833333333333 0.5476562500000001 0.0375 0.015625
18 0.5013888888888889 0.6121093750000001 0.9222222222222223 0.05859375
17 0.5006944444444444 0.662109375 0.8486111111111111 0.01953125
17 0.49930555555555556 0.6960937500000001 0.28194444444444444 0.0234375
18 0.5013888888888889 0.78125 0.9222222222222223 0.059375000000000004
20 0.5006944444444444 0.0171875 0.9986111111111111 0.0328125
