17 0.3125 0.078125 0.30833333333333335 0.018750000000000003
17 0.16805555555555557 0.15546875000000002 0.08611111111111111 0.018750000000000003
17 0.5020833333333333 0.156640625 0.24305555555555555 0.02421875
17 0.8333333333333334 0.1546875 0.11944444444444445 0.0203125
17 0.8173611111111111 0.39687500000000003 0.2625 0.0171875
17 0.18333333333333335 0.397265625 0.275 0.017968750000000002
17 0.5006944444444444 0.7601562500000001 0.2013888888888889 0.015625
8 0.09791666666666667 0.07695312500000001 0.04583333333333334 0.025781250000000002
8 0.10138888888888889 0.962109375 0.05555555555555556 0.02890625
8 0.3013888888888889 0.9632812500000001 0.061111111111111116 0.026562500000000003
8 0.5 0.962890625 0.05555555555555556 0.032031250000000004
8 0.7125 0.95703125 0.075 0.0390625
8 0.9006944444444445 0.9613281250000001 0.04583333333333334 0.02890625
17 0.5 0.81953125 0.7194444444444444 0.078125
17 0.5 0.408984375 0.25833333333333336 0.04296875
9 0.1840277777777778 0.284765625 0.2902777777777778 0.16328125000000002
9 0.49930555555555556 0.28554687500000003 0.2902777777777778 0.16328125000000002
9 0.8166666666666667 0.28515625 0.2916666666666667 0.1640625
9 0.5006944444444444 0.59609375 0.9986111111111111 0.2765625
9 0.5006944444444444 0.9078125 0.9986111111111111 0.03125
7 0.5013888888888889 0.07695312500000001 0.9222222222222223 0.06640625
20 0.5006944444444444 0.0140625 0.9986111111111111 0.026562500000000003
