17 0.38680555555555557 0.16718750000000002 0.48750000000000004 0.025
17 0.23750000000000002 0.07265625 0.11944444444444445 0.018750000000000003
17 0.22847222222222224 0.259765625 0.4013888888888889 0.02734375
17 0.9041666666666667 0.26015625000000003 0.1388888888888889 0.0171875
17 0.15555555555555556 0.496875 0.20833333333333334 0.021875000000000002
17 0.5722222222222223 0.496875 0.2611111111111111 0.021875000000000002
17 0.9152777777777779 0.496875 0.16944444444444445 0.046875
17 0.2881944444444445 0.57578125 0.5041666666666667 0.0234375
17 0.08680555555555555 0.8 0.11805555555555557 0.018750000000000003
17 0.8756944444444444 0.7996093750000001 0.11805555555555557 0.01953125
17 0.9083333333333333 0.8562500000000001 0.18333333333333335 0.053125000000000006
17 0.40694444444444444 0.841015625 0.7527777777777778 0.022656250000000003
17 0.19861111111111113 0.9457031250000001 0.3388888888888889 0.02890625
8 0.06944444444444445 0.07187500000000001 0.04722222222222222 0.018750000000000003
8 0.9423611111111111 0.072265625 0.04583333333333334 0.025781250000000002
8 0.08680555555555555 0.166015625 0.043055555555555555 0.02421875
9 0.20902777777777778 0.37031250000000004 0.3652777777777778 0.1546875
9 0.5986111111111111 0.369921875 0.3666666666666667 0.15390625000000002
9 0.9027777777777778 0.37031250000000004 0.19444444444444445 0.1546875
9 0.40555555555555556 0.683203125 0.7555555555555555 0.15859375
9 0.9069444444444444 0.683203125 0.18333333333333335 0.15859375
9 0.20833333333333334 0.9859375 0.3666666666666667 0.028125
9 0.5986111111111111 0.985546875 0.3666666666666667 0.02890625
9 0.9027777777777778 0.9859375 0.19444444444444445 0.028125
7 0.5006944444444444 0.16562500000000002 0.951388888888889 0.0703125
20 0.5006944444444444 0.0171875 0.9986111111111111 0.0328125
