17 0.31875000000000003 0.6394531250000001 0.2986111111111111 0.025781250000000002
17 0.3840277777777778 0.548828125 0.4291666666666667 0.025781250000000002
8 0.09166666666666667 0.636328125 0.03888888888888889 0.02734375
8 0.09097222222222223 0.5453125 0.051388888888888894 0.025
17 0.2513888888888889 0.44062500000000004 0.09722222222222222 0.0234375
18 0.75 0.437109375 0.5 0.09453125000000001
18 0.5013888888888889 0.790234375 0.9416666666666667 0.06015625
17 0.5027777777777778 0.72265625 0.5083333333333333 0.021875000000000002
7 0.5 0.636328125 0.9416666666666667 0.06796875000000001
7 0.5 0.54609375 0.9416666666666667 0.06875
9 0.5 0.209765625 0.225 0.12578125
9 0.5006944444444444 0.21171875 0.9986111111111111 0.35625
20 0.5006944444444444 0.0171875 0.9986111111111111 0.0328125
