17 0.2826388888888889 0.398046875 0.15972222222222224 0.02109375
17 0.2520833333333333 0.2828125 0.09861111111111112 0.0171875
17 0.7513888888888889 0.15078125 0.13055555555555556 0.025
17 0.2513888888888889 0.15078125 0.18333333333333335 0.025
8 0.13055555555555556 0.28359375000000003 0.04166666666666667 0.018750000000000003
8 0.13055555555555556 0.39687500000000003 0.03888888888888889 0.025
8 0.8638888888888889 0.39687500000000003 0.05555555555555556 0.026562500000000003
7 0.5006944444444444 0.40468750000000003 0.8236111111111112 0.040625
7 0.5006944444444444 0.292578125 0.8236111111111112 0.03828125
8 0.06944444444444445 0.07187500000000001 0.03888888888888889 0.021875000000000002
17 0.3826388888888889 0.07187500000000001 0.41250000000000003 0.018750000000000003
20 0.5013888888888889 0.016796875 0.9972222222222222 0.032031250000000004
17 0.5027777777777778 0.503125 0.28055555555555556 0.018750000000000003
9 0.5006944444444444 0.8796875000000001 0.9986111111111111 0.240625
