8 0.9256944444444445 0.8562500000000001 0.1486111111111111 0.0203125
17 0.9256944444444445 0.9050781250000001 0.1486111111111111 0.047656250000000004
17 0.925 0.8050781250000001 0.15 0.05234375
8 0.5465277777777778 0.856640625 0.2152777777777778 0.01953125
17 0.6284722222222222 0.8050781250000001 0.3819444444444445 0.05234375
17 0.5958333333333333 0.90546875 0.3138888888888889 0.046875
8 0.1326388888888889 0.8562500000000001 0.2152777777777778 0.0203125
17 0.19652777777777777 0.90390625 0.3458333333333333 0.043750000000000004
17 0.1736111111111111 0.8050781250000001 0.2888888888888889 0.05234375
17 0.9208333333333334 0.596875 0.10833333333333334 0.0140625
9 0.925 0.7000000000000001 0.15 0.1296875
9 0.6326388888888889 0.7000000000000001 0.3902777777777778 0.1296875
9 0.22013888888888888 0.7000000000000001 0.3902777777777778 0.1296875
17 0.16111111111111112 0.5925781250000001 0.2638888888888889 0.022656250000000003
17 0.8548611111111112 0.42695312500000004 0.2902777777777778 0.05234375
17 0.11736111111111111 0.5085937500000001 0.1763888888888889 0.021875000000000002
8 0.8173611111111111 0.478515625 0.2152777777777778 0.01953125
17 0.8138888888888889 0.509375 0.2 0.0234375
8 0.1326388888888889 0.478125 0.2152777777777778 0.0203125
17 0.5340277777777778 0.47773437500000004 0.22083333333333335 0.013281250000000001
17 0.2743055555555556 0.42890625000000004 0.49583333333333335 0.0546875
9 0.8548611111111112 0.274609375 0.2902777777777778 0.21171875
17 0.9215277777777778 0.13007812500000002 0.10972222222222222 0.014843750000000001
17 0.2965277777777778 0.128515625 0.5430555555555556 0.030468750000000003
9 0.3541666666666667 0.274609375 0.6555555555555556 0.21171875
17 0.10277777777777779 0.9929687500000001 0.08611111111111111 0.0140625
17 0.3013888888888889 0.99140625 0.09444444444444444 0.0125
17 0.5020833333333333 0.9925781250000001 0.10694444444444445 0.014843750000000001
17 0.7020833333333334 0.9925781250000001 0.10972222222222222 0.014843750000000001
17 0.9013888888888889 0.99140625 0.075 0.0125
8 0.9013888888888889 0.9597656250000001 0.05277777777777778 0.030468750000000003
8 0.7006944444444445 0.960546875 0.07361111111111111 0.032031250000000004
8 0.5020833333333333 0.9593750000000001 0.059722222222222225 0.0328125
8 0.30069444444444443 0.960546875 0.06527777777777778 0.03359375
8 0.10069444444444445 0.96015625 0.06527777777777778 0.037500000000000006
8 0.9402777777777778 0.06875 0.05277777777777778 0.029687500000000002
8 0.8152777777777778 0.06953125 0.06944444444444445 0.029687500000000002
17 0.1590277777777778 0.07109375 0.13194444444444445 0.021875000000000002
8 0.06319444444444444 0.071484375 0.05416666666666667 0.025781250000000002
20 0.5006944444444444 0.0171875 0.9986111111111111 0.0328125
