20 0.5006944444444444 0.0140625 0.9986111111111111 0.026562500000000003
8 0.9298611111111111 0.07265625 0.06527777777777778 0.03125
8 0.09930555555555556 0.073046875 0.043055555555555555 0.02421875
17 0.31666666666666665 0.07500000000000001 0.325 0.028125
9 0.1638888888888889 0.17500000000000002 0.16944444444444445 0.09531250000000001
17 0.5055555555555555 0.15546875000000002 0.46944444444444444 0.053125000000000006
17 0.32708333333333334 0.21210937500000002 0.10416666666666667 0.017968750000000002
17 0.49722222222222223 0.29726562500000003 0.8333333333333334 0.08203125
5 0.24166666666666667 0.37539062500000003 0.3277777777777778 0.02109375
17 0.26666666666666666 0.37578125 0.2777777777777778 0.0171875
5 0.3597222222222222 0.421875 0.5638888888888889 0.025
17 0.3840277777777778 0.42304687500000004 0.5152777777777778 0.022656250000000003
5 0.3236111111111111 0.467578125 0.48888888888888893 0.02421875
17 0.3479166666666667 0.468359375 0.44027777777777777 0.022656250000000003
9 0.1638888888888889 0.595703125 0.15555555555555556 0.09296875
17 0.5868055555555556 0.568359375 0.6263888888888889 0.02734375
17 0.33472222222222225 0.605078125 0.125 0.01953125
17 0.49444444444444446 0.7140625 0.8305555555555556 0.08125
5 0.36319444444444443 0.7937500000000001 0.5708333333333333 0.025
17 0.38819444444444445 0.7953125000000001 0.5208333333333334 0.021875000000000002
5 0.3506944444444445 0.839453125 0.5458333333333334 0.02421875
17 0.3763888888888889 0.8402343750000001 0.49444444444444446 0.02109375
5 0.3576388888888889 0.884375 0.5597222222222222 0.025
17 0.38333333333333336 0.8851562500000001 0.5083333333333333 0.021875000000000002
8 0.37569444444444444 0.943359375 0.07361111111111111 0.03671875
9 0.6256944444444444 0.943359375 0.051388888888888894 0.03671875
8 0.12638888888888888 0.94453125 0.075 0.037500000000000006
8 0.875 0.9441406250000001 0.06666666666666667 0.03671875
17 0.3763888888888889 0.980078125 0.07222222222222223 0.014843750000000001
17 0.12708333333333333 0.98046875 0.08194444444444444 0.0140625
17 0.6256944444444444 0.9808593750000001 0.12083333333333333 0.013281250000000001
17 0.8763888888888889 0.9808593750000001 0.1 0.013281250000000001
7 0.45555555555555555 0.07265625 0.8333333333333334 0.05625
