17 0.10694444444444445 0.07187500000000001 0.13055555555555556 0.0234375
17 0.5020833333333333 0.18203125 0.8013888888888889 0.035937500000000004
17 0.5006944444444444 0.246875 0.7986111111111112 0.0546875
18 0.5 0.759765625 0.9222222222222223 0.06640625
17 0.5020833333333333 0.84921875 0.40972222222222227 0.021875000000000002
17 0.12638888888888888 0.9792968750000001 0.08333333333333334 0.014843750000000001
17 0.375 0.977734375 0.1 0.017968750000000002
17 0.625 0.9789062500000001 0.1638888888888889 0.015625
17 0.875 0.9792968750000001 0.07222222222222223 0.014843750000000001
13 0.875 0.95078125 0.058333333333333334 0.009375000000000001
9 0.6256944444444444 0.9500000000000001 0.05694444444444444 0.0328125
8 0.37569444444444444 0.946875 0.059722222222222225 0.029687500000000002
8 0.12638888888888888 0.950390625 0.058333333333333334 0.030468750000000003
9 0.5 0.46718750000000003 0.6055555555555556 0.30000000000000004
20 0.5006944444444444 0.0171875 0.9986111111111111 0.0328125
