17 0.7513888888888889 0.065234375 0.29444444444444445 0.017968750000000002
17 0.25069444444444444 0.065234375 0.12083333333333333 0.017968750000000002
17 0.5013888888888889 0.9851562500000001 0.30833333333333335 0.021875000000000002
17 0.49375 0.9480468750000001 0.7847222222222222 0.022656250000000003
17 0.4979166666666667 0.905859375 0.4708333333333333 0.017968750000000002
8 0.47222222222222227 0.523828125 0.044444444444444446 0.02421875
17 0.5333333333333333 0.523828125 0.03333333333333333 0.014843750000000001
17 0.5013888888888889 0.470703125 0.3861111111111111 0.022656250000000003
17 0.49375 0.43281250000000004 0.7902777777777779 0.021875000000000002
17 0.5013888888888889 0.390234375 0.125 0.017968750000000002
9 0.5020833333333333 0.74140625 0.15694444444444444 0.24531250000000002
9 0.5013888888888889 0.22734375 0.7555555555555555 0.22187500000000002
20 0.5006944444444444 0.013671875 0.9986111111111111 0.025781250000000002
