17 0.3284722222222222 0.06992187500000001 0.2513888888888889 0.01953125
17 0.4 0.19492187500000002 0.6805555555555556 0.08046875
17 0.34305555555555556 0.4109375 0.5638888888888889 0.028125
17 0.20069444444444445 0.551953125 0.14583333333333334 0.03671875
17 0.5013888888888889 0.551953125 0.1638888888888889 0.03671875
17 0.8027777777777778 0.5535156250000001 0.16111111111111112 0.039843750000000004
17 0.20069444444444445 0.706640625 0.17083333333333334 0.03671875
17 0.5 0.706640625 0.18611111111111112 0.03671875
17 0.8027777777777778 0.706640625 0.16111111111111112 0.03671875
17 0.36319444444444443 0.8078125 0.6069444444444445 0.021875000000000002
17 0.12569444444444444 0.985546875 0.07916666666666666 0.01171875
17 0.37569444444444444 0.9851562500000001 0.1736111111111111 0.0125
17 0.6263888888888889 0.9867187500000001 0.10833333333333334 0.015625
17 0.8763888888888889 0.9847656250000001 0.14444444444444446 0.013281250000000001
8 0.875 0.9554687500000001 0.05555555555555556 0.03125
8 0.625 0.9558593750000001 0.05555555555555556 0.025781250000000002
8 0.37569444444444444 0.9558593750000001 0.05694444444444444 0.02890625
8 0.12638888888888888 0.9554687500000001 0.05555555555555556 0.03125
9 0.2 0.8972656250000001 0.07222222222222223 0.030468750000000003
9 0.5006944444444444 0.896484375 0.06805555555555556 0.032031250000000004
9 0.8020833333333334 0.896484375 0.06805555555555556 0.03671875
9 0.20069444444444445 0.645703125 0.0625 0.03828125
9 0.5006944444444444 0.645703125 0.06805555555555556 0.03828125
9 0.8020833333333334 0.64609375 0.06805555555555556 0.037500000000000006
9 0.2 0.49140625000000004 0.075 0.0390625
9 0.5006944444444444 0.491015625 0.051388888888888894 0.039843750000000004
9 0.8013888888888889 0.49062500000000003 0.07222222222222223 0.026562500000000003
8 0.10902777777777778 0.29726562500000003 0.04583333333333334 0.025781250000000002
8 0.06875 0.0703125 0.04861111111111111 0.0203125
9 0.16736111111111113 0.070703125 0.0625 0.02890625
17 0.47222222222222227 0.299609375 0.5916666666666667 0.02421875
7 0.5006944444444444 0.29765625 0.9236111111111112 0.078125
20 0.5006944444444444 0.0171875 0.9986111111111111 0.0328125
