20 0.5013888888888889 0.0171875 0.9972222222222222 0.0328125
8 0.05625 0.064453125 0.0625 0.03515625
9 0.5006944444444444 0.066796875 0.2569444444444445 0.03515625
18 0.8909722222222223 0.06328125 0.19861111111111113 0.03125
9 0.2576388888888889 0.234765625 0.4652777777777778 0.26171875
9 0.7444444444444445 0.234765625 0.4666666666666667 0.26171875
17 0.1375 0.38710937500000003 0.20277777777777778 0.02109375
17 0.5819444444444445 0.3875 0.11111111111111112 0.0203125
9 0.2576388888888889 0.5609375 0.4652777777777778 0.2625
9 0.7451388888888889 0.5609375 0.4652777777777778 0.2625
17 0.1763888888888889 0.7132812500000001 0.2777777777777778 0.0203125
17 0.6416666666666667 0.7132812500000001 0.225 0.0203125
9 0.2576388888888889 0.8777343750000001 0.4652777777777778 0.24296875
9 0.7458333333333333 0.8777343750000001 0.4666666666666667 0.24453125
