20 0.5006944444444444 0.0171875 0.9986111111111111 0.0328125
18 0.5013888888888889 0.759375 0.4666666666666667 0.0625
17 0.5006944444444444 0.6570312500000001 0.5736111111111112 0.0546875
17 0.5020833333333333 0.587890625 0.5597222222222222 0.03671875
9 0.5 0.38320312500000003 0.21666666666666667 0.22109375
17 0.5013888888888889 0.144140625 0.11944444444444445 0.02109375
17 0.16736111111111113 0.14140625 0.14027777777777778 0.0171875
17 0.8347222222222223 0.14375000000000002 0.14722222222222223 0.021875000000000002
17 0.9277777777777778 0.071484375 0.061111111111111116 0.013281250000000001
17 0.1875 0.070703125 0.27222222222222225 0.022656250000000003
17 0.12708333333333333 0.977734375 0.10416666666666667 0.01640625
8 0.12638888888888888 0.948828125 0.04166666666666667 0.02421875
8 0.37569444444444444 0.9480468750000001 0.04861111111111111 0.025781250000000002
17 0.3770833333333333 0.9773437500000001 0.09305555555555556 0.0171875
17 0.6263888888888889 0.977734375 0.13333333333333333 0.01640625
17 0.8777777777777778 0.977734375 0.10277777777777779 0.01640625
9 0.6263888888888889 0.9484375 0.05555555555555556 0.0203125
8 0.8756944444444444 0.9476562500000001 0.059722222222222225 0.034375
