20 0.5006944444444444 0.0171875 0.9986111111111111 0.0328125
8 0.059722222222222225 0.06640625 0.04722222222222222 0.0203125
18 0.8777777777777778 0.13398437500000002 0.2138888888888889 0.04453125
17 0.10347222222222223 0.135546875 0.12083333333333333 0.017968750000000002
8 0.05416666666666667 0.205078125 0.075 0.041406250000000006
18 0.9111111111111111 0.20859375000000002 0.1277777777777778 0.037500000000000006
17 0.29375 0.205078125 0.38472222222222224 0.022656250000000003
17 0.13611111111111113 0.280859375 0.2 0.02734375
8 0.9555555555555556 0.27773437500000003 0.019444444444444445 0.01953125
17 0.8131944444444444 0.27968750000000003 0.23472222222222222 0.021875000000000002
17 0.8076388888888889 0.34921875 0.2847222222222222 0.0203125
17 0.11736111111111111 0.353125 0.1625 0.026562500000000003
5 0.49236111111111114 0.423828125 0.9097222222222222 0.02890625
17 0.2076388888888889 0.42421875000000003 0.3402777777777778 0.028125
9 0.05416666666666667 0.50390625 0.075 0.0421875
17 0.19236111111111112 0.50625 0.1763888888888889 0.028125
5 0.4951388888888889 0.5710937500000001 0.9180555555555556 0.029687500000000002
17 0.16041666666666668 0.572265625 0.24861111111111112 0.02734375
17 0.8222222222222223 0.6410156250000001 0.25277777777777777 0.02109375
17 0.16111111111111112 0.6421875 0.24722222222222223 0.021875000000000002
17 0.24444444444444446 0.716015625 0.4138888888888889 0.02734375
5 0.49236111111111114 0.716015625 0.9097222222222222 0.02734375
17 0.17708333333333334 0.812109375 0.2791666666666667 0.02734375
5 0.49236111111111114 0.812109375 0.9097222222222222 0.02734375
5 0.49583333333333335 0.907421875 0.9166666666666667 0.030468750000000003
17 0.20208333333333334 0.9085937500000001 0.32916666666666666 0.028125
7 0.38472222222222224 0.13515625 0.7388888888888889 0.0546875
