17 0.5006944444444444 0.071484375 0.4152777777777778 0.017968750000000002
17 0.16736111111111113 0.19140625 0.1125 0.015625
17 0.5013888888888889 0.19140625 0.1 0.015625
17 0.8354166666666667 0.19375 0.1625 0.018750000000000003
17 0.23958333333333334 0.28046875 0.4013888888888889 0.026562500000000003
17 0.8284722222222223 0.282421875 0.27361111111111114 0.02109375
17 0.20069444444444445 0.34375 0.12083333333333333 0.0171875
17 0.2215277777777778 0.4109375 0.15694444444444444 0.021875000000000002
17 0.2638888888888889 0.4765625 0.2388888888888889 0.021875000000000002
17 0.19097222222222224 0.540234375 0.09305555555555556 0.01640625
17 0.275 0.6082031250000001 0.26666666666666666 0.02109375
17 0.23750000000000002 0.67109375 0.18611111111111112 0.0171875
17 0.27222222222222225 0.7367187500000001 0.2555555555555556 0.0171875
17 0.21597222222222223 0.802734375 0.14305555555555557 0.01640625
17 0.3 0.870703125 0.3111111111111111 0.02109375
17 0.10069444444444445 0.9851562500000001 0.13472222222222222 0.0140625
17 0.3 0.98359375 0.09166666666666667 0.010937500000000001
17 0.5006944444444444 0.9851562500000001 0.09305555555555556 0.0140625
17 0.7006944444444445 0.9851562500000001 0.10972222222222222 0.0140625
17 0.8993055555555556 0.983984375 0.08194444444444444 0.01015625
8 0.8993055555555556 0.9519531250000001 0.06805555555555556 0.03515625
9 0.7000000000000001 0.9515625000000001 0.044444444444444446 0.037500000000000006
8 0.49930555555555556 0.9519531250000001 0.04861111111111111 0.03828125
8 0.3 0.9519531250000001 0.0638888888888889 0.03828125
8 0.1 0.9519531250000001 0.061111111111111116 0.03828125
9 0.07013888888888889 0.8695312500000001 0.0625 0.034375
9 0.07152777777777779 0.8031250000000001 0.04583333333333334 0.0390625
8 0.07083333333333333 0.73828125 0.0638888888888889 0.037500000000000006
8 0.07361111111111111 0.6722656250000001 0.0638888888888889 0.03671875
9 0.07083333333333333 0.60703125 0.06944444444444445 0.0234375
9 0.07222222222222223 0.54140625 0.06944444444444445 0.03125
8 0.07083333333333333 0.475390625 0.06666666666666667 0.02890625
9 0.07083333333333333 0.4078125 0.06666666666666667 0.025
8 0.07013888888888889 0.34453125 0.06805555555555556 0.029687500000000002
8 0.9493055555555556 0.3484375 0.03194444444444445 0.009375000000000001
8 0.8333333333333334 0.14960937500000002 0.06666666666666667 0.02734375
8 0.5013888888888889 0.14921875 0.06944444444444445 0.0328125
8 0.16805555555555557 0.1484375 0.06666666666666667 0.037500000000000006
20 0.5006944444444444 0.0171875 0.9986111111111111 0.0328125
