17 0.16319444444444445 0.45390625 0.20416666666666666 0.0171875
17 0.20277777777777778 0.30078125 0.28611111111111115 0.015625
8 0.8833333333333334 0.9453125 0.11944444444444445 0.0671875
17 0.8743055555555556 0.45429687500000004 0.09861111111111112 0.017968750000000002
7 0.5013888888888889 0.46406250000000004 0.8833333333333334 0.037500000000000006
7 0.5006944444444444 0.312109375 0.8847222222222223 0.03828125
17 0.7965277777777778 0.0734375 0.32083333333333336 0.021875000000000002
17 0.16805555555555557 0.141015625 0.2138888888888889 0.04453125
8 0.08472222222222223 0.07187500000000001 0.04166666666666667 0.0234375
20 0.5006944444444444 0.0171875 0.9986111111111111 0.0328125
