17 0.5013888888888889 0.0890625 0.6055555555555556 0.026562500000000003
17 0.5027777777777778 0.58046875 0.8722222222222222 0.09062500000000001
17 0.5 0.667578125 0.3111111111111111 0.014843750000000001
13 0.5 0.7250000000000001 0.2138888888888889 0.015625
17 0.5020833333333333 0.9671875000000001 0.5930555555555556 0.0171875
18 0.5006944444444444 0.8828125 0.851388888888889 0.06875
18 0.5013888888888889 0.794140625 0.8527777777777779 0.06953125
9 0.5 0.49140625000000004 0.11388888888888889 0.06406250000000001
9 0.5006944444444444 0.314453125 0.5236111111111111 0.35390625000000003
20 0.5006944444444444 0.0171875 0.9986111111111111 0.0328125
