17 0.11041666666666668 0.39570312500000004 0.14305555555555557 0.01953125
17 0.1527777777777778 0.482421875 0.225 0.01953125
17 0.6069444444444445 0.72421875 0.16111111111111112 0.025
9 0.25833333333333336 0.882421875 0.4638888888888889 0.23515625
9 0.7451388888888889 0.882421875 0.4652777777777778 0.23515625
9 0.7451388888888889 0.5691406250000001 0.4652777777777778 0.26171875
9 0.25833333333333336 0.24375000000000002 0.4638888888888889 0.2609375
17 0.56875 0.158984375 0.08750000000000001 0.02421875
18 0.8916666666666667 0.06328125 0.19722222222222224 0.03125
9 0.49930555555555556 0.06640625 0.25416666666666665 0.034375
8 0.05555555555555556 0.06406250000000001 0.061111111111111116 0.034375
20 0.5006944444444444 0.0171875 0.9986111111111111 0.0328125
