17 0.3194444444444445 0.074609375 0.4 0.02421875
9 0.07916666666666666 0.26171875 0.11666666666666667 0.065625
9 0.07916666666666666 0.34882812500000004 0.11666666666666667 0.06640625
9 0.07916666666666666 0.436328125 0.11666666666666667 0.06640625
9 0.07916666666666666 0.523828125 0.11666666666666667 0.06640625
9 0.07916666666666666 0.6117187500000001 0.11666666666666667 0.065625
9 0.07916666666666666 0.69921875 0.11666666666666667 0.065625
9 0.07847222222222222 0.786328125 0.11805555555555557 0.06640625
9 0.07916666666666666 0.8734375000000001 0.11666666666666667 0.065625
8 0.10208333333333333 0.951171875 0.051388888888888894 0.02890625
8 0.30069444444444443 0.950390625 0.051388888888888894 0.025781250000000002
8 0.5006944444444444 0.950390625 0.051388888888888894 0.02890625
8 0.7000000000000001 0.9500000000000001 0.05 0.029687500000000002
8 0.8986111111111111 0.9500000000000001 0.05555555555555556 0.029687500000000002
17 0.8993055555555556 0.9792968750000001 0.06527777777777778 0.014843750000000001
17 0.7000000000000001 0.9792968750000001 0.05277777777777778 0.014843750000000001
17 0.5 0.9789062500000001 0.10555555555555556 0.015625
17 0.3013888888888889 0.9792968750000001 0.13611111111111113 0.014843750000000001
17 0.10138888888888889 0.9792968750000001 0.08888888888888889 0.014843750000000001
17 0.46319444444444446 0.8777343750000001 0.5708333333333333 0.02421875
17 0.4013888888888889 0.790234375 0.45 0.02421875
17 0.41111111111111115 0.7000000000000001 0.4666666666666667 0.0203125
17 0.23055555555555557 0.61328125 0.10833333333333334 0.018750000000000003
17 0.3576388888888889 0.525 0.35694444444444445 0.0203125
17 0.28194444444444444 0.43984375000000003 0.20555555555555557 0.025
17 0.3993055555555556 0.35273437500000004 0.4430555555555556 0.02421875
17 0.20069444444444445 0.26328125 0.04861111111111111 0.0203125
17 0.5013888888888889 0.194140625 0.41111111111111115 0.02421875
17 0.5013888888888889 0.15625 0.28611111111111115 0.0234375
8 0.06736111111111111 0.07187500000000001 0.04861111111111111 0.026562500000000003
8 0.9319444444444445 0.07265625 0.036111111111111115 0.026562500000000003
7 0.5 0.07187500000000001 0.9611111111111111 0.0546875
20 0.5006944444444444 0.0171875 0.9986111111111111 0.0328125
