9 0.07708333333333334 0.079296875 0.13472222222222222 0.07578125000000001
5 0.5631944444444444 0.07890625000000001 0.7958333333333334 0.0421875
17 0.41458333333333336 0.07968750000000001 0.4986111111111111 0.018750000000000003
9 0.07847222222222222 0.177734375 0.13472222222222222 0.07578125000000001
5 0.5638888888888889 0.17734375000000002 0.7972222222222223 0.0421875
17 0.30972222222222223 0.18046875 0.2888888888888889 0.0234375
9 0.07847222222222222 0.27578125000000003 0.13472222222222222 0.0765625
5 0.5638888888888889 0.27578125000000003 0.7972222222222223 0.0421875
17 0.5048611111111111 0.27890625 0.6791666666666667 0.0234375
9 0.07708333333333334 0.373828125 0.13472222222222222 0.07578125000000001
5 0.5631944444444444 0.37421875000000004 0.7958333333333334 0.0421875
17 0.21875 0.37539062500000003 0.10694444444444445 0.017968750000000002
9 0.07708333333333334 0.472265625 0.13472222222222222 0.07578125000000001
5 0.5631944444444444 0.47265625 0.7958333333333334 0.0421875
17 0.44027777777777777 0.475390625 0.55 0.022656250000000003
9 0.07777777777777778 0.5703125 0.13333333333333333 0.0765625
17 0.22013888888888888 0.571875 0.1125 0.018750000000000003
8 0.9236111111111112 0.569921875 0.044444444444444446 0.014843750000000001
9 0.07708333333333334 0.6687500000000001 0.13472222222222222 0.0765625
5 0.5631944444444444 0.66953125 0.7986111111111112 0.0421875
17 0.3125 0.6722656250000001 0.2972222222222222 0.022656250000000003
9 0.07777777777777778 0.7671875 0.13333333333333333 0.0765625
5 0.5625 0.7679687500000001 0.8 0.0421875
17 0.20486111111111113 0.770703125 0.08472222222222223 0.022656250000000003
9 0.07708333333333334 0.8660156250000001 0.13472222222222222 0.07578125000000001
5 0.5625 0.8656250000000001 0.7972222222222223 0.0421875
17 0.36736111111111114 0.86640625 0.40694444444444444 0.018750000000000003
18 0.6777777777777778 0.9535156250000001 0.5694444444444444 0.05859375
17 0.19791666666666669 0.95625 0.2569444444444445 0.0171875
20 0.5006944444444444 0.0171875 0.9986111111111111 0.0328125
