17 0.6069444444444445 0.3984375 0.15555555555555556 0.018750000000000003
17 0.09652777777777778 0.40078125000000003 0.12083333333333333 0.0234375
17 0.1638888888888889 0.726171875 0.24722222222222223 0.02421875
17 0.6111111111111112 0.724609375 0.1638888888888889 0.017968750000000002
9 0.7444444444444445 0.8832031250000001 0.4666666666666667 0.23359375000000002
9 0.2576388888888889 0.8832031250000001 0.4652777777777778 0.23359375000000002
9 0.7451388888888889 0.571484375 0.4652777777777778 0.26171875
9 0.2576388888888889 0.5710937500000001 0.4652777777777778 0.2609375
9 0.7444444444444445 0.24570312500000002 0.4666666666666667 0.26171875
9 0.2576388888888889 0.24570312500000002 0.4652777777777778 0.26328125
8 0.05555555555555556 0.064453125 0.061111111111111116 0.03515625
9 0.5 0.066796875 0.2555555555555556 0.03515625
18 0.8909722222222223 0.06406250000000001 0.19861111111111113 0.03125
20 0.5006944444444444 0.0171875 0.9986111111111111 0.0328125
