17 0.5576388888888889 0.10507812500000001 0.6152777777777778 0.041406250000000006
17 0.5027777777777778 0.19140625 0.8250000000000001 0.0578125
17 0.5027777777777778 0.43476562500000004 0.525 0.02421875
17 0.45069444444444445 0.833203125 0.6291666666666667 0.025781250000000002
17 0.5013888888888889 0.919921875 0.22222222222222224 0.02109375
17 0.2638888888888889 0.9691406250000001 0.16944444444444445 0.017968750000000002
17 0.4479166666666667 0.96796875 0.10416666666666667 0.021875000000000002
17 0.6222222222222222 0.96796875 0.15 0.0203125
17 0.81875 0.96796875 0.14305555555555557 0.021875000000000002
9 0.1423611111111111 0.96796875 0.0625 0.021875000000000002
9 0.18125 0.10507812500000001 0.09027777777777778 0.049218750000000006
9 0.5013888888888889 0.325 0.24444444444444446 0.1375
13 0.49930555555555556 0.49140625000000004 0.13472222222222222 0.0125
18 0.5 0.56015625 0.7277777777777779 0.07187500000000001
18 0.5006944444444444 0.6531250000000001 0.7291666666666667 0.07187500000000001
18 0.5006944444444444 0.74609375 0.7291666666666667 0.07187500000000001
20 0.5006944444444444 0.0171875 0.9986111111111111 0.0328125
