17 0.15625 0.39101562500000003 0.1875 0.01953125
17 0.19861111111111113 0.311328125 0.27222222222222225 0.01953125
18 0.5013888888888889 0.46992187500000004 0.9416666666666667 0.06640625
7 0.5006944444444444 0.31093750000000003 0.9402777777777778 0.065625
7 0.5006944444444444 0.390625 0.9402777777777778 0.065625
17 0.33819444444444446 0.0671875 0.1125 0.021875000000000002
17 0.7791666666666667 0.065625 0.2555555555555556 0.015625
17 0.5013888888888889 0.24609375 0.03333333333333333 0.0140625
17 0.5013888888888889 0.54609375 0.4416666666666667 0.025
8 0.059722222222222225 0.06640625 0.036111111111111115 0.0203125
8 0.920138888888889 0.390234375 0.043055555555555555 0.02109375
18 0.5 0.16796875 0.9222222222222223 0.06875
20 0.5006944444444444 0.0171875 0.9986111111111111 0.0328125
