17 0.1902777777777778 0.07500000000000001 0.29444444444444445 0.028125
17 0.16736111111111113 0.15351562500000002 0.18472222222222223 0.02109375
17 0.5006944444444444 0.152734375 0.19861111111111113 0.02109375
17 0.8347222222222223 0.151171875 0.17500000000000002 0.017968750000000002
17 0.5 0.5640625 0.7583333333333334 0.028125
17 0.5006944444444444 0.625 0.7958333333333334 0.053125000000000006
17 0.9013888888888889 0.984375 0.06944444444444445 0.0125
17 0.7006944444444445 0.983984375 0.1486111111111111 0.013281250000000001
17 0.5006944444444444 0.9851562500000001 0.11527777777777778 0.015625
17 0.30208333333333337 0.985546875 0.08472222222222223 0.01640625
17 0.10208333333333333 0.984375 0.08750000000000001 0.0125
8 0.9006944444444445 0.9515625000000001 0.05694444444444444 0.0234375
9 0.7006944444444445 0.95078125 0.06527777777777778 0.029687500000000002
8 0.5006944444444444 0.950390625 0.05694444444444444 0.032031250000000004
9 0.30069444444444443 0.9519531250000001 0.05694444444444444 0.032031250000000004
8 0.10138888888888889 0.9515625000000001 0.058333333333333334 0.0328125
9 0.5256944444444445 0.389453125 0.4486111111111111 0.22109375
20 0.5006944444444444 0.0171875 0.9986111111111111 0.0328125
