17 0.6145833333333334 0.40234375 0.17916666666666667 0.025
17 0.16180555555555556 0.4 0.24583333333333335 0.0203125
17 0.18472222222222223 0.7273437500000001 0.2916666666666667 0.025
17 0.6444444444444445 0.728125 0.23611111111111113 0.0234375
9 0.7451388888888889 0.883984375 0.4652777777777778 0.23203125000000002
9 0.25833333333333336 0.883984375 0.4638888888888889 0.23203125000000002
9 0.2576388888888889 0.5730468750000001 0.4652777777777778 0.26171875
9 0.7458333333333333 0.5730468750000001 0.4666666666666667 0.26171875
9 0.7458333333333333 0.24726562500000002 0.4666666666666667 0.26171875
9 0.2576388888888889 0.24726562500000002 0.4652777777777778 0.26171875
8 0.05555555555555556 0.06406250000000001 0.061111111111111116 0.034375
9 0.5 0.066796875 0.2555555555555556 0.03515625
18 0.8909722222222223 0.063671875 0.19861111111111113 0.032031250000000004
20 0.5006944444444444 0.0171875 0.9986111111111111 0.0328125
