17 0.38819444444444445 0.074609375 0.42638888888888893 0.02421875
17 0.4986111111111111 0.225390625 0.7611111111111112 0.02109375
17 0.18888888888888888 0.35468750000000004 0.325 0.018750000000000003
17 0.27847222222222223 0.40664062500000003 0.43472222222222223 0.02421875
17 0.3263888888888889 0.46992187500000004 0.5222222222222223 0.01953125
17 0.23680555555555557 0.5378906250000001 0.3513888888888889 0.02421875
17 0.17430555555555557 0.6003906250000001 0.2263888888888889 0.01953125
17 0.22569444444444445 0.6687500000000001 0.3263888888888889 0.025
17 0.3027777777777778 0.731640625 0.47500000000000003 0.01953125
17 0.1798611111111111 0.8 0.23472222222222222 0.025
17 0.2215277777777778 0.862890625 0.31527777777777777 0.01953125
17 0.17708333333333334 0.930859375 0.23194444444444445 0.02421875
17 0.19722222222222224 0.9921875 0.26666666666666666 0.015625
8 0.9409722222222222 0.07109375 0.043055555555555555 0.025
8 0.06875 0.071484375 0.04027777777777778 0.022656250000000003
9 0.5006944444444444 0.225 0.9486111111111112 0.19062500000000002
20 0.5006944444444444 0.0171875 0.9986111111111111 0.0328125
