8 0.46319444444444446 0.2734375 0.02361111111111111 0.0171875
9 0.9701388888888889 0.31875000000000003 0.059722222222222225 0.15625
8 0.06875 0.070703125 0.04861111111111111 0.01953125
8 0.19583333333333333 0.072265625 0.036111111111111115 0.02109375
8 0.80625 0.0703125 0.04861111111111111 0.029687500000000002
8 0.9319444444444445 0.072265625 0.04722222222222222 0.025781250000000002
9 0.3493055555555556 0.14296875 0.07083333333333333 0.040625
9 0.5444444444444445 0.144140625 0.07777777777777778 0.030468750000000003
8 0.7381944444444445 0.142578125 0.059722222222222225 0.03828125
17 0.42638888888888893 0.074609375 0.3416666666666667 0.022656250000000003
7 0.43333333333333335 0.072265625 0.5916666666666667 0.055468750000000004
17 0.12708333333333333 0.1453125 0.13472222222222222 0.0203125
17 0.9472222222222223 0.143359375 0.10555555555555556 0.01640625
17 0.5013888888888889 0.209765625 0.4861111111111111 0.01953125
17 0.5805555555555556 0.274609375 0.19444444444444445 0.01171875
17 0.5638888888888889 0.3140625 0.48055555555555557 0.018750000000000003
17 0.5666666666666667 0.35781250000000003 0.1 0.0140625
9 0.13819444444444445 0.31953125000000004 0.1513888888888889 0.0703125
13 0.5 0.41953125 0.06666666666666667 0.009375000000000001
17 0.8958333333333334 0.491796875 0.15 0.014843750000000001
17 0.11458333333333334 0.49140625000000004 0.17083333333333334 0.015625
9 0.16111111111111112 0.5964843750000001 0.24166666666666667 0.12890625
9 0.25625000000000003 0.8777343750000001 0.4652777777777778 0.24453125
9 0.74375 0.8777343750000001 0.4652777777777778 0.24453125
17 0.09861111111111112 0.728515625 0.13333333333333333 0.01953125
20 0.5006944444444444 0.0171875 0.9986111111111111 0.0328125
