17 0.2548611111111111 0.07695312500000001 0.15416666666666667 0.017968750000000002
17 0.24027777777777778 0.142578125 0.125 0.017968750000000002
17 0.28402777777777777 0.20820312500000002 0.2125 0.017968750000000002
17 0.26805555555555555 0.27382812500000003 0.18333333333333335 0.017968750000000002
17 0.31875000000000003 0.33984375 0.28750000000000003 0.018750000000000003
17 0.2847222222222222 0.405078125 0.21666666666666667 0.017968750000000002
17 0.24444444444444446 0.47304687500000003 0.13611111111111113 0.02109375
17 0.25833333333333336 0.5359375000000001 0.16111111111111112 0.0171875
8 0.06875 0.536328125 0.059722222222222225 0.03359375
8 0.06875 0.470703125 0.059722222222222225 0.03359375
9 0.06805555555555556 0.405078125 0.058333333333333334 0.03359375
9 0.06944444444444445 0.33984375 0.058333333333333334 0.0328125
9 0.06875 0.27382812500000003 0.05694444444444444 0.032031250000000004
8 0.06805555555555556 0.2078125 0.058333333333333334 0.0328125
8 0.06944444444444445 0.14296875 0.058333333333333334 0.0328125
8 0.07013888888888889 0.07773437500000001 0.05694444444444444 0.03359375
6 0.3416666666666667 0.516796875 0.6805555555555556 0.96640625
20 0.5006944444444444 0.0171875 0.9986111111111111 0.0328125
