17 0.31875000000000003 0.07500000000000001 0.4013888888888889 0.025
9 0.07916666666666666 0.946875 0.11666666666666667 0.065625
9 0.07916666666666666 0.859375 0.11666666666666667 0.065625
9 0.07916666666666666 0.7718750000000001 0.11666666666666667 0.065625
9 0.07916666666666666 0.684765625 0.11666666666666667 0.06640625
9 0.07916666666666666 0.597265625 0.11666666666666667 0.06640625
9 0.07916666666666666 0.509765625 0.11666666666666667 0.06640625
9 0.07916666666666666 0.42226562500000003 0.11666666666666667 0.06640625
9 0.08125 0.33710937500000004 0.1125 0.032031250000000004
9 0.07916666666666666 0.24531250000000002 0.11666666666666667 0.0625
9 0.07916666666666666 0.16015625 0.11666666666666667 0.065625
17 0.28402777777777777 0.9484375 0.20972222222222223 0.0203125
17 0.4791666666666667 0.861328125 0.6027777777777777 0.01953125
17 0.3979166666666667 0.7765625 0.4375 0.0234375
17 0.34861111111111115 0.6863281250000001 0.3416666666666667 0.01953125
17 0.4048611111111111 0.601171875 0.45416666666666666 0.02421875
17 0.37569444444444444 0.513671875 0.39305555555555555 0.02421875
17 0.3979166666666667 0.423828125 0.44027777777777777 0.01953125
17 0.40208333333333335 0.33671875 0.4486111111111111 0.018750000000000003
17 0.325 0.248828125 0.29444444444444445 0.01953125
17 0.35694444444444445 0.16367187500000002 0.35555555555555557 0.02421875
8 0.06736111111111111 0.07187500000000001 0.04861111111111111 0.026562500000000003
8 0.9326388888888889 0.07265625 0.034722222222222224 0.026562500000000003
7 0.5 0.07187500000000001 0.9611111111111111 0.0546875
20 0.5006944444444444 0.0171875 0.9986111111111111 0.0328125
