17 0.9111111111111111 0.5171875 0.05555555555555556 0.015625
18 0.14583333333333334 0.521875 0.16111111111111112 0.028125
17 0.6180555555555556 0.909375 0.5527777777777778 0.09062500000000001
8 0.11319444444444444 0.8859375 0.05416666666666667 0.028125
17 0.8180555555555555 0.9792968750000001 0.2388888888888889 0.013281250000000001
17 0.8430555555555556 0.69921875 0.18888888888888888 0.0140625
17 0.8430555555555556 0.78515625 0.18888888888888888 0.021875000000000002
8 0.4625 0.417578125 0.24166666666666667 0.022656250000000003
17 0.6194444444444445 0.64609375 0.5555555555555556 0.05625
17 0.8236111111111112 0.41875 0.225 0.0140625
17 0.8472222222222222 0.539453125 0.17500000000000002 0.02109375
8 0.4625 0.978515625 0.24166666666666667 0.022656250000000003
18 0.4486111111111111 0.7765625 0.21666666666666667 0.045312500000000006
8 0.4618055555555556 0.6980468750000001 0.24305555555555555 0.022656250000000003
17 0.6236111111111111 0.38320312500000003 0.5611111111111111 0.02109375
8 0.11319444444444444 0.6394531250000001 0.05416666666666667 0.02890625
18 0.4486111111111111 0.5300781250000001 0.21666666666666667 0.04453125
8 0.1125 0.39375000000000004 0.05555555555555556 0.028125
17 0.8354166666666667 0.29375 0.2013888888888889 0.0203125
17 0.8368055555555556 0.230859375 0.2013888888888889 0.013281250000000001
18 0.4486111111111111 0.284765625 0.21666666666666667 0.04453125
8 0.4625 0.23007812500000002 0.24166666666666667 0.022656250000000003
17 0.6104166666666667 0.1609375 0.5402777777777777 0.0890625
8 0.11319444444444444 0.13828125 0.05694444444444444 0.029687500000000002
8 0.06180555555555556 0.07109375 0.051388888888888894 0.025
8 0.9416666666666667 0.07109375 0.05555555555555556 0.026562500000000003
9 0.17916666666666667 0.923046875 0.2777777777777778 0.15390625000000002
9 0.17916666666666667 0.7046875 0.2777777777777778 0.209375
9 0.17916666666666667 0.458984375 0.2777777777777778 0.21015625000000002
9 0.17847222222222223 0.21015625000000002 0.2791666666666667 0.215625
20 0.5006944444444444 0.0171875 0.9986111111111111 0.0328125
