17 0.4201388888888889 0.06171875 0.4847222222222222 0.026562500000000003
17 0.4902777777777778 0.08984375 0.6305555555555555 0.0171875
17 0.16666666666666669 0.15859375 0.06944444444444445 0.0125
17 0.50625 0.158203125 0.08194444444444444 0.01171875
17 0.8409722222222222 0.158203125 0.05694444444444444 0.01171875
17 0.36041666666666666 0.49531250000000004 0.5958333333333333 0.025
17 0.8368055555555556 0.49375 0.1513888888888889 0.026562500000000003
17 0.8361111111111111 0.539453125 0.13611111111111113 0.02421875
17 0.23750000000000002 0.54296875 0.3527777777777778 0.021875000000000002
17 0.8361111111111111 0.599609375 0.18333333333333335 0.017968750000000002
17 0.3611111111111111 0.9656250000000001 0.6027777777777777 0.025
9 0.5 0.7921875 0.9611111111111111 0.2734375
18 0.4361111111111111 0.6000000000000001 0.2888888888888889 0.046875
8 0.15694444444444444 0.6003906250000001 0.18888888888888888 0.01953125
9 0.5 0.321875 0.9611111111111111 0.2734375
8 0.7784722222222222 0.059375000000000004 0.0375 0.0203125
8 0.945138888888889 0.0703125 0.015277777777777779 0.025
8 0.06944444444444445 0.07187500000000001 0.04166666666666667 0.0234375
8 0.16666666666666669 0.135546875 0.05555555555555556 0.02734375
9 0.5055555555555555 0.13359375 0.05 0.028125
8 0.8402777777777778 0.133203125 0.04722222222222222 0.02734375
20 0.5006944444444444 0.0171875 0.9986111111111111 0.0328125
