17 0.58125 0.07500000000000001 0.12361111111111112 0.021875000000000002
8 0.10208333333333333 0.9609375 0.04583333333333334 0.0234375
8 0.29930555555555555 0.9613281250000001 0.043055555555555555 0.02421875
8 0.5006944444444444 0.9617187500000001 0.051388888888888894 0.025
8 0.6986111111111112 0.9613281250000001 0.05 0.02890625
8 0.9006944444444445 0.9617187500000001 0.051388888888888894 0.028125
17 0.6284722222222222 0.9027343750000001 0.2152777777777778 0.01953125
17 0.15 0.8578125000000001 0.21944444444444444 0.018750000000000003
17 0.1486111111111111 0.829296875 0.21944444444444444 0.017968750000000002
17 0.6625 0.8765625 0.2833333333333333 0.021875000000000002
9 0.7409722222222223 0.680859375 0.4430555555555556 0.32578125
9 0.2611111111111111 0.6203125 0.4416666666666667 0.35468750000000004
17 0.1840277777777778 0.38906250000000003 0.28750000000000003 0.018750000000000003
17 0.24305555555555555 0.36250000000000004 0.4027777777777778 0.021875000000000002
17 0.6548611111111111 0.46406250000000004 0.26805555555555555 0.018750000000000003
17 0.6375000000000001 0.43593750000000003 0.23611111111111113 0.0171875
9 0.7402777777777778 0.28046875 0.4416666666666667 0.2484375
17 0.6048611111111112 0.101953125 0.17083333333333334 0.01953125
9 0.2604166666666667 0.18125000000000002 0.4430555555555556 0.296875
20 0.5006944444444444 0.0140625 0.9986111111111111 0.026562500000000003
