17 0.14583333333333334 0.246484375 0.125 0.02421875
17 0.19861111111111113 0.32656250000000003 0.23333333333333334 0.025
17 0.7111111111111111 0.14609375 0.15 0.025
17 0.28958333333333336 0.14609375 0.12638888888888888 0.025
17 0.5020833333333333 0.5378906250000001 0.3875 0.022656250000000003
18 0.5013888888888889 0.460546875 0.8444444444444444 0.06640625
8 0.06736111111111111 0.071484375 0.04027777777777778 0.022656250000000003
17 0.19930555555555557 0.07500000000000001 0.13194444444444445 0.026562500000000003
20 0.5006944444444444 0.0171875 0.9986111111111111 0.0328125
7 0.5013888888888889 0.33632812500000003 0.8444444444444444 0.04609375
7 0.5013888888888889 0.25703125 0.8444444444444444 0.046875
