17 0.25833333333333336 0.6312500000000001 0.3944444444444445 0.0234375
17 0.16736111111111113 0.519921875 0.20972222222222223 0.022656250000000003
17 0.24097222222222223 0.4109375 0.3541666666666667 0.029687500000000002
17 0.12083333333333333 0.2984375 0.11666666666666667 0.021875000000000002
17 0.13333333333333333 0.19140625 0.14444444444444446 0.015625
18 0.5013888888888889 0.951171875 0.8833333333333334 0.06640625
17 0.40208333333333335 0.8832031250000001 0.6486111111111111 0.02734375
17 0.4569444444444445 0.7503906250000001 0.7972222222222223 0.08359375000000001
7 0.5006944444444444 0.637890625 0.8847222222222223 0.03828125
7 0.5006944444444444 0.52734375 0.8847222222222223 0.037500000000000006
7 0.5006944444444444 0.415625 0.8847222222222223 0.0390625
7 0.5006944444444444 0.30546875 0.8847222222222223 0.037500000000000006
7 0.5006944444444444 0.19921875 0.8847222222222223 0.03125
17 0.3729166666666667 0.072265625 0.39305555555555555 0.02109375
8 0.07013888888888889 0.07187500000000001 0.04027777777777778 0.0234375
20 0.5006944444444444 0.013671875 0.9986111111111111 0.025781250000000002
