8 0.9256944444444445 0.8859375 0.1486111111111111 0.0203125
8 0.545138888888889 0.8523437500000001 0.2125 0.018750000000000003
8 0.1326388888888889 0.8859375 0.2152777777777778 0.0203125
17 0.14791666666666667 0.8367187500000001 0.24027777777777778 0.05625
17 0.6083333333333334 0.9007812500000001 0.3388888888888889 0.046875
17 0.9256944444444445 0.8347656250000001 0.1486111111111111 0.05234375
17 0.925 0.9183593750000001 0.15 0.014843750000000001
17 0.6041666666666667 0.81796875 0.325 0.015625
17 0.19097222222222224 0.919140625 0.33194444444444443 0.01640625
8 0.8034722222222223 0.48867187500000003 0.2152777777777778 0.01953125
9 0.8479166666666667 0.28515625 0.3041666666666667 0.2109375
17 0.9215277777777778 0.6257812500000001 0.10972222222222222 0.015625
9 0.6326388888888889 0.7296875 0.3902777777777778 0.1296875
9 0.9256944444444445 0.7296875 0.1486111111111111 0.1296875
9 0.22083333333333335 0.730078125 0.3888888888888889 0.13046875
17 0.5270833333333333 0.487890625 0.2013888888888889 0.013281250000000001
17 0.8479166666666667 0.43867187500000004 0.3041666666666667 0.055468750000000004
17 0.22986111111111113 0.62421875 0.39861111111111114 0.03125
17 0.8 0.51953125 0.20277777777777778 0.0234375
17 0.11041666666666668 0.51953125 0.19305555555555556 0.0234375
8 0.11875000000000001 0.48945312500000004 0.2152777777777778 0.01953125
17 0.2520833333333333 0.43867187500000004 0.4791666666666667 0.055468750000000004
17 0.9215277777777778 0.140625 0.10972222222222222 0.015625
17 0.20416666666666666 0.1390625 0.35555555555555557 0.029687500000000002
9 0.33819444444444446 0.28515625 0.6569444444444444 0.2109375
17 0.10138888888888889 0.9925781250000001 0.08611111111111111 0.014843750000000001
17 0.30069444444444443 0.991796875 0.09583333333333334 0.01171875
17 0.5020833333333333 0.9925781250000001 0.10694444444444445 0.014843750000000001
17 0.701388888888889 0.9925781250000001 0.10833333333333334 0.014843750000000001
17 0.9013888888888889 0.991796875 0.075 0.01171875
8 0.9013888888888889 0.96015625 0.05277777777777778 0.029687500000000002
8 0.7006944444444445 0.9609375 0.07361111111111111 0.03125
8 0.5020833333333333 0.9597656250000001 0.059722222222222225 0.032031250000000004
8 0.30069444444444443 0.960546875 0.06527777777777778 0.03359375
8 0.10069444444444445 0.96015625 0.06527777777777778 0.037500000000000006
8 0.9402777777777778 0.06875 0.05277777777777778 0.029687500000000002
8 0.8159722222222222 0.06953125 0.07083333333333333 0.029687500000000002
17 0.15972222222222224 0.07109375 0.13333333333333333 0.021875000000000002
8 0.06180555555555556 0.070703125 0.05416666666666667 0.025781250000000002
20 0.5006944444444444 0.0171875 0.9986111111111111 0.0328125
