17 0.18958333333333335 0.36562500000000003 0.18472222222222223 0.018750000000000003
17 0.1486111111111111 0.264453125 0.10277777777777779 0.017968750000000002
17 0.5020833333333333 0.125 0.2652777777777778 0.046875
17 0.8527777777777779 0.365234375 0.12222222222222223 0.017968750000000002
17 0.23819444444444446 0.42734375 0.34305555555555556 0.0234375
17 0.5020833333333333 0.96484375 0.5958333333333333 0.0234375
18 0.5006944444444444 0.6296875000000001 0.8152777777777778 0.060937500000000006
18 0.5006944444444444 0.49296875 0.8152777777777778 0.060937500000000006
17 0.5020833333333333 0.562109375 0.05416666666666667 0.017968750000000002
7 0.5020833333333333 0.362890625 0.8736111111111111 0.08046875
7 0.5006944444444444 0.261328125 0.8736111111111111 0.07890625000000001
8 0.06527777777777778 0.0671875 0.04722222222222222 0.026562500000000003
20 0.5006944444444444 0.0171875 0.9986111111111111 0.0328125
