9 0.7451388888888889 0.57265625 0.4652777777777778 0.2625
9 0.25833333333333336 0.5730468750000001 0.4638888888888889 0.26171875
9 0.25833333333333336 0.883984375 0.4638888888888889 0.23203125000000002
17 0.6069444444444445 0.8128906250000001 0.15555555555555556 0.017968750000000002
17 0.625 0.728125 0.19722222222222224 0.0234375
17 0.1076388888888889 0.7253906250000001 0.13194444444444445 0.01953125
17 0.6444444444444445 0.3984375 0.23611111111111113 0.0203125
17 0.09375 0.401171875 0.10972222222222222 0.02421875
9 0.7451388888888889 0.246875 0.4652777777777778 0.2609375
9 0.25833333333333336 0.246484375 0.4638888888888889 0.26171875
8 0.05555555555555556 0.06406250000000001 0.061111111111111116 0.034375
9 0.5 0.0671875 0.2555555555555556 0.034375
18 0.8902777777777778 0.06328125 0.19722222222222224 0.03125
20 0.5006944444444444 0.0171875 0.9986111111111111 0.0328125
