17 0.21180555555555555 0.0765625 0.16527777777777777 0.0171875
17 0.9236111111111112 0.905859375 0.08888888888888889 0.02421875
17 0.9236111111111112 0.509375 0.08888888888888889 0.025
17 0.8854166666666667 0.9398437500000001 0.16805555555555557 0.018750000000000003
17 0.8881944444444445 0.5437500000000001 0.16527777777777777 0.018750000000000003
17 0.8076388888888889 0.97578125 0.3263888888888889 0.025
17 0.29791666666666666 0.95859375 0.5291666666666667 0.0546875
17 0.19305555555555556 0.9085937500000001 0.3194444444444445 0.0234375
9 0.5006944444444444 0.7527343750000001 0.9986111111111111 0.25390625
17 0.7958333333333334 0.5789062500000001 0.3472222222222222 0.025
17 0.29791666666666666 0.562109375 0.5291666666666667 0.05390625
17 0.16875 0.51171875 0.27083333333333337 0.025
9 0.5006944444444444 0.358203125 0.9986111111111111 0.24765625000000002
17 0.19236111111111112 0.20820312500000002 0.33194444444444443 0.02109375
8 0.9375 0.07695312500000001 0.05555555555555556 0.02890625
18 0.9020833333333333 0.15000000000000002 0.1513888888888889 0.0546875
18 0.6520833333333333 0.15000000000000002 0.3013888888888889 0.0546875
18 0.2520833333333333 0.15000000000000002 0.4513888888888889 0.0546875
8 0.07361111111111111 0.0765625 0.036111111111111115 0.0203125
7 0.4354166666666667 0.076171875 0.8180555555555555 0.057031250000000006
20 0.5006944444444444 0.0171875 0.9986111111111111 0.0328125
