17 0.7340277777777778 0.76328125 0.3902777777777778 0.029687500000000002
17 0.25277777777777777 0.7828125 0.3861111111111111 0.0703125
17 0.25277777777777777 0.482421875 0.3861111111111111 0.02421875
17 0.69375 0.48476562500000003 0.30694444444444446 0.030468750000000003
17 0.3104166666666667 0.15078125 0.1736111111111111 0.021875000000000002
17 0.5006944444444444 0.217578125 0.2791666666666667 0.02421875
17 0.10138888888888889 0.9792968750000001 0.08888888888888889 0.014843750000000001
17 0.30208333333333337 0.9792968750000001 0.1375 0.014843750000000001
17 0.49930555555555556 0.978515625 0.10416666666666667 0.014843750000000001
17 0.6993055555555556 0.9792968750000001 0.05416666666666667 0.014843750000000001
17 0.9 0.9792968750000001 0.0638888888888889 0.014843750000000001
8 0.8979166666666667 0.950390625 0.05416666666666667 0.030468750000000003
8 0.7006944444444445 0.950390625 0.051388888888888894 0.030468750000000003
8 0.5 0.95078125 0.05 0.028125
8 0.30069444444444443 0.950390625 0.051388888888888894 0.025781250000000002
8 0.10138888888888889 0.95078125 0.05 0.028125
9 0.7402777777777778 0.8871093750000001 0.4444444444444445 0.07265625
9 0.2611111111111111 0.8871093750000001 0.4416666666666667 0.07265625
9 0.7395833333333334 0.6316406250000001 0.44027777777777777 0.19609375
9 0.2611111111111111 0.630859375 0.4416666666666667 0.19609375
9 0.7402777777777778 0.35273437500000004 0.4416666666666667 0.19609375
9 0.2604166666666667 0.353125 0.4430555555555556 0.1953125
17 0.09791666666666667 0.074609375 0.11805555555555557 0.032031250000000004
17 0.09652777777777778 0.15234375 0.12916666666666668 0.0203125
20 0.5006944444444444 0.0171875 0.9986111111111111 0.0328125
