8 0.9256944444444445 0.819921875 0.1486111111111111 0.01953125
8 0.5472222222222223 0.819921875 0.2138888888888889 0.01953125
8 0.13333333333333333 0.819921875 0.2138888888888889 0.01953125
17 0.21944444444444444 0.88203125 0.3861111111111111 0.0734375
17 0.6243055555555556 0.8816406250000001 0.37083333333333335 0.07421875
17 0.9256944444444445 0.8671875 0.1486111111111111 0.043750000000000004
17 0.925 0.7859375000000001 0.15 0.0171875
17 0.5881944444444445 0.7878906250000001 0.29305555555555557 0.02109375
17 0.1486111111111111 0.7878906250000001 0.24444444444444446 0.02109375
8 0.8180555555555555 0.4765625 0.2138888888888889 0.0203125
9 0.8548611111111112 0.272265625 0.2902777777777778 0.21171875
17 0.9215277777777778 0.594140625 0.10972222222222222 0.014843750000000001
9 0.6319444444444444 0.6976562500000001 0.3888888888888889 0.1296875
9 0.9256944444444445 0.6984375 0.1486111111111111 0.1296875
9 0.22083333333333335 0.6976562500000001 0.3888888888888889 0.1296875
17 0.5458333333333334 0.476171875 0.19722222222222224 0.013281250000000001
17 0.8548611111111112 0.42617187500000003 0.2902777777777778 0.055468750000000004
17 0.22847222222222224 0.5921875 0.39861111111111114 0.03125
17 0.8076388888888889 0.5066406250000001 0.1875 0.022656250000000003
17 0.12916666666666668 0.50703125 0.2 0.0234375
8 0.13472222222222222 0.47578125000000004 0.2138888888888889 0.0203125
17 0.3013888888888889 0.42617187500000003 0.55 0.055468750000000004
17 0.9208333333333334 0.12812500000000002 0.10833333333333334 0.015625
17 0.20347222222222222 0.12617187500000002 0.35694444444444445 0.030468750000000003
9 0.35347222222222224 0.27265625 0.6569444444444444 0.2109375
17 0.10138888888888889 0.9925781250000001 0.08611111111111111 0.014843750000000001
17 0.30069444444444443 0.9910156250000001 0.09583333333333334 0.01171875
17 0.5013888888888889 0.9929687500000001 0.10833333333333334 0.0140625
17 0.701388888888889 0.9925781250000001 0.10833333333333334 0.014843750000000001
17 0.9027777777777778 0.99140625 0.075 0.0125
8 0.9013888888888889 0.960546875 0.05277777777777778 0.030468750000000003
8 0.7006944444444445 0.9609375 0.07361111111111111 0.03125
8 0.5020833333333333 0.9593750000000001 0.059722222222222225 0.0328125
8 0.30069444444444443 0.960546875 0.06527777777777778 0.03359375
8 0.10138888888888889 0.96015625 0.0638888888888889 0.035937500000000004
8 0.9409722222222222 0.068359375 0.051388888888888894 0.02890625
8 0.8159722222222222 0.06992187500000001 0.07083333333333333 0.02890625
17 0.15972222222222224 0.070703125 0.13333333333333333 0.022656250000000003
8 0.0625 0.071484375 0.05555555555555556 0.025781250000000002
20 0.5006944444444444 0.0171875 0.9986111111111111 0.0328125
