17 0.19166666666666668 0.333984375 0.18888888888888888 0.01953125
17 0.14791666666666667 0.25625000000000003 0.10416666666666667 0.0203125
9 0.5006944444444444 0.899609375 0.9986111111111111 0.20078125000000002
7 0.5006944444444444 0.340625 0.8180555555555555 0.034375
7 0.5006944444444444 0.26328125 0.8180555555555555 0.034375
17 0.21944444444444444 0.074609375 0.16666666666666669 0.030468750000000003
17 0.7597222222222223 0.1640625 0.16111111111111112 0.018750000000000003
17 0.3104166666666667 0.1640625 0.13472222222222222 0.018750000000000003
17 0.5319444444444444 0.46953125 0.4666666666666667 0.025
8 0.06875 0.072265625 0.0375 0.02109375
8 0.20347222222222222 0.162890625 0.051388888888888894 0.02109375
8 0.6451388888888889 0.1625 0.0375 0.03125
8 0.2611111111111111 0.46640625 0.030555555555555558 0.0234375
18 0.5006944444444444 0.39960937500000004 0.8375 0.06328125
0 0.5006944444444444 0.516796875 0.9986111111111111 0.96640625
20 0.5006944444444444 0.0171875 0.9986111111111111 0.0328125
