17 0.22222222222222224 0.37890625 0.28611111111111115 0.0234375
7 0.5013888888888889 0.27578125000000003 0.9 0.08281250000000001
9 0.5006944444444444 0.07109375 0.31527777777777777 0.0328125
9 0.10555555555555556 0.169921875 0.09722222222222222 0.049218750000000006
8 0.06875 0.07187500000000001 0.04027777777777778 0.021875000000000002
17 0.4861111111111111 0.1703125 0.5777777777777778 0.045312500000000006
17 0.15555555555555556 0.2421875 0.1527777777777778 0.015625
17 0.7659722222222223 0.45234375000000004 0.29583333333333334 0.021875000000000002
18 0.5013888888888889 0.60703125 0.9027777777777778 0.06875
18 0.5006944444444444 0.52578125 0.9013888888888889 0.0671875
8 0.8923611111111112 0.377734375 0.05416666666666667 0.02734375
7 0.5013888888888889 0.376953125 0.9 0.07734375
20 0.5006944444444444 0.0171875 0.9986111111111111 0.0328125
