17 0.2215277777777778 0.07265625 0.1513888888888889 0.021875000000000002
17 0.6951388888888889 0.8015625000000001 0.034722222222222224 0.0328125
17 0.8229166666666667 0.577734375 0.0625 0.014843750000000001
17 0.8222222222222223 0.548046875 0.0638888888888889 0.030468750000000003
17 0.31666666666666665 0.33320312500000004 0.0638888888888889 0.014843750000000001
17 0.31527777777777777 0.30312500000000003 0.0638888888888889 0.029687500000000002
17 0.7555555555555555 0.073046875 0.13055555555555556 0.01640625
17 0.13819444444444445 0.144140625 0.19305555555555556 0.01640625
17 0.3902777777777778 0.144140625 0.15 0.01640625
17 0.6777777777777778 0.144140625 0.2638888888888889 0.01640625
17 0.9423611111111111 0.144140625 0.10416666666666667 0.01640625
17 0.23750000000000002 0.21835937500000002 0.20277777777777778 0.04609375
17 0.22847222222222224 0.2671875 0.07916666666666666 0.0125
17 0.20069444444444445 0.31484375000000003 0.15416666666666667 0.05625
17 0.23680555555555557 0.377734375 0.17083333333333334 0.013281250000000001
17 0.74375 0.483203125 0.3402777777777778 0.017968750000000002
17 0.7347222222222223 0.51171875 0.07777777777777778 0.0125
17 0.7083333333333334 0.559765625 0.1527777777777778 0.055468750000000004
17 0.7423611111111111 0.620703125 0.17916666666666667 0.013281250000000001
17 0.7673611111111112 0.74375 0.30694444444444446 0.015625
17 0.7604166666666667 0.770703125 0.06805555555555556 0.01171875
17 0.7611111111111112 0.8125 0.06666666666666667 0.05
17 0.7666666666666667 0.8695312500000001 0.16111111111111112 0.0125
17 0.9 0.980078125 0.061111111111111116 0.013281250000000001
17 0.10138888888888889 0.980078125 0.07777777777777778 0.013281250000000001
17 0.30069444444444443 0.980078125 0.12361111111111112 0.013281250000000001
17 0.5 0.9796875 0.09166666666666667 0.0140625
17 0.7006944444444445 0.980078125 0.10972222222222222 0.013281250000000001
8 0.10138888888888889 0.951171875 0.05555555555555556 0.02890625
8 0.30069444444444443 0.950390625 0.05694444444444444 0.02890625
8 0.5013888888888889 0.950390625 0.05555555555555556 0.030468750000000003
8 0.7006944444444445 0.950390625 0.04861111111111111 0.030468750000000003
8 0.9006944444444445 0.95078125 0.05694444444444444 0.026562500000000003
8 0.9034722222222222 0.07187500000000001 0.02638888888888889 0.0078125
8 0.5493055555555556 0.07109375 0.04027777777777778 0.029687500000000002
8 0.09236111111111112 0.072265625 0.051388888888888894 0.02890625
7 0.5 0.071484375 0.9222222222222223 0.055468750000000004
9 0.7215277777777778 0.292578125 0.5569444444444445 0.23359375000000002
9 0.2569444444444445 0.5437500000000001 0.5111111111111112 0.2703125
9 0.2826388888888889 0.8011718750000001 0.5625 0.24453125
20 0.5006944444444444 0.0171875 0.9986111111111111 0.0328125
