17 0.3458333333333333 0.15390625000000002 0.5972222222222222 0.0671875
17 0.5006944444444444 0.51171875 0.6986111111111112 0.046875
17 0.12638888888888888 0.9851562500000001 0.07777777777777778 0.0125
17 0.3763888888888889 0.9847656250000001 0.17222222222222222 0.013281250000000001
17 0.6263888888888889 0.986328125 0.10833333333333334 0.01640625
17 0.8756944444444444 0.9847656250000001 0.14583333333333334 0.013281250000000001
8 0.875 0.9554687500000001 0.05555555555555556 0.03125
8 0.625 0.9554687500000001 0.05555555555555556 0.026562500000000003
8 0.37569444444444444 0.9558593750000001 0.05694444444444444 0.02890625
8 0.12638888888888888 0.9554687500000001 0.05555555555555556 0.03125
18 0.5006944444444444 0.866796875 0.9236111111111112 0.07109375
18 0.5006944444444444 0.7757812500000001 0.9208333333333334 0.0703125
9 0.5006944444444444 0.34023437500000003 0.6597222222222222 0.20859375000000002
8 0.06944444444444445 0.0703125 0.05 0.0203125
20 0.5006944444444444 0.0171875 0.9986111111111111 0.0328125
