8 0.9256944444444445 0.853125 0.1486111111111111 0.0203125
8 0.5465277777777778 0.8875000000000001 0.2152777777777778 0.0203125
8 0.13333333333333333 0.853515625 0.2138888888888889 0.01953125
17 0.19861111111111113 0.9015625 0.35000000000000003 0.046875
17 0.6291666666666667 0.9207031250000001 0.37777777777777777 0.017968750000000002
17 0.9263888888888889 0.9015625 0.14722222222222223 0.046875
17 0.9270833333333334 0.8203125 0.14583333333333334 0.021875000000000002
17 0.5659722222222222 0.8375 0.2513888888888889 0.05625
17 0.15763888888888888 0.8203125 0.2652777777777778 0.021875000000000002
8 0.81875 0.4890625 0.2152777777777778 0.0203125
17 0.9215277777777778 0.6265625 0.10972222222222222 0.015625
17 0.5291666666666667 0.4890625 0.22777777777777777 0.0140625
17 0.8493055555555555 0.432421875 0.27361111111111114 0.02109375
17 0.8013888888888889 0.5398437500000001 0.17777777777777778 0.0234375
18 0.820138888888889 0.36640625000000004 0.16527777777777777 0.028125
17 0.22847222222222224 0.625 0.39861111111111114 0.029687500000000002
17 0.7819444444444444 0.516796875 0.14444444444444446 0.01640625
17 0.12986111111111112 0.519921875 0.2013888888888889 0.022656250000000003
8 0.13402777777777777 0.48984375 0.2152777777777778 0.0203125
17 0.2152777777777778 0.43203125000000003 0.375 0.021875000000000002
17 0.920138888888889 0.15156250000000002 0.10972222222222222 0.015625
17 0.20347222222222222 0.14960937500000002 0.35694444444444445 0.030468750000000003
17 0.10138888888888889 0.9925781250000001 0.08611111111111111 0.014843750000000001
17 0.3027777777777778 0.991796875 0.09444444444444444 0.01171875
17 0.5020833333333333 0.9925781250000001 0.10694444444444445 0.014843750000000001
17 0.7020833333333334 0.9925781250000001 0.10972222222222222 0.014843750000000001
17 0.9013888888888889 0.991796875 0.075 0.01171875
8 0.9013888888888889 0.960546875 0.05277777777777778 0.030468750000000003
8 0.701388888888889 0.960546875 0.075 0.032031250000000004
8 0.5020833333333333 0.96015625 0.059722222222222225 0.0328125
8 0.30069444444444443 0.96015625 0.06527777777777778 0.034375
8 0.10138888888888889 0.96015625 0.0638888888888889 0.035937500000000004
8 0.9409722222222222 0.06875 0.051388888888888894 0.029687500000000002
8 0.8152777777777778 0.06953125 0.06944444444444445 0.029687500000000002
8 0.0625 0.071484375 0.05555555555555556 0.025781250000000002
17 0.15972222222222224 0.07109375 0.13333333333333333 0.021875000000000002
9 0.8548611111111112 0.295703125 0.2902777777777778 0.21171875
9 0.6319444444444444 0.7308593750000001 0.3888888888888889 0.13046875
9 0.22013888888888888 0.7308593750000001 0.3902777777777778 0.13046875
9 0.9256944444444445 0.73046875 0.1486111111111111 0.1296875
9 0.35347222222222224 0.295703125 0.6569444444444444 0.21171875
20 0.5006944444444444 0.0171875 0.9986111111111111 0.0328125
