17 0.12638888888888888 0.499609375 0.16944444444444445 0.02421875
17 0.2111111111111111 0.33437500000000003 0.33333333333333337 0.021875000000000002
17 0.3215277777777778 0.233203125 0.5541666666666667 0.02734375
17 0.6722222222222223 0.644140625 0.19722222222222224 0.022656250000000003
7 0.4986111111111111 0.340625 0.9194444444444445 0.035937500000000004
17 0.34375 0.072265625 0.33472222222222225 0.022656250000000003
17 0.35555555555555557 0.15390625000000002 0.6277777777777778 0.0234375
17 0.7194444444444444 0.394140625 0.21944444444444444 0.017968750000000002
17 0.24444444444444446 0.3921875 0.3277777777777778 0.015625
17 0.21597222222222223 0.428515625 0.27083333333333337 0.014843750000000001
17 0.6791666666666667 0.42812500000000003 0.1388888888888889 0.015625
17 0.39305555555555555 0.64375 0.325 0.0234375
18 0.5006944444444444 0.577734375 0.9236111111111112 0.06640625
7 0.4965277777777778 0.23750000000000002 0.9125000000000001 0.035937500000000004
7 0.44722222222222224 0.503125 0.8166666666666667 0.03125
8 0.9125000000000001 0.4890625 0.05555555555555556 0.03125
8 0.9326388888888889 0.33359375 0.051388888888888894 0.018750000000000003
8 0.06875 0.07187500000000001 0.04027777777777778 0.0234375
20 0.5006944444444444 0.0171875 0.9986111111111111 0.0328125
