20 0.5006944444444444 0.0171875 0.9986111111111111 0.0328125
9 0.16111111111111112 0.9765625 0.24444444444444446 0.046875
9 0.16111111111111112 0.8347656250000001 0.24444444444444446 0.13671875
9 0.16111111111111112 0.6484375 0.24444444444444446 0.1375
9 0.16111111111111112 0.46171875 0.24444444444444446 0.1375
9 0.16111111111111112 0.275 0.24444444444444446 0.1375
8 0.06736111111111111 0.070703125 0.04027777777777778 0.017968750000000002
18 0.13402777777777777 0.14296875 0.1902777777777778 0.045312500000000006
18 0.3944444444444445 0.143359375 0.2555555555555556 0.04453125
17 0.3451388888888889 0.072265625 0.3402777777777778 0.025781250000000002
18 0.7180555555555556 0.143359375 0.3138888888888889 0.04453125
8 0.9416666666666667 0.072265625 0.04166666666666667 0.025781250000000002
18 0.95625 0.1421875 0.08750000000000001 0.045312500000000006
17 0.6125 0.22734375 0.5611111111111111 0.0234375
8 0.9423611111111111 0.343359375 0.051388888888888894 0.025781250000000002
17 0.5479166666666667 0.275 0.43194444444444446 0.0203125
17 0.5777777777777778 0.312109375 0.48888888888888893 0.01640625
17 0.5354166666666667 0.41640625000000003 0.4013888888888889 0.029687500000000002
17 0.5291666666666667 0.4609375 0.39166666666666666 0.0203125
17 0.47708333333333336 0.5007812500000001 0.2902777777777778 0.0203125
8 0.9423611111111111 0.53046875 0.051388888888888894 0.025
17 0.6416666666666667 0.6218750000000001 0.6166666666666667 0.0671875
8 0.9409722222222222 0.7171875000000001 0.051388888888888894 0.025
17 0.6444444444444445 0.69140625 0.6277777777777778 0.0203125
17 0.5458333333333334 0.7312500000000001 0.425 0.0203125
17 0.6201388888888889 0.81171875 0.5791666666666667 0.0734375
17 0.64375 0.878125 0.6208333333333333 0.0203125
17 0.4847222222222222 0.9183593750000001 0.3027777777777778 0.01953125
8 0.9423611111111111 0.9031250000000001 0.051388888888888894 0.025
17 0.6222222222222222 0.9765625 0.5833333333333334 0.029687500000000002
