17 0.4715277777777778 0.09765625 0.5930555555555556 0.025
18 0.5 0.8671875 0.9222222222222223 0.059375000000000004
17 0.4013888888888889 0.18906250000000002 0.46944444444444444 0.0203125
17 0.26944444444444443 0.271484375 0.20277777777777778 0.02109375
17 0.3506944444444445 0.35468750000000004 0.3652777777777778 0.021875000000000002
17 0.2638888888888889 0.43671875000000004 0.19166666666666668 0.0171875
17 0.2263888888888889 0.5222656250000001 0.11944444444444445 0.02109375
17 0.39722222222222225 0.6058593750000001 0.46111111111111114 0.02109375
17 0.2777777777777778 0.687109375 0.225 0.017968750000000002
17 0.3180555555555556 0.773046875 0.3027777777777778 0.02109375
17 0.12569444444444444 0.9851562500000001 0.07916666666666666 0.0125
17 0.37569444444444444 0.9847656250000001 0.1736111111111111 0.013281250000000001
17 0.6263888888888889 0.9867187500000001 0.10833333333333334 0.015625
17 0.875 0.9847656250000001 0.14444444444444446 0.013281250000000001
8 0.875 0.9554687500000001 0.05555555555555556 0.03125
8 0.6256944444444444 0.9558593750000001 0.05416666666666667 0.025781250000000002
8 0.37569444444444444 0.95625 0.05694444444444444 0.028125
8 0.12638888888888888 0.9554687500000001 0.05555555555555556 0.03125
9 0.09791666666666667 0.770703125 0.0625 0.02734375
9 0.09791666666666667 0.6863281250000001 0.06805555555555556 0.03828125
9 0.09791666666666667 0.603125 0.07083333333333333 0.040625
9 0.09861111111111112 0.51875 0.058333333333333334 0.034375
9 0.09930555555555556 0.436328125 0.08472222222222223 0.04609375
9 0.09791666666666667 0.35234375 0.043055555555555555 0.040625
9 0.09930555555555556 0.269140625 0.0625 0.03515625
9 0.09861111111111112 0.185546875 0.06666666666666667 0.02890625
8 0.10833333333333334 0.09531250000000001 0.04722222222222222 0.026562500000000003
7 0.5006944444444444 0.095703125 0.9236111111111112 0.07734375
20 0.5006944444444444 0.0171875 0.9986111111111111 0.0328125
