17 0.5020833333333333 0.29726562500000003 0.3819444444444445 0.03515625
17 0.5006944444444444 0.37890625 0.46805555555555556 0.053125000000000006
17 0.10208333333333333 0.9808593750000001 0.11527777777777778 0.01171875
17 0.30069444444444443 0.9808593750000001 0.08750000000000001 0.01171875
17 0.5006944444444444 0.9808593750000001 0.07083333333333333 0.01171875
17 0.6993055555555556 0.9808593750000001 0.08194444444444444 0.01171875
17 0.8972222222222223 0.9812500000000001 0.10277777777777779 0.010937500000000001
18 0.5006944444444444 0.466796875 0.44027777777777777 0.06953125
8 0.9076388888888889 0.9535156250000001 0.08194444444444444 0.03359375
8 0.6972222222222223 0.952734375 0.05555555555555556 0.030468750000000003
9 0.4986111111111111 0.952734375 0.05277777777777778 0.032031250000000004
8 0.30069444444444443 0.9539062500000001 0.059722222222222225 0.029687500000000002
8 0.10347222222222223 0.9535156250000001 0.051388888888888894 0.032031250000000004
9 0.5013888888888889 0.6062500000000001 0.8833333333333334 0.15000000000000002
20 0.5006944444444444 0.0140625 0.9986111111111111 0.026562500000000003
