17 0.4152777777777778 0.591796875 0.1277777777777778 0.02421875
9 0.5006944444444444 0.11875000000000001 0.48750000000000004 0.051562500000000004
17 0.4986111111111111 0.19296875000000002 0.7111111111111111 0.035937500000000004
17 0.49097222222222225 0.265625 0.8486111111111111 0.046875
17 0.5006944444444444 0.41796875 0.043055555555555555 0.015625
17 0.5944444444444444 0.59140625 0.14444444444444446 0.025
17 0.12569444444444444 0.9792968750000001 0.08472222222222223 0.014843750000000001
17 0.37430555555555556 0.9792968750000001 0.09861111111111112 0.014843750000000001
17 0.6256944444444444 0.9808593750000001 0.1375 0.01953125
17 0.8756944444444444 0.9792968750000001 0.07361111111111111 0.014843750000000001
8 0.875 0.95078125 0.04166666666666667 0.0078125
8 0.6256944444444444 0.95078125 0.051388888888888894 0.026562500000000003
8 0.375 0.950390625 0.044444444444444446 0.025781250000000002
8 0.12569444444444444 0.9500000000000001 0.04861111111111111 0.025
18 0.5006944444444444 0.35585937500000003 0.6819444444444445 0.06640625
18 0.5006944444444444 0.487109375 0.6819444444444445 0.06640625
9 0.5006944444444444 0.7855468750000001 0.9986111111111111 0.27578125000000003
20 0.5006944444444444 0.0171875 0.9986111111111111 0.0328125
