17 0.5006944444444444 0.07421875 0.24861111111111112 0.035937500000000004
17 0.5013888888888889 0.22734375 0.13055555555555556 0.0140625
17 0.8347222222222223 0.2265625 0.16111111111111112 0.015625
17 0.23680555555555557 0.307421875 0.23750000000000002 0.022656250000000003
17 0.19444444444444445 0.398046875 0.15555555555555556 0.022656250000000003
17 0.22222222222222224 0.48359375000000004 0.21666666666666667 0.0203125
17 0.2 0.5484375 0.16666666666666669 0.021875000000000002
17 0.6847222222222222 0.548046875 0.13333333333333333 0.014843750000000001
17 0.22430555555555556 0.578515625 0.20972222222222223 0.02109375
17 0.7131944444444445 0.57734375 0.16527777777777777 0.0203125
17 0.09791666666666667 0.78125 0.12361111111111112 0.015625
17 0.13055555555555556 0.81796875 0.18333333333333335 0.0171875
17 0.16944444444444445 0.853125 0.2638888888888889 0.015625
17 0.09375 0.888671875 0.1125 0.01640625
17 0.07013888888888889 0.92578125 0.059722222222222225 0.0203125
17 0.12986111111111112 0.9617187500000001 0.18194444444444446 0.018750000000000003
8 0.7284722222222223 0.873046875 0.043055555555555555 0.02421875
8 0.8208333333333334 0.872265625 0.04166666666666667 0.02421875
8 0.9166666666666667 0.87265625 0.044444444444444446 0.0203125
9 0.5680555555555555 0.5734375 0.05 0.029687500000000002
8 0.9430555555555556 0.57265625 0.016666666666666666 0.0078125
8 0.06805555555555556 0.573828125 0.04166666666666667 0.02421875
8 0.061111111111111116 0.48359375000000004 0.036111111111111115 0.0234375
9 0.061111111111111116 0.3953125 0.04166666666666667 0.0203125
9 0.06180555555555556 0.307421875 0.043055555555555555 0.02109375
9 0.24722222222222223 0.14296875 0.05277777777777778 0.028125
9 0.7520833333333333 0.142578125 0.06527777777777778 0.02734375
8 0.920138888888889 0.0703125 0.05416666666666667 0.021875000000000002
18 0.16597222222222222 0.225 0.22361111111111112 0.035937500000000004
18 0.5 0.679296875 0.9222222222222223 0.07578125000000001
20 0.5006944444444444 0.0171875 0.9986111111111111 0.0328125
