17 0.5784722222222223 0.091796875 0.1513888888888889 0.01640625
9 0.4013888888888889 0.10234375000000001 0.125 0.0703125
17 0.6729166666666667 0.11640625 0.34305555555555556 0.0140625
17 0.4527777777777778 0.20273437500000002 0.18888888888888888 0.014843750000000001
17 0.45208333333333334 0.260546875 0.1875 0.014843750000000001
17 0.5118055555555556 0.319140625 0.30694444444444446 0.017968750000000002
17 0.47708333333333336 0.37578125 0.24027777777777778 0.0140625
17 0.48888888888888893 0.433203125 0.2611111111111111 0.014843750000000001
18 0.9229166666666667 0.37421875000000004 0.07916666666666666 0.0203125
18 0.9229166666666667 0.48984375 0.07916666666666666 0.0203125
17 0.42708333333333337 0.49257812500000003 0.14027777777777778 0.017968750000000002
17 0.45 0.550390625 0.18333333333333335 0.017968750000000002
17 0.4534722222222222 0.6062500000000001 0.1902777777777778 0.015625
17 0.39305555555555555 0.666015625 0.06944444444444445 0.017968750000000002
17 0.4847222222222222 0.723828125 0.25833333333333336 0.017968750000000002
17 0.4277777777777778 0.7800781250000001 0.14444444444444446 0.014843750000000001
8 0.63125 0.376953125 0.029166666666666667 0.01640625
18 0.49097222222222225 0.950390625 0.2847222222222222 0.055468750000000004
18 0.8097222222222222 0.951171875 0.28611111111111115 0.055468750000000004
6 0.65 0.516796875 0.7000000000000001 0.96640625
20 0.5006944444444444 0.0171875 0.9986111111111111 0.0328125
