17 0.6277777777777778 0.26171875 0.3111111111111111 0.0203125
9 0.5006944444444444 0.899609375 0.9986111111111111 0.20078125000000002
7 0.22430555555555556 0.2671875 0.2625 0.037500000000000006
17 0.22013888888888888 0.07500000000000001 0.16527777777777777 0.029687500000000002
17 0.3104166666666667 0.16367187500000002 0.13472222222222222 0.017968750000000002
17 0.7597222222222223 0.16367187500000002 0.16111111111111112 0.017968750000000002
17 0.53125 0.48554687500000004 0.4652777777777778 0.02421875
8 0.06805555555555556 0.072265625 0.036111111111111115 0.02109375
8 0.20347222222222222 0.162890625 0.04861111111111111 0.02109375
9 0.6451388888888889 0.1625 0.0375 0.03125
9 0.12708333333333333 0.262890625 0.0625 0.02734375
8 0.2611111111111111 0.48281250000000003 0.030555555555555558 0.0234375
7 0.5006944444444444 0.357421875 0.8152777777777778 0.03359375
18 0.5013888888888889 0.415625 0.8361111111111111 0.0625
7 0.6895833333333333 0.26875 0.44027777777777777 0.034375
17 0.18125 0.265234375 0.04027777777777778 0.017968750000000002
0 0.5006944444444444 0.516796875 0.9986111111111111 0.96640625
20 0.5006944444444444 0.0171875 0.9986111111111111 0.0328125
