9 0.5006944444444444 0.969921875 0.9986111111111111 0.05859375
17 0.3493055555555556 0.072265625 0.3458333333333333 0.022656250000000003
17 0.2451388888888889 0.14609375 0.40972222222222227 0.015625
17 0.375 0.21015625000000002 0.2388888888888889 0.025
17 0.3909722222222222 0.2390625 0.27361111111111114 0.0171875
17 0.5277777777777778 0.304296875 0.4222222222222222 0.017968750000000002
17 0.3861111111111111 0.38906250000000003 0.2611111111111111 0.025
17 0.4138888888888889 0.417578125 0.31666666666666665 0.017968750000000002
17 0.3840277777777778 0.516796875 0.2569444444444445 0.02421875
17 0.36319444444444443 0.546875 0.2152777777777778 0.021875000000000002
17 0.3840277777777778 0.644140625 0.2569444444444445 0.02421875
17 0.4215277777777778 0.6722656250000001 0.33472222222222225 0.017968750000000002
17 0.5277777777777778 0.737890625 0.4166666666666667 0.017968750000000002
17 0.4083333333333333 0.8230468750000001 0.3055555555555556 0.02421875
17 0.4138888888888889 0.8503906250000001 0.31666666666666665 0.017968750000000002
9 0.1451388888888889 0.83125 0.0625 0.0328125
9 0.2868055555555556 0.7390625000000001 0.043055555555555555 0.021875000000000002
9 0.14652777777777778 0.6546875000000001 0.059722222222222225 0.034375
9 0.5416666666666667 0.640625 0.030555555555555558 0.026562500000000003
8 0.14652777777777778 0.527734375 0.059722222222222225 0.03359375
8 0.14791666666666667 0.4 0.059722222222222225 0.034375
9 0.2833333333333333 0.30507812500000003 0.04166666666666667 0.022656250000000003
9 0.5256944444444445 0.20703125 0.029166666666666667 0.026562500000000003
9 0.14722222222222223 0.22109375 0.061111111111111116 0.034375
8 0.9409722222222222 0.07109375 0.051388888888888894 0.028125
8 0.06944444444444445 0.070703125 0.05 0.01953125
20 0.5006944444444444 0.0171875 0.9986111111111111 0.0328125
