17 0.499597423510467 0.4784873188405797 0.1892109500805153 0.01947463768115942
17 0.5 0.4048913043478261 0.10305958132045089 0.019021739130434784
7 0.500402576489533 0.4895833333333333 0.7785829307568438 0.041666666666666664
7 0.500402576489533 0.416213768115942 0.7785829307568438 0.041666666666666664
8 0.07326892109500806 0.05661231884057971 0.0499194847020934 0.021739130434782608
9 0.5 0.17346014492753623 0.16908212560386474 0.05253623188405797
17 0.500805152979066 0.7943840579710145 0.2640901771336554 0.019021739130434784
8 0.8087761674718197 0.7309782608695652 0.03462157809983897 0.01992753623188406
18 0.500402576489533 0.7312047101449275 0.7785829307568438 0.06295289855072464
17 0.501207729468599 0.96875 0.49516908212560384 0.019021739130434784
0 0.500402576489533 0.5110960144927537 0.999194847020934 0.9778079710144928
20 0.500402576489533 0.011322463768115942 0.999194847020934 0.021739130434782608
