17 0.37077294685990336 0.07540760869565218 0.3743961352657005 0.018568840579710144
8 0.12198067632850242 0.07382246376811594 0.023349436392914653 0.022644927536231884
17 0.47624798711755234 0.1480978260869565 0.8301127214170693 0.03170289855072464
17 0.6396940418679549 0.37545289855072467 0.2471819645732689 0.010869565217391304
17 0.20531400966183574 0.3752264492753623 0.29307568438003223 0.010416666666666666
17 0.5925925925925926 0.4264039855072464 0.15136876006441224 0.020380434782608696
17 0.6127214170692431 0.44972826086956524 0.13687600644122383 0.016304347826086956
17 0.2073268921095008 0.4121376811594203 0.29549114331723025 0.043478260869565216
17 0.14533011272141708 0.45108695652173914 0.16988727858293076 0.020833333333333332
17 0.23470209339774556 0.474411231884058 0.2938808373590982 0.016757246376811596
17 0.2391304347826087 0.6933876811594203 0.3607085346215781 0.010869565217391304
17 0.678341384863124 0.6933876811594203 0.3244766505636071 0.010869565217391304
17 0.6598228663446055 0.7282608695652174 0.2890499194847021 0.03985507246376812
17 0.2222222222222222 0.7178442028985508 0.3252818035426731 0.019021739130434784
17 0.13969404186795492 0.744338768115942 0.16022544283413848 0.020380434782608696
17 0.5990338164251208 0.7687952898550725 0.16586151368760063 0.020380434782608696
17 0.6936392914653784 0.7923460144927537 0.29871175523349436 0.016757246376811596
17 0.23550724637681159 0.7676630434782609 0.29549114331723025 0.017210144927536232
17 0.0998389694041868 0.9814311594202899 0.10466988727858292 0.010869565217391304
17 0.3003220611916264 0.9814311594202899 0.07890499194847021 0.010869565217391304
17 0.5 0.9814311594202899 0.06602254428341385 0.010869565217391304
17 0.7000805152979066 0.9816576086956522 0.0748792270531401 0.011322463768115942
17 0.9005636070853462 0.9814311594202899 0.09420289855072464 0.010869565217391304
8 0.5265700483091788 0.44904891304347827 0.02254428341384863 0.012228260869565218
8 0.07004830917874397 0.4735054347826087 0.02254428341384863 0.012228260869565218
8 0.07045088566827697 0.766983695652174 0.023349436392914653 0.012228260869565218
8 0.5265700483091788 0.7914402173913043 0.02254428341384863 0.012228260869565218
8 0.10185185185185185 0.9504076086956522 0.050724637681159424 0.03125
8 0.30112721417069244 0.9504076086956522 0.05958132045088567 0.029438405797101448
9 0.500402576489533 0.9499547101449275 0.05233494363929146 0.03215579710144927
8 0.6996779388083736 0.9495018115942029 0.05475040257648953 0.030344202898550724
8 0.9005636070853462 0.9497282608695652 0.05877616747181964 0.03351449275362319
18 0.500805152979066 0.8673007246376812 0.8840579710144928 0.0661231884057971
9 0.2721417069243156 0.5971467391304348 0.428341384863124 0.16077898550724637
9 0.7286634460547504 0.5971467391304348 0.428341384863124 0.16077898550724637
9 0.2721417069243156 0.27921195652173914 0.428341384863124 0.16077898550724637
9 0.7278582930756844 0.27921195652173914 0.42673107890499196 0.16077898550724637
7 0.500402576489533 0.07359601449275363 0.8864734299516909 0.06567028985507246
20 0.500402576489533 0.011322463768115942 0.999194847020934 0.021739130434782608
