9 0.6018518518518519 0.057744565217391304 0.07809983896940419 0.03215579710144927
8 0.8997584541062802 0.970108695652174 0.06521739130434782 0.029891304347826088
8 0.6980676328502415 0.970108695652174 0.05636070853462158 0.029891304347826088
8 0.499597423510467 0.970108695652174 0.05877616747181964 0.029891304347826088
8 0.30112721417069244 0.970108695652174 0.05314009661835749 0.029891304347826088
9 0.0998389694041868 0.9698822463768116 0.06280193236714976 0.030344202898550724
9 0.500402576489533 0.8408061594202899 0.999194847020934 0.18614130434782608
8 0.9251207729468599 0.7115036231884058 0.05314009661835749 0.016304347826086956
17 0.15780998389694043 0.708786231884058 0.2109500805152979 0.024456521739130436
9 0.500402576489533 0.6007699275362319 0.999194847020934 0.28125
8 0.9251207729468599 0.42413949275362317 0.05314009661835749 0.01585144927536232
17 0.15056360708534622 0.4207427536231884 0.19806763285024154 0.02355072463768116
9 0.500402576489533 0.31929347826086957 0.999194847020934 0.2690217391304348
17 0.286231884057971 0.13949275362318841 0.4726247987117552 0.03260869565217391
17 0.45410628019323673 0.058876811594202896 0.19001610305958133 0.025362318840579712
8 0.9154589371980676 0.05706521739130435 0.06924315619967794 0.030797101449275364
20 0.500402576489533 0.011322463768115942 0.999194847020934 0.021739130434782608
