17 0.10099719685990338 0.9533222741815477 0.08141945491143317 0.009354909226190379
17 0.30178022141706917 0.9533091499255952 0.11936206119162641 0.00953065773809534
17 0.5004063115942029 0.9531403041294644 0.11108300161030589 0.008959179687500077
17 0.6987155293880838 0.9533209574032737 0.07488758051529797 0.009314491443452443
17 0.8998017979066022 0.9533330372023809 0.10867619162640908 0.009344645833333266
8 0.8986295495169081 0.9267224356398809 0.037194686795491205 0.017879395089285783
8 0.6988727858293076 0.9265252976190476 0.057971014492753624 0.018973214285714284
8 0.10055817834138485 0.9267349696800594 0.04989944685990338 0.01790446316964278
8 0.30092780555555554 0.9267521813616071 0.03900620692431564 0.01812289992559526
8 0.06844632971014493 0.6429737181919642 0.048682005636070856 0.021781013020833295
8 0.0684128578904992 0.5715398789062499 0.0582806191626409 0.02690387909226195
8 0.06844721739130434 0.3573755876116071 0.05341782608695653 0.024744601562500017
8 0.06799859903381643 0.4287561462053571 0.05439221739130434 0.025353068452380948
8 0.06840716304347826 0.5000249544270833 0.03595354669887279 0.020615850074404748
8 0.9300450124798713 0.6429700171130952 0.024136013687600585 0.02011022098214287
8 0.9299751811594203 0.5715987797619047 0.02410977133655378 0.020117714285714326
8 0.929983731884058 0.5001913932291666 0.02413729146537834 0.020130747767857095
8 0.9300497797906602 0.4287895930059523 0.02423950805152986 0.020130339285714255
8 0.9300285499194848 0.35736208872767855 0.024231251207729603 0.02007575260416666
20 0.5140901771336553 0.025483630952380952 0.8671497584541062 0.013764880952380952
8 0.3954219726247987 0.07379899423363094 0.049232740740740785 0.015348440104166666
17 0.5007640330112721 0.17526052101934522 0.558183384863124 0.01619227715773811
17 0.19953151247987116 0.3564708119419642 0.1258381892109501 0.01695519382440476
17 0.28116751409017715 0.42746407645089285 0.2842868671497585 0.017620722098214293
17 0.26226369887278583 0.4989060446428571 0.24663008051529792 0.01764806101190481
17 0.4999674673913043 0.7147544680059523 0.21732623913043475 0.01022320684523812
18 0.5004161521739131 0.23280133519345236 0.38682192431562 0.049385184523809536
17 0.5060170982286635 0.07494909988839286 0.12907918357487919 0.018436920014880946
17 0.3905572077294686 0.5702619324776785 0.5031661127214171 0.017777352306547624
17 0.2570222495974235 0.642072132626488 0.23924117713365545 0.01703117001488093
8 0.4996839392109501 0.9267732983630953 0.048941300322061156 0.015004930059523773
9 0.500402576489533 0.2101472786458333 0.999194847020934 0.2231219382440476
