17 0.2946859903381642 0.5677083333333334 0.355877616747182 0.018568840579710144
17 0.2073268921095008 0.5009057971014493 0.1972624798711755 0.018115942028985508
17 0.18115942028985507 0.43455615942028986 0.15458937198067632 0.017663043478260868
17 0.21658615136876005 0.36752717391304346 0.21900161030595813 0.018568840579710144
17 0.20813204508856684 0.3007246376811594 0.17954911433172302 0.019021739130434784
17 0.16908212560386474 0.23482789855072464 0.11916264090177134 0.017663043478260868
17 0.1972624798711755 0.1682518115942029 0.17552334943639292 0.017663043478260868
17 0.1706924315619968 0.10416666666666667 0.11272141706924316 0.021739130434782608
17 0.9263285024154589 0.059329710144927536 0.0893719806763285 0.017210144927536232
17 0.8530595813204509 0.9710144927536232 0.2037037037037037 0.012681159420289856
17 0.15539452495974235 0.973052536231884 0.0853462157809984 0.01947463768115942
8 0.0607890499194847 0.9705615942028986 0.03462157809983897 0.016304347826086956
9 0.06360708534621579 0.5006793478260869 0.040257648953301126 0.01947463768115942
8 0.0607890499194847 0.43410326086956524 0.03462157809983897 0.01947463768115942
9 0.0640096618357488 0.36684782608695654 0.039452495974235106 0.02355072463768116
8 0.06843800322061191 0.3002717391304348 0.04830917874396135 0.019021739130434784
9 0.06360708534621579 0.2341485507246377 0.040257648953301126 0.028985507246376812
8 0.06320450885668277 0.16734601449275363 0.039452495974235106 0.029438405797101448
8 0.06239935587761675 0.10122282608695653 0.03462157809983897 0.01585144927536232
20 0.500402576489533 0.012228260869565218 0.999194847020934 0.02355072463768116
