9 0.9102254428341385 0.5264945652173914 0.17954911433172302 0.41349637681159424
17 0.37077294685990336 0.07518115942028986 0.3743961352657005 0.019021739130434784
8 0.1215780998389694 0.07382246376811594 0.02254428341384863 0.022644927536231884
18 0.3148148148148148 0.14696557971014493 0.16908212560386474 0.043931159420289856
18 0.1316425120772947 0.14696557971014493 0.15056360708534622 0.043931159420289856
17 0.43156199677938806 0.1983695652173913 0.7391304347826086 0.03170289855072464
17 0.4919484702093398 0.25249094202898553 0.8663446054750402 0.04755434782608696
17 0.3059581320450886 0.7647192028985508 0.41545893719806765 0.017663043478260868
17 0.9299516908212561 0.7644927536231885 0.14009661835748793 0.018115942028985508
17 0.92914653784219 0.8104619565217391 0.14009661835748793 0.043931159420289856
17 0.41304347826086957 0.8211050724637681 0.6328502415458938 0.06431159420289854
17 0.0998389694041868 0.9814311594202899 0.10466988727858292 0.010869565217391304
17 0.2999194847020934 0.9814311594202899 0.07809983896940419 0.010869565217391304
17 0.500402576489533 0.9814311594202899 0.06521739130434782 0.010869565217391304
17 0.7004830917874396 0.9814311594202899 0.07407407407407407 0.010869565217391304
17 0.8997584541062802 0.9814311594202899 0.09420289855072464 0.010869565217391304
8 0.10185185185185185 0.9499547101449275 0.050724637681159424 0.03125
8 0.3007246376811594 0.9506340579710145 0.05877616747181964 0.028985507246376812
8 0.500402576489533 0.9499547101449275 0.05233494363929146 0.03215579710144927
8 0.7000805152979066 0.9492753623188406 0.05394524959742351 0.029891304347826088
8 0.9001610305958132 0.9497282608695652 0.05958132045088567 0.03351449275362319
9 0.4255233494363929 0.526268115942029 0.7351046698872786 0.41304347826086957
7 0.500402576489533 0.07382246376811594 0.8864734299516909 0.06521739130434782
20 0.500402576489533 0.011322463768115942 0.999194847020934 0.021739130434782608
