17 0.22826086956521738 0.5310235507246377 0.14251207729468598 0.01585144927536232
17 0.2665056360708535 0.4576539855072464 0.21900161030595813 0.01585144927536232
8 0.09742351046698873 0.5323822463768116 0.03864734299516908 0.024909420289855072
8 0.0966183574879227 0.458786231884058 0.03864734299516908 0.017210144927536232
18 0.500805152979066 0.9513134057971014 0.9227053140096618 0.06567028985507246
17 0.501207729468599 0.8826992753623188 0.4581320450885668 0.036231884057971016
8 0.9178743961352657 0.06567028985507246 0.030595813204508857 0.017210144927536232
17 0.08735909822866345 0.06702898550724638 0.09098228663446055 0.019021739130434784
17 0.5 0.13201992753623187 0.28502415458937197 0.014945652173913044
17 0.499597423510467 0.17957427536231885 0.8864734299516909 0.051177536231884056
7 0.500402576489533 0.5317028985507246 0.9235104669887279 0.0661231884057971
7 0.500402576489533 0.4583333333333333 0.9235104669887279 0.06521739130434782
17 0.500402576489533 0.3940217391304348 0.04750402576489533 0.015398550724637682
18 0.500805152979066 0.26290760869565216 0.9049919484702094 0.05570652173913043
18 0.500402576489533 0.33106884057971014 0.9041867954911433 0.0552536231884058
