17 0.1606280193236715 0.06068840579710145 0.11835748792270531 0.017210144927536232
17 0.10064412238325282 0.9907155797101449 0.06763285024154589 0.010416666666666666
17 0.30112721417069244 0.9902626811594203 0.10628019323671498 0.011322463768115942
17 0.5 0.9918478260869565 0.1529790660225443 0.012681159420289856
17 0.6980676328502415 0.9904891304347826 0.08051529790660225 0.010869565217391304
17 0.8993558776167472 0.9907155797101449 0.0966183574879227 0.010416666666666666
8 0.8997584541062802 0.9594655797101449 0.04911433172302738 0.0276268115942029
8 0.6984702093397746 0.9592391304347826 0.04750402576489533 0.02717391304347826
8 0.499597423510467 0.9594655797101449 0.04428341384863124 0.024909420289855072
8 0.3003220611916264 0.9592391304347826 0.0499194847020934 0.02355072463768116
8 0.10064412238325282 0.9596920289855072 0.04508856682769726 0.024456521739130436
8 0.928341384863124 0.3482789855072464 0.0322061191626409 0.018115942028985508
8 0.928341384863124 0.29393115942028986 0.0322061191626409 0.018115942028985508
8 0.928341384863124 0.23958333333333334 0.0322061191626409 0.018115942028985508
8 0.928341384863124 0.1852355072463768 0.0322061191626409 0.018115942028985508
8 0.928341384863124 0.1308876811594203 0.0322061191626409 0.018115942028985508
17 0.1892109500805153 0.3471467391304348 0.1320450885668277 0.017663043478260868
17 0.2210144927536232 0.29461050724637683 0.19887278582930756 0.021286231884057972
17 0.1574074074074074 0.23822463768115942 0.06843800322061191 0.017210144927536232
17 0.1719001610305958 0.18410326086956522 0.09742351046698873 0.017663043478260868
17 0.17914653784219 0.13134057971014493 0.11352657004830918 0.020833333333333332
8 0.0644122383252818 0.3473731884057971 0.037037037037037035 0.020833333333333332
8 0.06481481481481481 0.2930253623188406 0.03784219001610306 0.020833333333333332
8 0.06521739130434782 0.23867753623188406 0.037037037037037035 0.020833333333333332
8 0.0644122383252818 0.18455615942028986 0.037037037037037035 0.021286231884057972
8 0.0644122383252818 0.13020833333333334 0.037037037037037035 0.021286231884057972
8 0.06360708534621579 0.06295289855072464 0.037037037037037035 0.020833333333333332
7 0.500805152979066 0.06136775362318841 0.9516908212560387 0.05480072463768116
20 0.500402576489533 0.011322463768115942 0.999194847020934 0.021739130434782608
