17 0.9126409017713365 0.05683876811594203 0.07326892109500806 0.020380434782608696
9 0.4935587761674718 0.11911231884057971 0.1529790660225443 0.10235507246376811
17 0.5 0.21444746376811594 0.46537842190016104 0.04030797101449275
17 0.15780998389694043 0.30117753623188404 0.19162640901771336 0.03260869565217391
17 0.47061191626409016 0.3014039855072464 0.2181964573268921 0.03215579710144927
7 0.500402576489533 0.42866847826086957 0.9025764895330113 0.03306159420289855
17 0.1823671497584541 0.4209692028985507 0.2632850241545894 0.017663043478260868
7 0.5 0.5206068840579711 0.9033816425120773 0.042119565217391304
8 0.9227053140096618 0.5124547101449275 0.057971014492753624 0.025815217391304348
17 0.14049919484702095 0.5174365942028986 0.177938808373591 0.017663043478260868
5 0.23027375201288244 0.588088768115942 0.3639291465378422 0.0276268115942029
17 0.2640901771336554 0.5883152173913043 0.2962962962962963 0.019021739130434784
18 0.5 0.677536231884058 0.9033816425120773 0.06884057971014493
17 0.500805152979066 0.7545289855072463 0.3188405797101449 0.020833333333333332
8 0.8659420289855072 0.9465579710144928 0.07326892109500806 0.041666666666666664
8 0.7435587761674718 0.9463315217391305 0.071658615136876 0.04030797101449275
17 0.22342995169082125 0.9467844202898551 0.34541062801932365 0.018568840579710144
20 0.500402576489533 0.011322463768115942 0.999194847020934 0.021739130434782608
