17 0.250402576489533 0.5303442028985508 0.3285024154589372 0.016304347826086956
17 0.25161030595813205 0.6657608695652174 0.16183574879227053 0.016304347826086956
17 0.750805152979066 0.6644021739130435 0.21980676328502416 0.01358695652173913
17 0.749597423510467 0.5303442028985508 0.1111111111111111 0.016304347826086956
17 0.75 0.3944746376811594 0.2922705314009662 0.016304347826086956
17 0.25 0.39334239130434784 0.2359098228663446 0.014945652173913044
18 0.32648953301127215 0.229393115942029 0.2181964573268921 0.04030797101449275
17 0.14774557165861513 0.12024456521739131 0.1892109500805153 0.033967391304347824
8 0.7475845410628019 0.6195652173913043 0.05555555555555555 0.03260869565217391
8 0.25 0.6202445652173914 0.06521739130434782 0.036684782608695655
8 0.250402576489533 0.48482789855072467 0.057971014492753624 0.03215579710144927
8 0.75 0.484375 0.06521739130434782 0.036684782608695655
8 0.75 0.3485054347826087 0.04428341384863124 0.036684782608695655
8 0.250805152979066 0.348731884057971 0.06521739130434782 0.036231884057971016
8 0.10950080515297907 0.2296195652173913 0.14653784219001612 0.08242753623188406
8 0.10104669887278583 0.9594655797101449 0.04911433172302738 0.0276268115942029
8 0.3007246376811594 0.9590126811594203 0.050724637681159424 0.028532608695652176
8 0.499194847020934 0.9594655797101449 0.0499194847020934 0.024003623188405796
8 0.6992753623188406 0.9596920289855072 0.0426731078904992 0.025362318840579712
8 0.8993558776167472 0.9592391304347826 0.0499194847020934 0.008152173913043478
17 0.8993558776167472 0.9909420289855072 0.05958132045088567 0.010869565217391304
17 0.6992753623188406 0.9904891304347826 0.07004830917874397 0.010869565217391304
17 0.49879227053140096 0.9907155797101449 0.06843800322061191 0.011322463768115942
17 0.3003220611916264 0.9902626811594203 0.08051529790660225 0.011322463768115942
17 0.10024154589371981 0.9904891304347826 0.05555555555555555 0.010869565217391304
20 0.500402576489533 0.011322463768115942 0.999194847020934 0.021739130434782608
