8 0.3003220611916264 0.9562952898550725 0.05958132045088567 0.029438405797101448
17 0.10024154589371981 0.9904891304347826 0.06843800322061191 0.01358695652173913
17 0.3007246376811594 0.9893568840579711 0.07648953301127215 0.011322463768115942
17 0.499597423510467 0.9893568840579711 0.07648953301127215 0.011322463768115942
17 0.6980676328502415 0.9907155797101449 0.10628019323671498 0.014039855072463768
17 0.8997584541062802 0.9893568840579711 0.07004830917874397 0.011322463768115942
8 0.8989533011272142 0.9581068840579711 0.04911433172302738 0.033967391304347824
8 0.6996779388083736 0.9569746376811594 0.04669887278582931 0.035326086956521736
8 0.49879227053140096 0.9572010869565217 0.061996779388083734 0.034873188405797104
8 0.0998389694041868 0.9569746376811594 0.06280193236714976 0.034420289855072464
17 0.500402576489533 0.7828351449275363 0.9009661835748792 0.05480072463768116
17 0.5 0.7110507246376812 0.7085346215780999 0.0661231884057971
9 0.5442834138486312 0.4635416666666667 0.4138486312399356 0.370018115942029
17 0.30998389694041867 0.12454710144927536 0.5169082125603864 0.04619565217391305
20 0.500402576489533 0.011096014492753624 0.999194847020934 0.021286231884057972
