17 0.18539649838969405 0.0775479644717262 0.12497847504025765 0.014591954985119046
8 0.08727870088566828 0.07810048251488096 0.0380354919484702 0.01795976488095238
8 0.8817788828502415 0.15095509226190476 0.097416925120773 0.0449910275297619
8 0.4996500305958132 0.9267182578125 0.04863180032206113 0.015011469494047735
17 0.10133223913043478 0.9533063796502975 0.0822562801932367 0.009434291294642856
17 0.30166523993558775 0.9531645093005952 0.11923377455716586 0.009094965029761952
17 0.5003919859098228 0.9531464348958334 0.11116403784219003 0.008999415922619087
17 0.6987265128824476 0.9533225013020833 0.07497549758454103 0.009362084449404862
17 0.8997860720611917 0.9533338547247023 0.1087837157809984 0.009377706473214193
8 0.8986101380837359 0.9267366499255952 0.03715586392914649 0.01790782366071431
8 0.6990380277777778 0.9267226173735118 0.05830149838969408 0.01936785379464281
8 0.1005244384057971 0.9267299743303571 0.0500251843800322 0.01793479910714287
8 0.3009146843800322 0.9267277944568452 0.03891244283413848 0.01796350037202389
8 0.881927539452496 0.6095600128348213 0.09733466022544271 0.04488490885416674
17 0.2071343421900161 0.5204348563988096 0.30677657165861516 0.013127235863095249
17 0.3361473111916264 0.4891136941964286 0.568771540257649 0.016330128720238063
17 0.10780148027375203 0.46153277436755946 0.11111036795491143 0.011254628348214318
17 0.8873020241545894 0.07757664285714286 0.12266778904991947 0.014686732142857142
20 0.5130083019323671 0.02549808947172619 0.8698169259259259 0.013978027157738096
7 0.4230918667471819 0.07847229650297619 0.7486159524959741 0.040354751488095246
9 0.5003985623993559 0.2753835122767857 0.897993612721417 0.31133730059523806
9 0.5004022371175523 0.7339136713169643 0.897906847826087 0.31129060453869045
