18 0.5 0.6354166666666666 0.2528180354267311 0.044384057971014496
18 0.2041062801932367 0.5783514492753623 0.16988727858293076 0.044384057971014496
18 0.39573268921095006 0.5783514492753623 0.17954911433172302 0.044384057971014496
18 0.5885668276972624 0.5785778985507246 0.16908212560386474 0.043931159420289856
18 0.7862318840579711 0.5783514492753623 0.19082125603864733 0.044384057971014496
18 0.7576489533011272 0.521286231884058 0.20611916264090177 0.044384057971014496
18 0.48470209339774556 0.521286231884058 0.3027375201288245 0.044384057971014496
18 0.22826086956521738 0.521286231884058 0.17632850241545894 0.044384057971014496
18 0.16022544283413848 0.4642210144927536 0.1723027375201288 0.044384057971014496
18 0.3413848631239936 0.4642210144927536 0.15458937198067632 0.044384057971014496
18 0.5772946859903382 0.46467391304347827 0.28180354267310787 0.044384057971014496
18 0.8313204508856683 0.46444746376811596 0.19082125603864733 0.043931159420289856
18 0.8590982286634461 0.4071557971014493 0.14492753623188406 0.044384057971014496
18 0.678743961352657 0.4071557971014493 0.18035426731078905 0.044384057971014496
18 0.4420289855072464 0.4073822463768116 0.2576489533011272 0.043931159420289856
18 0.18276972624798712 0.4071557971014493 0.22705314009661837 0.044384057971014496
18 0.23148148148148148 0.35031702898550726 0.21980676328502416 0.043931159420289856
18 0.42592592592592593 0.35009057971014496 0.13526570048309178 0.044384057971014496
18 0.5825281803542673 0.35054347826086957 0.14090177133655393 0.044384057971014496
18 0.7749597423510467 0.35009057971014496 0.20853462157809985 0.044384057971014496
18 0.7954911433172303 0.29347826086956524 0.1996779388083736 0.044384057971014496
18 0.5865539452495975 0.29347826086956524 0.18276972624798712 0.044384057971014496
18 0.39895330112721417 0.2930253623188406 0.1570048309178744 0.044384057971014496
18 0.2041062801932367 0.2930253623188406 0.1972624798711755 0.044384057971014496
8 0.0821256038647343 0.06634963768115942 0.03864734299516908 0.016757246376811596
17 0.501207729468599 0.15511775362318841 0.7479871175523349 0.08650362318840579
17 0.500805152979066 0.23618659420289856 0.8293075684380032 0.023097826086956524
18 0.500402576489533 0.9347826086956522 0.8075684380032206 0.0661231884057971
20 0.500402576489533 0.011322463768115942 0.999194847020934 0.021739130434782608
