17 0.5 0.5226449275362319 0.08373590982286634 0.016304347826086956
17 0.5 0.5896739130434783 0.04830917874396135 0.01992753623188406
7 0.500805152979066 0.589447463768116 0.821256038647343 0.05480072463768116
7 0.500805152979066 0.5242300724637681 0.821256038647343 0.05480072463768116
17 0.09863123993558776 0.057971014492753624 0.09420289855072464 0.017210144927536232
17 0.16908212560386474 0.14855072463768115 0.09178743961352658 0.014492753623188406
17 0.3667471819645733 0.15058876811594202 0.14251207729468598 0.017663043478260868
17 0.5752818035426731 0.1487771739130435 0.11674718196457327 0.014039855072463768
17 0.7958937198067633 0.1487771739130435 0.16505636070853463 0.014039855072463768
17 0.4943639291465378 0.30117753623188404 0.6988727858293076 0.03894927536231884
17 0.499194847020934 0.4121376811594203 0.5024154589371981 0.11141304347826086
17 0.499194847020934 0.7110507246376812 0.42028985507246375 0.017210144927536232
17 0.5 0.7506793478260869 0.750402576489533 0.017663043478260868
17 0.4975845410628019 0.9454257246376812 0.6698872785829307 0.033967391304347824
8 0.06159420289855073 0.8908514492753623 0.11674718196457327 0.06431159420289854
18 0.500402576489533 0.6560235507246377 0.822061191626409 0.057518115942028984
9 0.499194847020934 0.23256340579710144 0.16908212560386474 0.052083333333333336
8 0.16948470209339775 0.11956521739130435 0.05394524959742351 0.030797101449275364
8 0.2556360708534622 0.12794384057971014 0.021739130434782608 0.022192028985507248
8 0.3667471819645733 0.11820652173913043 0.05233494363929146 0.02717391304347826
8 0.47705314009661837 0.12794384057971014 0.021739130434782608 0.022192028985507248
9 0.5756843800322061 0.11865942028985507 0.06763285024154589 0.026268115942028984
8 0.6735104669887279 0.12794384057971014 0.021739130434782608 0.022192028985507248
8 0.7966988727858293 0.11865942028985507 0.05877616747181964 0.025362318840579712
20 0.500402576489533 0.011322463768115942 0.999194847020934 0.021739130434782608
