17 0.22826086956521738 0.023097826086956524 0.10225442834138486 0.017210144927536232
17 0.2471819645732689 0.08854166666666667 0.14009661835748793 0.016757246376811596
17 0.33494363929146537 0.15579710144927536 0.31561996779388085 0.020833333333333332
17 0.37922705314009664 0.22056159420289856 0.40418679549114334 0.021739130434782608
17 0.2741545893719807 0.286231884057971 0.1956521739130435 0.020833333333333332
17 0.2459742351046699 0.3740942028985507 0.14251207729468598 0.021739130434782608
17 0.35507246376811596 0.436820652173913 0.355877616747182 0.017663043478260868
17 0.35909822866344604 0.5040760869565217 0.36553945249597425 0.021739130434782608
17 0.2882447665056361 0.5674818840579711 0.2222222222222222 0.017210144927536232
17 0.24235104669887278 0.634963768115942 0.13043478260869565 0.020833333333333332
17 0.28140096618357485 0.7212409420289855 0.21014492753623187 0.016757246376811596
17 0.30676328502415456 0.7864583333333334 0.26247987117552335 0.016757246376811596
17 0.24476650563607086 0.8534873188405797 0.13848631239935588 0.021286231884057972
17 0.3035426731078905 0.9184782608695652 0.2560386473429952 0.021739130434782608
17 0.32367149758454106 0.9818840579710145 0.29307568438003223 0.017210144927536232
9 0.06884057971014493 0.9827898550724637 0.05394524959742351 0.025362318840579712
9 0.06843800322061191 0.917572463768116 0.03542673107890499 0.028079710144927536
8 0.06843800322061191 0.8523550724637681 0.04830917874396135 0.028079710144927536
9 0.06843800322061191 0.7871376811594203 0.04508856682769726 0.030797101449275364
8 0.0680354267310789 0.7221467391304348 0.04911433172302738 0.0276268115942029
9 0.06884057971014493 0.6336050724637681 0.04911433172302738 0.025362318840579712
8 0.0680354267310789 0.5672554347826086 0.04428341384863124 0.0276268115942029
8 0.06843800322061191 0.5036231884057971 0.04508856682769726 0.014492753623188406
8 0.06843800322061191 0.43795289855072467 0.0499194847020934 0.028079710144927536
9 0.06843800322061191 0.37273550724637683 0.03542673107890499 0.028079710144927536
8 0.06843800322061191 0.28442028985507245 0.05475040257648953 0.01992753623188406
9 0.06843800322061191 0.21965579710144928 0.0499194847020934 0.028079710144927536
8 0.06843800322061191 0.15443840579710144 0.0499194847020934 0.017210144927536232
9 0.06843800322061191 0.08922101449275363 0.0499194847020934 0.028079710144927536
9 0.06924315619967794 0.024003623188405796 0.04830917874396135 0.025362318840579712
6 0.3389694041867955 0.5002264492753623 0.6763285024154589 0.9995471014492754
