17 0.500402576489533 0.07427536231884058 0.1859903381642512 0.014492753623188406
17 0.499597423510467 0.04891304347826087 0.20048309178743962 0.017210144927536232
17 0.21980676328502416 0.12522644927536233 0.16908212560386474 0.017663043478260868
17 0.501610305958132 0.4461050724637681 0.5539452495974235 0.028079710144927536
17 0.500402576489533 0.4990942028985507 0.8075684380032206 0.05253623188405797
17 0.10144927536231885 0.9907155797101449 0.06763285024154589 0.010416666666666666
17 0.3003220611916264 0.9907155797101449 0.08051529790660225 0.011322463768115942
17 0.5 0.9904891304347826 0.0853462157809984 0.010869565217391304
17 0.6984702093397746 0.9918478260869565 0.10386473429951691 0.01358695652173913
17 0.8993558776167472 0.9904891304347826 0.12560386473429952 0.010869565217391304
8 0.6296296296296297 0.04913949275362319 0.030595813204508857 0.010416666666666666
8 0.9227053140096618 0.058876811594202896 0.05958132045088567 0.028079710144927536
8 0.9335748792270532 0.12545289855072464 0.018518518518518517 0.017210144927536232
8 0.07045088566827697 0.12409420289855072 0.04911433172302738 0.028079710144927536
8 0.10064412238325282 0.9592391304347826 0.05475040257648953 0.028079710144927536
8 0.3003220611916264 0.9592391304347826 0.0499194847020934 0.028079710144927536
8 0.499194847020934 0.9592391304347826 0.0499194847020934 0.028079710144927536
8 0.6992753623188406 0.9585597826086957 0.05233494363929146 0.029438405797101448
9 0.8961352657004831 0.9585597826086957 0.05475040257648953 0.029438405797101448
9 0.500805152979066 0.31544384057971014 0.3107890499194847 0.1671195652173913
18 0.5 0.5692934782608696 0.500805152979066 0.0661231884057971
20 0.500402576489533 0.011322463768115942 0.999194847020934 0.021739130434782608
