17 0.32648953301127215 0.8655133928571428 0.21497584541062803 0.018229166666666664
5 0.27093397745571657 0.8636532738095237 0.3309178743961353 0.03013392857142857
17 0.27938808373590984 0.6246279761904762 0.12721417069243157 0.018601190476190476
5 0.22423510466988728 0.6225818452380952 0.2391304347826087 0.029389880952380952
17 0.35104669887278583 0.7451636904761905 0.26570048309178745 0.018601190476190476
5 0.2946859903381642 0.7433035714285714 0.38003220611916266 0.02976190476190476
17 0.322061191626409 0.5040922619047619 0.20611916264090177 0.018601190476190476
5 0.26570048309178745 0.5024181547619048 0.32045088566827695 0.029389880952380952
17 0.3305152979066023 0.3820684523809524 0.22302737520128824 0.013392857142857142
5 0.27375201288244766 0.38169642857142855 0.33816425120772947 0.02976190476190476
17 0.3329307568438003 0.2630208333333333 0.2278582930756844 0.018601190476190476
5 0.27657004830917875 0.26116071428571425 0.3438003220611916 0.02976190476190476
0 0.500402576489533 0.26116071428571425 0.8832528180354268 0.10267857142857142
0 0.500402576489533 0.38169642857142855 0.8832528180354268 0.10267857142857142
0 0.500402576489533 0.5018601190476191 0.8832528180354268 0.10267857142857142
0 0.500402576489533 0.6223958333333333 0.8832528180354268 0.10267857142857142
0 0.500402576489533 0.7429315476190476 0.8832528180354268 0.10267857142857142
0 0.500402576489533 0.8558407738095237 0.8832528180354268 0.08742559523809523
18 0.500805152979066 0.9497767857142857 0.3252818035426731 0.06919642857142856
17 0.499194847020934 0.12872023809523808 0.784219001610306 0.04241071428571428
17 0.5020128824476651 0.07607886904761904 0.7463768115942029 0.027157738095238092
