8 0.5471014492753623 0.8786231884057971 0.021739130434782608 0.016304347826086956
8 0.06642512077294686 0.8790760869565217 0.021739130434782608 0.016304347826086956
8 0.06723027375201288 0.6628170289855072 0.023349436392914653 0.016757246376811596
8 0.5471014492753623 0.6630434782608696 0.023349436392914653 0.017210144927536232
8 0.5471014492753623 0.5260416666666666 0.023349436392914653 0.016757246376811596
8 0.06723027375201288 0.5258152173913043 0.021739130434782608 0.016304347826086956
8 0.06723027375201288 0.38903985507246375 0.021739130434782608 0.016304347826086956
8 0.5471014492753623 0.38903985507246375 0.023349436392914653 0.017210144927536232
8 0.5471014492753623 0.25203804347826086 0.023349436392914653 0.016757246376811596
9 0.8921095008051529 0.9755434782608696 0.15780998389694043 0.04891304347826087
9 0.4106280193236715 0.9748641304347826 0.1497584541062802 0.050271739130434784
9 0.4057971014492754 0.8584692028985508 0.15942028985507245 0.0901268115942029
9 0.8808373590982287 0.8525815217391305 0.15942028985507245 0.10280797101449275
9 0.8900966183574879 0.5022644927536232 0.1215780998389694 0.09601449275362318
9 0.8840579710144928 0.641983695652174 0.17391304347826086 0.09193840579710146
9 0.4029790660225443 0.6474184782608696 0.17632850241545894 0.08106884057971014
9 0.392512077294686 0.4936594202898551 0.1956521739130435 0.11322463768115942
9 0.40700483091787437 0.3691123188405797 0.16666666666666666 0.08786231884057971
9 0.9013687600644122 0.3546195652173913 0.1392914653784219 0.11684782608695653
9 0.8816425120772947 0.2282608695652174 0.17713365539452497 0.09601449275362318
9 0.4029790660225443 0.22259963768115942 0.1747181964573269 0.10733695652173914
17 0.5978260869565217 0.932518115942029 0.13446054750402575 0.017210144927536232
17 0.10909822866344605 0.9327445652173914 0.11513687600644122 0.017663043478260868
17 0.6264090177133655 0.795516304347826 0.18679549114331723 0.016757246376811596
17 0.16706924315619967 0.7957427536231885 0.22946859903381642 0.018115942028985508
17 0.11231884057971014 0.7509057971014493 0.16666666666666666 0.025362318840579712
17 0.12318840579710146 0.579483695652174 0.1497584541062802 0.017663043478260868
17 0.6199677938808373 0.592391304347826 0.18035426731078905 0.044384057971014496
17 0.5901771336553945 0.44474637681159424 0.1143317230273752 0.022644927536231884
17 0.20169082125603865 0.44497282608695654 0.29871175523349436 0.022192028985507248
17 0.10628019323671498 0.3072916666666667 0.11272141706924316 0.023097826086956524
17 0.5978260869565217 0.30480072463768115 0.13123993558776167 0.018115942028985508
17 0.5893719806763285 0.16802536231884058 0.1143317230273752 0.018115942028985508
17 0.15338164251207728 0.16802536231884058 0.20209339774557167 0.018115942028985508
17 0.19082125603864733 0.1236413043478261 0.322061191626409 0.024456521739130436
8 0.04669887278582931 0.057744565217391304 0.030595813204508857 0.029438405797101448
17 0.855475040257649 0.057518115942028984 0.19082125603864733 0.018115942028985508
17 0.500402576489533 0.058876811594202896 0.2278582930756844 0.026268115942028984
17 0.17431561996779388 0.057518115942028984 0.1956521739130435 0.018115942028985508
20 0.500402576489533 0.011322463768115942 0.999194847020934 0.021739130434782608
