17 0.10104669887278583 0.4071557971014493 0.06360708534621579 0.01177536231884058
17 0.15338164251207728 0.3007246376811594 0.16988727858293076 0.01177536231884058
8 0.8997584541062802 0.970108695652174 0.06521739130434782 0.029891304347826088
8 0.6976650563607085 0.9703351449275363 0.0571658615136876 0.030344202898550724
8 0.499194847020934 0.9698822463768116 0.05958132045088567 0.030344202898550724
8 0.3007246376811594 0.9698822463768116 0.05394524959742351 0.030344202898550724
9 0.10024154589371981 0.9698822463768116 0.06360708534621579 0.029438405797101448
7 0.501207729468599 0.30095108695652173 0.9041867954911433 0.057518115942028984
7 0.501207729468599 0.406929347826087 0.9041867954911433 0.057518115942028984
17 0.09339774557165861 0.36571557971014496 0.08373590982286634 0.013134057971014492
17 0.1541867954911433 0.2597373188405797 0.2069243156199678 0.013134057971014492
8 0.04388083735909823 0.057291666666666664 0.029790660225442835 0.030344202898550724
17 0.893719806763285 0.058423913043478264 0.1143317230273752 0.016304347826086956
17 0.501610305958132 0.05865036231884058 0.20450885668276972 0.016757246376811596
17 0.4975845410628019 0.17028985507246377 0.893719806763285 0.09782608695652174
20 0.500402576489533 0.011322463768115942 0.999194847020934 0.021739130434782608
