18 0.7314814814814815 0.11979166666666667 0.46618357487922707 0.04664855072463768
18 0.2673107890499195 0.12001811594202899 0.46215780998389694 0.04710144927536232
17 0.500402576489533 0.057291666666666664 0.22946859903381642 0.018568840579710144
17 0.501610305958132 0.18795289855072464 0.8534621578099839 0.028079710144927536
17 0.499597423510467 0.28170289855072467 0.8993558776167472 0.09420289855072464
17 0.42028985507246375 0.47056159420289856 0.1610305958132045 0.018115942028985508
17 0.6276167471819646 0.5384963768115942 0.5789049919484702 0.07336956521739131
17 0.3756038647342995 0.6394927536231884 0.071658615136876 0.017210144927536232
17 0.6352657004830918 0.71875 0.5909822866344605 0.09601449275362318
17 0.4078099838969404 0.8183876811594203 0.13768115942028986 0.018115942028985508
17 0.6171497584541062 0.8865489130434783 0.5579710144927537 0.07291666666666667
17 0.10144927536231885 0.9907155797101449 0.06763285024154589 0.010416666666666666
17 0.3003220611916264 0.9904891304347826 0.07890499194847021 0.010869565217391304
17 0.499597423510467 0.9902626811594203 0.071658615136876 0.011322463768115942
17 0.6992753623188406 0.9904891304347826 0.05555555555555555 0.01177536231884058
17 0.8993558776167472 0.9907155797101449 0.057971014492753624 0.010416666666666666
18 0.500402576489533 0.38790760869565216 0.2665056360708535 0.05480072463768116
9 0.17028985507246377 0.5237771739130435 0.23752012882447665 0.13360507246376813
9 0.16988727858293076 0.6902173913043478 0.23510466988727857 0.12952898550724637
9 0.16988727858293076 0.8691123188405797 0.23510466988727857 0.12771739130434784
9 0.10064412238325282 0.9590126811594203 0.04669887278582931 0.036684782608695655
8 0.3003220611916264 0.9581068840579711 0.04830917874396135 0.034873188405797104
9 0.499194847020934 0.9596920289855072 0.06280193236714976 0.034420289855072464
8 0.7004830917874396 0.9590126811594203 0.057971014492753624 0.034873188405797104
8 0.9001610305958132 0.9590126811594203 0.061191626409017714 0.024003623188405796
20 0.500402576489533 0.011322463768115942 0.999194847020934 0.021739130434782608
