17 0.37318840579710144 0.05593297101449275 0.2616747181964573 0.022192028985507248
8 0.20571658615136876 0.0541213768115942 0.03462157809983897 0.01947463768115942
9 0.7866344605475041 0.05434782608695652 0.04830917874396135 0.022644927536231884
17 0.500402576489533 0.11390398550724638 0.3534621578099839 0.022192028985507248
17 0.18397745571658616 0.3072916666666667 0.10869565217391304 0.01585144927536232
17 0.501207729468599 0.3070652173913044 0.13446054750402575 0.016304347826086956
17 0.8180354267310789 0.3070652173913044 0.11755233494363929 0.016304347826086956
17 0.501207729468599 0.364356884057971 0.3679549114331723 0.01947463768115942
17 0.500805152979066 0.4846014492753623 0.2834138486312399 0.022644927536231884
17 0.5 0.5380434782608696 0.7310789049919485 0.03804347826086957
17 0.28140096618357485 0.7198822463768116 0.11674718196457327 0.014039855072463768
17 0.7206119162640902 0.7214673913043478 0.0966183574879227 0.017210144927536232
17 0.28180354267310787 0.9137228260869565 0.11594202898550725 0.017663043478260868
17 0.7202093397745571 0.9139492753623188 0.061996779388083734 0.017210144927536232
17 0.10064412238325282 0.9879981884057971 0.0853462157809984 0.014039855072463768
17 0.30112721417069244 0.9889039855072463 0.16747181964573268 0.017663043478260868
17 0.499597423510467 0.9893568840579711 0.1280193236714976 0.016757246376811596
17 0.6988727858293076 0.9891304347826088 0.07407407407407407 0.017210144927536232
17 0.8973429951690821 0.9870923913043478 0.06682769726247988 0.014945652173913044
9 0.18397745571658616 0.2112771739130435 0.2214170692431562 0.12182971014492754
9 0.49879227053140096 0.20969202898550726 0.23107890499194847 0.125
9 0.8180354267310789 0.2112771739130435 0.21578099838969403 0.1272644927536232
9 0.2805958132045089 0.6413043478260869 0.21980676328502416 0.09329710144927536
9 0.7202093397745571 0.6424365942028986 0.21497584541062803 0.10280797101449275
9 0.2809983896940419 0.8346920289855072 0.21739130434782608 0.08876811594202899
9 0.7198067632850241 0.8346920289855072 0.21900161030595813 0.09782608695652174
8 0.927133655394525 0.05683876811594203 0.050724637681159424 0.028532608695652176
8 0.0998389694041868 0.9592391304347826 0.05958132045088567 0.03260869565217391
8 0.3003220611916264 0.9592391304347826 0.05958132045088567 0.03170289855072464
8 0.500402576489533 0.9592391304347826 0.06682769726247988 0.03804347826086957
9 0.6988727858293076 0.9592391304347826 0.0644122383252818 0.036231884057971016
8 0.8965378421900161 0.9578804347826088 0.07004830917874397 0.03170289855072464
7 0.500402576489533 0.05457427536231884 0.6626409017713365 0.049365942028985504
20 0.500402576489533 0.011322463768115942 0.999194847020934 0.021739130434782608
