17 0.7538274005636071 0.5796766143568841 0.09179908615136874 0.014981200634057964
17 0.7537972761674718 0.5147067083333334 0.08064537842190017 0.015469647644927522
17 0.24698545531400967 0.5588439719202899 0.09181434541062804 0.014978712862318885
17 0.2465691803542673 0.5147224094202899 0.22132723671497584 0.015429621376811618
9 0.7518800744766505 0.8030602552083332 0.34228972705314 0.25962050045289864
9 0.24688780595813206 0.8158041913496377 0.3863738486312399 0.1527499877717391
8 0.4143966578099839 0.6638750548007246 0.049919508856682754 0.025802778079710143
8 0.9211448385668275 0.6639108242753623 0.050068092592592595 0.025846895833333366
17 0.7530247540257649 0.54857055004529 0.4281365096618358 0.03611036639492752
8 0.9212104931561997 0.17494283899456523 0.04990415217391304 0.025755246829710154
9 0.7535323973429952 0.3268893489583333 0.3855658140096618 0.26352695788043484
17 0.24659076006441222 0.5389410101902175 0.2679676666666667 0.016791910778985467
8 0.414358498389694 0.1749267923460145 0.04993547987117555 0.02580771240942029
9 0.24745625724637685 0.32706101721014497 0.38712942914653786 0.13504296467391302
17 0.8447553111916265 0.1145340120018116 0.08689941787439615 0.014468745923913043
17 0.16732883293075684 0.1145311231884058 0.08047029549114332 0.014484419384057968
17 0.5128873128019324 0.11453467504528986 0.11342740016103063 0.01359600951086957
8 0.813373461352657 0.057736659420289854 0.04502192914653785 0.025787173913043478
17 0.5004011759259259 0.060206057518115946 0.17378355314009666 0.019007565217391314
8 0.07201290619967793 0.057255947010869564 0.04581915217391304 0.016766835144927533
17 0.9030559251207728 0.0572570441576087 0.04585086795491143 0.025824809329710145
8 0.8998573780193236 0.9590344635416668 0.06034883011272135 0.03392249954710157
8 0.6987034158615137 0.9586141283967392 0.040869818840579705 0.03306391621376807
8 0.4992405253623188 0.9587875586503622 0.05877326811594202 0.03076171875
8 0.3004478047504026 0.9592585910326088 0.05724539855072461 0.03258790851449282
8 0.10099974919484701 0.9587990579710145 0.058749814009661824 0.030751767210144977
17 0.8994394198872786 0.9907045226449276 0.0949482938808373 0.013127865942028966
17 0.6987039565217391 0.9909565138134059 0.08771287600644122 0.012691552989130505
17 0.49922976288244764 0.9895945563858696 0.13591335185185188 0.01082810099637672
17 0.30050495772946856 0.9907378596014493 0.058737958937198104 0.013130851449275427
17 0.10097543921095008 0.9898165274003625 0.06679472866344605 0.010415561141304307
20 0.5004338111916264 0.011187753849637681 0.9991323776167472 0.021469710597826087
