17 0.8268921095008052 0.7715126811594203 0.22383252818035426 0.014039855072463768
17 0.8276972624798712 0.7475090579710145 0.22383252818035426 0.017663043478260868
17 0.8083735909822867 0.7099184782608696 0.3784219001610306 0.017663043478260868
9 0.6553945249597424 0.7595108695652174 0.07729468599033816 0.043478260869565216
9 0.07568438003220612 0.7595108695652174 0.07729468599033816 0.043478260869565216
17 0.24798711755233493 0.7717391304347826 0.22383252818035426 0.014492753623188406
17 0.24838969404186795 0.7454710144927537 0.22946859903381642 0.014492753623188406
17 0.19766505636070852 0.7121829710144928 0.3164251207729469 0.023097826086956524
8 0.09057971014492754 0.6582880434782609 0.050724637681159424 0.024909420289855072
17 0.15177133655394526 0.657608695652174 0.04428341384863124 0.016304347826086956
17 0.7411433172302737 0.657608695652174 0.06360708534621579 0.015398550724637682
8 0.6694847020933977 0.6585144927536232 0.050724637681159424 0.024456521739130436
17 0.5116747181964574 0.6573822463768116 0.11835748792270531 0.01585144927536232
9 0.8079710144927537 0.47554347826086957 0.38405797101449274 0.4166666666666667
9 0.3144122383252818 0.47531702898550726 0.5547504025764896 0.4171195652173913
8 0.9573268921095008 0.22871376811594205 0.01288244766505636 0.01177536231884058
17 0.8691626409017713 0.22803442028985507 0.1360708534621578 0.014039855072463768
17 0.23027375201288244 0.18840579710144928 0.3832528180354267 0.03351449275362319
17 0.500805152979066 0.059329710144927536 0.11594202898550725 0.022644927536231884
8 0.3003220611916264 0.9562952898550725 0.05958132045088567 0.029438405797101448
17 0.10064412238325282 0.9907155797101449 0.06763285024154589 0.013134057971014492
17 0.2999194847020934 0.9895833333333334 0.07648953301127215 0.010869565217391304
17 0.499194847020934 0.9893568840579711 0.07568438003220612 0.011322463768115942
17 0.6980676328502415 0.9909420289855072 0.10628019323671498 0.01358695652173913
17 0.8997584541062802 0.9895833333333334 0.07004830917874397 0.010869565217391304
8 0.8985507246376812 0.9581068840579711 0.04830917874396135 0.03306159420289855
8 0.6996779388083736 0.957427536231884 0.04830917874396135 0.034420289855072464
8 0.499597423510467 0.9572010869565217 0.06038647342995169 0.033967391304347824
8 0.10024154589371981 0.9578804347826088 0.061996779388083734 0.03260869565217391
20 0.500402576489533 0.011096014492753624 0.999194847020934 0.021286231884057972
