17 0.250402576489533 0.059782608695652176 0.12560386473429952 0.020833333333333332
17 0.750402576489533 0.058197463768115944 0.08856682769726248 0.01585144927536232
17 0.39090177133655396 0.505661231884058 0.6272141706924316 0.05480072463768116
17 0.4863123993558776 0.5996376811594203 0.8164251207729468 0.0625
17 0.16022544283413848 0.6603260869565217 0.16264090177133655 0.014492753623188406
17 0.12600644122383253 0.9904891304347826 0.061996779388083734 0.010869565217391304
17 0.37600644122383253 0.9916213768115942 0.08695652173913043 0.013134057971014492
17 0.6256038647342995 0.9902626811594203 0.1497584541062802 0.011322463768115942
17 0.8747987117552335 0.9918478260869565 0.09742351046698873 0.01358695652173913
8 0.8756038647342995 0.9594655797101449 0.04911433172302738 0.0276268115942029
8 0.6256038647342995 0.9592391304347826 0.0499194847020934 0.028079710144927536
8 0.3752012882447665 0.9590126811594203 0.04830917874396135 0.0276268115942029
8 0.12560386473429952 0.9592391304347826 0.04669887278582931 0.03260869565217391
9 0.5 0.2798913043478261 0.9484702093397746 0.35597826086956524
9 0.500805152979066 0.8249547101449275 0.9484702093397746 0.2160326086956522
20 0.500402576489533 0.011322463768115942 0.999194847020934 0.021739130434782608
