17 0.286231884057971 0.19270833333333334 0.4194847020933977 0.03125
17 0.5056360708534622 0.2538496376811594 0.4025764895330113 0.01947463768115942
17 0.607085346215781 0.311820652173913 0.6103059581320451 0.04574275362318841
17 0.5752818035426731 0.3992300724637681 0.6095008051529791 0.024003623188405796
17 0.5954106280193237 0.45493659420289856 0.6513687600644122 0.04574275362318841
18 0.500402576489533 0.9191576086956522 0.9235104669887279 0.06567028985507246
8 0.107085346215781 0.1272644927536232 0.040257648953301126 0.022644927536231884
9 0.178743961352657 0.28917572463768115 0.12399355877616747 0.057518115942028984
9 0.15780998389694043 0.42617753623188404 0.09500805152979067 0.049818840579710144
20 0.500402576489533 0.011322463768115942 0.999194847020934 0.021739130434782608
