20 0.500402576489533 0.011548913043478262 0.999194847020934 0.022192028985507248
8 0.0571658615136876 0.05480072463768116 0.0322061191626409 0.03351449275362319
17 0.500402576489533 0.060009057971014496 0.18115942028985507 0.025815217391304348
9 0.5068438003220612 0.2139945652173913 0.33735909822866345 0.05570652173913043
17 0.3425925925925926 0.30004528985507245 0.4855072463768116 0.03306159420289855
7 0.49476650563607083 0.3489583333333333 0.7946859903381642 0.04121376811594203
17 0.20330112721417068 0.3489583333333333 0.16505636070853463 0.014945652173913044
7 0.49476650563607083 0.40330615942028986 0.7946859903381642 0.04121376811594203
17 0.20209339774557167 0.40353260869565216 0.16264090177133655 0.014492753623188406
7 0.49476650563607083 0.4576539855072464 0.7946859903381642 0.04121376811594203
17 0.18075684380032206 0.4576539855072464 0.1215780998389694 0.014945652173913044
7 0.49476650563607083 0.5120018115942029 0.7946859903381642 0.04121376811594203
17 0.15982286634460546 0.5120018115942029 0.07809983896940419 0.014945652173913044
7 0.4943639291465378 0.5663496376811594 0.7938808373590982 0.04121376811594203
17 0.1932367149758454 0.5665760869565217 0.14653784219001612 0.014492753623188406
7 0.4915458937198068 0.620697463768116 0.7946859903381642 0.04121376811594203
17 0.2532206119162641 0.6220561594202899 0.2648953301127214 0.017663043478260868
18 0.24194847020933977 0.6838768115942029 0.29066022544283415 0.04800724637681159
5 0.358695652173913 0.7379981884057971 0.5434782608695652 0.034873188405797104
17 0.40217391304347827 0.7395833333333334 0.45652173913043476 0.019021739130434784
