17 0.49557165861513686 0.5627264492753623 0.892914653784219 0.023097826086956524
17 0.1996779388083736 0.5020380434782609 0.3027375201288245 0.030344202898550724
18 0.500805152979066 0.6628170289855072 0.9033816425120773 0.06838768115942029
18 0.500805152979066 0.7416213768115942 0.9033816425120773 0.06838768115942029
17 0.501610305958132 0.8070652173913043 0.02576489533011272 0.009057971014492754
18 0.500805152979066 0.869338768115942 0.9033816425120773 0.06838768115942029
17 0.499597423510467 0.9501811594202899 0.35829307568438 0.016304347826086956
9 0.499597423510467 0.08129528985507246 0.27938808373590984 0.029438405797101448
9 0.500402576489533 0.30095108695652173 0.999194847020934 0.6009963768115942
20 0.500402576489533 0.011322463768115942 0.999194847020934 0.021739130434782608
