17 0.1960547504025765 0.058876811594202896 0.15056360708534622 0.020833333333333332
17 0.16465378421900162 0.11458333333333333 0.04428341384863124 0.017210144927536232
17 0.5152979066022544 0.11684782608695653 0.11916264090177134 0.020833333333333332
17 0.855877616747182 0.11662137681159421 0.14492753623188406 0.021286231884057972
8 0.9001610305958132 0.9703351449275363 0.057971014492753624 0.029438405797101448
8 0.7004830917874396 0.9705615942028986 0.05475040257648953 0.029891304347826088
8 0.3003220611916264 0.970108695652174 0.057971014492753624 0.029891304347826088
8 0.10064412238325282 0.9703351449275363 0.057971014492753624 0.029438405797101448
8 0.500402576489533 0.970108695652174 0.20048309178743962 0.059782608695652176
8 0.427536231884058 0.11480978260869565 0.030595813204508857 0.022192028985507248
9 0.7479871175523349 0.11458333333333333 0.04508856682769726 0.01992753623188406
8 0.9710144927536232 0.17753623188405798 0.020933977455716585 0.008152173913043478
17 0.8752012882447665 0.17753623188405798 0.1529790660225443 0.018115942028985508
9 0.17351046698872785 0.854393115942029 0.3083735909822866 0.1716485507246377
9 0.17351046698872785 0.6048460144927537 0.3083735909822866 0.307518115942029
9 0.8264895330112721 0.2751358695652174 0.3083735909822866 0.129981884057971
9 0.8268921095008052 0.8573369565217391 0.30917874396135264 0.1657608695652174
9 0.8256843800322061 0.6777626811594203 0.30676328502415456 0.17346014492753623
9 0.8272946859903382 0.46557971014492755 0.3083735909822866 0.23097826086956522
9 0.500402576489533 0.8161231884057971 0.3083735909822866 0.24818840579710144
9 0.500402576489533 0.5665760869565217 0.3083735909822866 0.23097826086956522
9 0.500402576489533 0.32518115942028986 0.3083735909822866 0.23097826086956522
9 0.17351046698872785 0.32518115942028986 0.3083735909822866 0.23097826086956522
8 0.2250402576489533 0.17708333333333334 0.020128824476650563 0.008152173913043478
17 0.11312399355877617 0.17595108695652173 0.18276972624798712 0.01585144927536232
8 0.07971014492753623 0.057518115942028984 0.033816425120772944 0.01992753623188406
8 0.9347826086956522 0.05706521739130435 0.03542673107890499 0.026268115942028984
8 0.823268921095008 0.05683876811594203 0.04428341384863124 0.024909420289855072
7 0.39533011272141705 0.057518115942028984 0.7085346215780999 0.041666666666666664
20 0.500402576489533 0.011322463768115942 0.999194847020934 0.021739130434782608
