9 0.9802737520128825 0.8217844202898551 0.039452495974235106 0.15806159420289856
9 0.9802737520128825 0.5552536231884058 0.039452495974235106 0.1585144927536232
9 0.9802737520128825 0.28940217391304346 0.039452495974235106 0.1585144927536232
17 0.10064412238325282 0.9873188405797102 0.07246376811594203 0.01177536231884058
17 0.3007246376811594 0.9870923913043478 0.06843800322061191 0.012228260869565218
17 0.499597423510467 0.9875452898550725 0.07326892109500806 0.012228260869565218
17 0.6992753623188406 0.9873188405797102 0.04428341384863124 0.012681159420289856
17 0.8997584541062802 0.9875452898550725 0.0748792270531401 0.012228260869565218
9 0.8993558776167472 0.9578804347826088 0.07407407407407407 0.030797101449275364
8 0.6988727858293076 0.9565217391304348 0.05958132045088567 0.03351449275362319
9 0.499597423510467 0.9592391304347826 0.05233494363929146 0.036231884057971016
8 0.30112721417069244 0.9615036231884058 0.0644122383252818 0.02355072463768116
8 0.10064412238325282 0.9594655797101449 0.05636070853462158 0.030344202898550724
17 0.19404186795491143 0.10846920289855072 0.30434782608695654 0.03215579710144927
17 0.1280193236714976 0.7103713768115942 0.178743961352657 0.012228260869565218
17 0.07407407407407407 0.4445199275362319 0.06763285024154589 0.010416666666666666
17 0.06602254428341385 0.1777626811594203 0.05152979066022544 0.012228260869565218
17 0.8913043478260869 0.17595108695652173 0.14009661835748793 0.016757246376811596
17 0.8921095008051529 0.4418025362318841 0.13848631239935588 0.016757246376811596
17 0.8921095008051529 0.7085597826086957 0.13848631239935588 0.016757246376811596
9 0.711352657004831 0.8215579710144928 0.4243156199677939 0.1585144927536232
9 0.249597423510467 0.8215579710144928 0.42351046698872785 0.15760869565217392
9 0.25120772946859904 0.5552536231884058 0.42351046698872785 0.1585144927536232
9 0.711755233494364 0.5552536231884058 0.42351046698872785 0.1585144927536232
9 0.711755233494364 0.28940217391304346 0.42351046698872785 0.1585144927536232
9 0.25 0.28940217391304346 0.4243156199677939 0.1585144927536232
20 0.500402576489533 0.011322463768115942 0.999194847020934 0.021739130434782608
