17 0.24758454106280192 0.1838768115942029 0.2971014492753623 0.018115942028985508
17 0.8989533011272142 0.9904891304347826 0.07004830917874397 0.010869565217391304
17 0.6988727858293076 0.9904891304347826 0.10466988727858292 0.010869565217391304
17 0.499194847020934 0.9904891304347826 0.0853462157809984 0.010869565217391304
17 0.30112721417069244 0.9907155797101449 0.07729468599033816 0.010416666666666666
17 0.0998389694041868 0.9918478260869565 0.05958132045088567 0.01358695652173913
8 0.0998389694041868 0.958786231884058 0.0644122383252818 0.026268115942028984
8 0.3007246376811594 0.9581068840579711 0.04750402576489533 0.029438405797101448
9 0.500805152979066 0.9594655797101449 0.05958132045088567 0.03306159420289855
8 0.9001610305958132 0.958786231884058 0.0322061191626409 0.030797101449275364
9 0.6992753623188406 0.9594655797101449 0.05233494363929146 0.029438405797101448
18 0.7250402576489533 0.08718297101449275 0.18438003220611915 0.049365942028985504
9 0.895330112721417 0.08673007246376811 0.10950080515297907 0.06204710144927536
9 0.22061191626409019 0.0912590579710145 0.3252818035426731 0.060235507246376815
8 0.06360708534621579 0.18365036231884058 0.04186795491143317 0.024003623188405796
7 0.500805152979066 0.18365036231884058 0.9516908212560387 0.049365942028985504
18 0.5 0.43931159420289856 0.2673107890499195 0.030797101449275364
17 0.500402576489533 0.3761322463768116 0.6207729468599034 0.06476449275362318
9 0.500402576489533 0.28917572463768115 0.1215780998389694 0.04846014492753623
20 0.500402576489533 0.011322463768115942 0.999194847020934 0.021739130434782608
