9 0.0893071771336554 0.07721271739130435 0.06167373429951692 0.034213363224637694
20 0.5004025768921095 0.010897836730072465 0.9991948462157809 0.020889876358695655
17 0.7296855636070854 0.7125819938858696 0.09014008051529791 0.02088856385869569
17 0.44696452818035426 0.7126684048913043 0.4465025378421899 0.02029689855072465
18 0.5004421578099839 0.6233466879528985 0.8834101304347826 0.06529755525362314
13 0.5008109520933977 0.5543206254528986 0.09422098309178736 0.009554766304347904
17 0.45576571014492756 0.45362487726449274 0.7907693590982287 0.05617459601449269
17 0.4287992069243156 0.27276803442028985 0.7404101884057971 0.20508578170289854
17 0.24140336151368758 0.07852378102355072 0.21401170370370373 0.024004134510869562
9 0.5011488011272142 0.9276849775815218 0.9974466602254427 0.14445490081521745
