17 0.14895330112721417 0.059329710144927536 0.1497584541062802 0.022644927536231884
17 0.500805152979066 0.059782608695652176 0.14009661835748793 0.021739130434782608
17 0.22745571658615138 0.16734601449275363 0.35185185185185186 0.022192028985507248
17 0.2069243156199678 0.22486413043478262 0.31239935587761675 0.018568840579710144
17 0.48792270531400966 0.2966485507246377 0.8760064412238325 0.057971014492753624
17 0.26288244766505636 0.38745471014492755 0.44847020933977455 0.014039855072463768
17 0.2914653784219002 0.4384057971014493 0.2914653784219002 0.022644927536231884
17 0.5511272141706924 0.5194746376811594 0.8091787439613527 0.07427536231884058
17 0.1823671497584541 0.6508152173913043 0.2616747181964573 0.022644927536231884
17 0.20209339774557167 0.813858695652174 0.3252818035426731 0.022644927536231884
17 0.1111111111111111 0.84375 0.14492753623188406 0.01992753623188406
17 0.9223027375201288 0.8265398550724637 0.08293075684380032 0.018115942028985508
17 0.1566022544283414 0.9014945652173914 0.2359098228663446 0.014039855072463768
9 0.5104669887278583 0.954483695652174 0.9500805152979066 0.09103260869565218
18 0.26851851851851855 0.7615489130434783 0.46296296296296297 0.04121376811594203
18 0.7322866344605475 0.7615489130434783 0.464573268921095 0.04121376811594203
8 0.9404186795491143 0.6469655797101449 0.020933977455716585 0.020380434782608696
9 0.07206119162640902 0.4336503623188406 0.071658615136876 0.04030797101449275
8 0.9404186795491143 0.43319746376811596 0.01932367149758454 0.017663043478260868
8 0.04669887278582931 0.057744565217391304 0.030595813204508857 0.029438405797101448
16 0.8900966183574879 0.16417572463768115 0.1247987117552335 0.04302536231884058
16 0.8900966183574879 0.2235054347826087 0.1247987117552335 0.04302536231884058
20 0.500402576489533 0.011322463768115942 0.999194847020934 0.021739130434782608
