20 0.5136760152979066 0.025478849702380953 0.868249152979066 0.013966716517857141
17 0.5745941996779388 0.8534788857886905 0.09735893719806764 0.01582127529761902
17 0.730093791867955 0.8237099875372023 0.4081526062801933 0.03215617224702393
17 0.07479838446054751 0.8534950074404762 0.09678004267310789 0.01576977678571435
17 0.2522159267310789 0.8237945013020833 0.4530407954911433 0.03225054055059522
8 0.9107252234299518 0.6048812639508928 0.06135242109500804 0.02809647135416663
8 0.4113470128824476 0.6049743606770833 0.06122831078904989 0.028358867931547592
17 0.5743421473429952 0.49981035509672617 0.09706820933977456 0.015716007812500012
17 0.7405524504830918 0.4685489564732142 0.4323783051529791 0.029219309523809533
17 0.08084182165861513 0.49982173102678573 0.10886036312399355 0.01574439062500004
17 0.25099945008051533 0.4685513632812499 0.45089571980676324 0.029203596354166635
8 0.9103229420289856 0.2512582144717262 0.06056535265700484 0.028149150669642835
8 0.41123085225442835 0.2511802628348214 0.05837565458937199 0.028145426711309516
17 0.8966158317230274 0.07398342503720237 0.1073767616747182 0.014294204241071428
17 0.5000699174718196 0.07624146484375 0.5243339847020935 0.017303716889880954
8 0.07804401288244767 0.07363936160714285 0.026040647342995167 0.020995758928571428
17 0.19347536714975844 0.1238252152157738 0.18602564090177134 0.01266660007440476
17 0.47908117069243156 0.12417992522321428 0.1636572447665056 0.01212043973214286
17 0.7574420873590981 0.12573712202380954 0.19120550161030592 0.016490391369047612
8 0.8829226775362318 0.12445580970982142 0.01551767230273746 0.014816613467261892
9 0.7537779879227052 0.6879965011160714 0.45876166022544274 0.21505419419642854
9 0.25422193035426727 0.6879873275669642 0.45862211996779384 0.21495573846726196
9 0.7538002983091788 0.3343260401785714 0.4587465241545894 0.21504797247023807
9 0.2532206119162641 0.33426339285714285 0.3438003220611916 0.21242559523809523
17 0.8993236400966184 0.9547947020089285 0.13847019323671503 0.01164490848214277
17 0.6991164842995169 0.9533438456101191 0.09021792190016102 0.009396235119047566
17 0.499963904589372 0.9535145531994047 0.05239966425120771 0.008994692708333286
17 0.3006171260064412 0.9545918874627976 0.06018810869565216 0.011994407366071496
17 0.10091555555555555 0.9535189583333334 0.06859930112721417 0.008998053571428582
8 0.8978175656199677 0.9295139311755951 0.045232554750402526 0.015389941964285706
8 0.6991626537842189 0.9294999895833331 0.04691878582930759 0.021244139880952417
8 0.49797677334943646 0.9300935837053572 0.054896012077294665 0.022409529761904794
8 0.30015104468599035 0.9287412734375 0.06797488325281803 0.019749595982142848
8 0.09986054307568437 0.9300894056919642 0.0515729380032206 0.022381192336309495
