17 0.501207729468599 0.12952898550724637 0.5933977455716586 0.043478260869565216
17 0.500402576489533 0.27468297101449274 0.3276972624798712 0.024003623188405796
17 0.5024154589371981 0.3100090579710145 0.6312399355877617 0.023097826086956524
17 0.49557165861513686 0.485054347826087 0.427536231884058 0.026268115942028984
17 0.501610305958132 0.5228713768115942 0.6859903381642513 0.022192028985507248
17 0.500805152979066 0.6951992753623188 0.2431561996779388 0.020833333333333332
17 0.501207729468599 0.7359601449275363 0.4323671497584541 0.022644927536231884
17 0.501207729468599 0.9039855072463768 0.2971014492753623 0.014492753623188406
17 0.499194847020934 0.9465579710144928 0.0998389694041868 0.017210144927536232
18 0.500402576489533 0.8403532608695652 0.7624798711755233 0.06204710144927536
8 0.5032206119162641 0.6471920289855072 0.09822866344605476 0.041666666666666664
9 0.5020128824476651 0.4433876811594203 0.12318840579710146 0.03894927536231884
8 0.501610305958132 0.22509057971014493 0.08373590982286634 0.042572463768115944
20 0.500402576489533 0.011322463768115942 0.999194847020934 0.021739130434782608
