17 0.500805152979066 0.059556159420289856 0.10305958132045089 0.021286231884057972
17 0.14895330112721417 0.059329710144927536 0.1497584541062802 0.022644927536231884
17 0.24235104669887278 0.11933876811594203 0.3864734299516908 0.014039855072463768
17 0.23470209339774556 0.16893115942028986 0.1537842190016103 0.018115942028985508
17 0.7975040257648953 0.17119565217391305 0.2181964573268921 0.022644927536231884
17 0.27334943639291465 0.2235054347826087 0.23429951690821255 0.018568840579710144
17 0.37278582930756843 0.25226449275362317 0.4331723027375201 0.016304347826086956
17 0.27294685990338163 0.3004981884057971 0.2286634460547504 0.018568840579710144
17 0.21175523349436393 0.3283514492753623 0.10789049919484701 0.012681159420289856
17 0.3856682769726248 0.3858695652173913 0.4557165861513688 0.022644927536231884
17 0.27294685990338163 0.443161231884058 0.2318840579710145 0.018568840579710144
17 0.42069243156199676 0.504302536231884 0.7415458937198067 0.035778985507246376
17 0.3244766505636071 0.5772192028985508 0.5475040257648953 0.014039855072463768
17 0.1143317230273752 0.6295289855072463 0.12560386473429952 0.022644927536231884
17 0.1215780998389694 0.688858695652174 0.14170692431561996 0.022644927536231884
17 0.11231884057971014 0.7468297101449275 0.12318840579710146 0.018115942028985508
17 0.4778582930756844 0.8091032608695652 0.855877616747182 0.03940217391304348
17 0.23792270531400966 0.8953804347826088 0.3711755233494364 0.022644927536231884
17 0.11191626409017713 0.9526721014492754 0.12399355877616747 0.018568840579710144
8 0.04669887278582931 0.057744565217391304 0.030595813204508857 0.029438405797101448
8 0.9424315619967794 0.16779891304347827 0.020128824476650563 0.018568840579710144
8 0.9424315619967794 0.23731884057971014 0.020128824476650563 0.018115942028985508
8 0.9424315619967794 0.31476449275362317 0.020128824476650563 0.018115942028985508
16 0.8904991948470209 0.38269927536231885 0.12399355877616747 0.042572463768115944
16 0.8900966183574879 0.442481884057971 0.1247987117552335 0.042572463768115944
8 0.08454106280193237 0.1682518115942029 0.07085346215780998 0.04030797101449275
9 0.08454106280193237 0.23641304347826086 0.07085346215780998 0.03985507246376812
9 0.08454106280193237 0.3134057971014493 0.07085346215780998 0.03985507246376812
8 0.08373590982286634 0.38269927536231885 0.07085346215780998 0.03985507246376812
9 0.08373590982286634 0.442481884057971 0.07085346215780998 0.03985507246376812
8 0.9331723027375202 0.6270380434782609 0.0322061191626409 0.014039855072463768
8 0.9424315619967794 0.891983695652174 0.020128824476650563 0.018568840579710144
8 0.9424315619967794 0.951766304347826 0.020128824476650563 0.018568840579710144
20 0.500402576489533 0.011322463768115942 0.999194847020934 0.021739130434782608
