17 0.09863123993558776 0.057744565217391304 0.09420289855072464 0.017663043478260868
17 0.4975845410628019 0.1308876811594203 0.2608695652173913 0.017210144927536232
17 0.501610305958132 0.2160326086956522 0.8599033816425121 0.050724637681159424
17 0.4605475040257649 0.31521739130434784 0.2785829307568438 0.017210144927536232
17 0.4307568438003221 0.3485054347826087 0.21578099838969403 0.01947463768115942
17 0.43397745571658614 0.38247282608695654 0.2222222222222222 0.01947463768115942
17 0.4613526570048309 0.49320652173913043 0.27697262479871176 0.017210144927536232
17 0.42069243156199676 0.5264945652173914 0.1956521739130435 0.01947463768115942
17 0.43397745571658614 0.5604619565217391 0.2222222222222222 0.01947463768115942
17 0.4609500805152979 0.6711956521739131 0.2777777777777778 0.017210144927536232
17 0.42069243156199676 0.704483695652174 0.1956521739130435 0.01947463768115942
17 0.43397745571658614 0.7384510869565217 0.2222222222222222 0.01947463768115942
17 0.4690016103059581 0.8487318840579711 0.2938808373590982 0.017210144927536232
17 0.42069243156199676 0.8824728260869565 0.1956521739130435 0.01947463768115942
17 0.4444444444444444 0.9159873188405797 0.24154589371980675 0.01947463768115942
8 0.042270531400966184 0.13066123188405798 0.02818035426731079 0.023097826086956524
8 0.6400966183574879 0.31657608695652173 0.024154589371980676 0.019021739130434784
8 0.6404991948470209 0.494338768115942 0.023349436392914653 0.01947463768115942
8 0.6404991948470209 0.6725543478260869 0.023349436392914653 0.019021739130434784
8 0.6566022544283414 0.8503170289855072 0.023349436392914653 0.01947463768115942
8 0.8433977455716586 0.9116847826086957 0.19404186795491143 0.10960144927536232
8 0.0607890499194847 0.890625 0.11674718196457327 0.06476449275362318
9 0.16264090177133655 0.8897192028985508 0.24154589371980675 0.14175724637681159
9 0.16223832528180354 0.7117300724637681 0.24235104669887278 0.14175724637681159
9 0.16223832528180354 0.5337409420289855 0.24235104669887278 0.14175724637681159
9 0.16264090177133655 0.35597826086956524 0.24154589371980675 0.14130434782608695
20 0.500402576489533 0.011322463768115942 0.999194847020934 0.021739130434782608
