17 0.37077294685990336 0.07472826086956522 0.3743961352657005 0.019021739130434784
8 0.12238325281803543 0.07382246376811594 0.02254428341384863 0.022644927536231884
18 0.3148148148148148 0.14696557971014493 0.16908212560386474 0.043931159420289856
18 0.1316425120772947 0.14696557971014493 0.15056360708534622 0.043931159420289856
17 0.1972624798711755 0.3763586956521739 0.2753623188405797 0.010869565217391304
17 0.18156199677938809 0.4114583333333333 0.24396135265700483 0.03940217391304348
17 0.5837359098228664 0.3763586956521739 0.13848631239935588 0.010869565217391304
17 0.6727053140096618 0.4114583333333333 0.3115942028985507 0.03940217391304348
17 0.5990338164251208 0.45153985507246375 0.16586151368760063 0.020833333333333332
17 0.13486312399355876 0.4517663043478261 0.14895330112721417 0.020380434782608696
17 0.23510466988727857 0.47531702898550726 0.2946859903381642 0.016757246376811596
17 0.6847826086956522 0.47509057971014496 0.2826086956521739 0.017210144927536232
17 0.1473429951690821 0.6938405797101449 0.17713365539452497 0.010869565217391304
17 0.6896135265700483 0.6940670289855072 0.34863123993558776 0.010416666666666666
17 0.19847020933977455 0.729393115942029 0.27938808373590984 0.03940217391304348
17 0.6988727858293076 0.7323369565217391 0.36553945249597425 0.04619565217391305
17 0.6932367149758454 0.7687952898550725 0.29790660225442833 0.016757246376811596
17 0.13647342995169082 0.7697010869565217 0.15217391304347827 0.020380434782608696
17 0.23671497584541062 0.7930253623188406 0.29790660225442833 0.017210144927536232
17 0.10064412238325282 0.9814311594202899 0.10466988727858292 0.010869565217391304
17 0.2999194847020934 0.9816576086956522 0.07809983896940419 0.010416666666666666
17 0.500402576489533 0.9814311594202899 0.06521739130434782 0.010869565217391304
17 0.7004830917874396 0.9814311594202899 0.07407407407407407 0.010869565217391304
17 0.8997584541062802 0.9814311594202899 0.09420289855072464 0.010869565217391304
8 0.10104669887278583 0.9504076086956522 0.050724637681159424 0.03125
8 0.3007246376811594 0.9506340579710145 0.05877616747181964 0.028985507246376812
9 0.500402576489533 0.9497282608695652 0.05233494363929146 0.03170289855072464
8 0.7000805152979066 0.9497282608695652 0.05394524959742351 0.029891304347826088
8 0.9001610305958132 0.9497282608695652 0.05958132045088567 0.03351449275362319
18 0.5 0.8679800724637682 0.8840579710144928 0.06567028985507246
8 0.5265700483091788 0.7678894927536232 0.02254428341384863 0.012228260869565218
8 0.07004830917874397 0.7923460144927537 0.02254428341384863 0.012228260869565218
8 0.5261674718196457 0.474411231884058 0.023349436392914653 0.012228260869565218
8 0.07004830917874397 0.474411231884058 0.02254428341384863 0.012228260869565218
9 0.2721417069243156 0.2801177536231884 0.428341384863124 0.16077898550724637
9 0.7286634460547504 0.2801177536231884 0.428341384863124 0.16077898550724637
9 0.2721417069243156 0.598052536231884 0.428341384863124 0.16077898550724637
9 0.7282608695652174 0.598052536231884 0.427536231884058 0.16077898550724637
7 0.500402576489533 0.07359601449275363 0.8864734299516909 0.06567028985507246
20 0.500402576489533 0.011322463768115942 0.999194847020934 0.021739130434782608
