17 0.14935587761674718 0.25792572463768115 0.1457326892109501 0.01585144927536232
17 0.1823671497584541 0.19270833333333334 0.21175523349436393 0.01585144927536232
9 0.38687600644122383 0.058423913043478264 0.02818035426731079 0.021739130434782608
17 0.894927536231884 0.25792572463768115 0.06521739130434782 0.012228260869565218
17 0.8385668276972624 0.32608695652173914 0.2037037037037037 0.014492753623188406
18 0.500402576489533 0.38224637681159424 0.9041867954911433 0.06068840579710145
17 0.500805152979066 0.49569746376811596 0.2914653784219002 0.01585144927536232
17 0.499194847020934 0.1286231884057971 0.2673107890499195 0.018115942028985508
8 0.04428341384863124 0.058423913043478264 0.02576489533011272 0.02717391304347826
17 0.5177133655394525 0.05706521739130435 0.21900161030595813 0.024456521739130436
17 0.9134460547504025 0.059556159420289856 0.07326892109500806 0.022192028985507248
7 0.500402576489533 0.192481884057971 0.9025764895330113 0.05434782608695652
7 0.500402576489533 0.25769927536231885 0.9025764895330113 0.05434782608695652
20 0.500402576489533 0.011322463768115942 0.999194847020934 0.021739130434782608
