17 0.13405797101449277 0.3333333333333333 0.11352657004830918 0.016304347826086956
17 0.1111111111111111 0.25792572463768115 0.0644122383252818 0.01585144927536232
17 0.6292270531400966 0.5776721014492754 0.09742351046698873 0.022192028985507248
17 0.4355877616747182 0.5756340579710145 0.2689210950080515 0.015398550724637682
17 0.500402576489533 0.5201539855072463 0.22946859903381642 0.021286231884057972
18 0.500402576489533 0.45471014492753625 0.604669887278583 0.06159420289855073
7 0.5 0.333106884057971 0.9146537842190016 0.07472826086956522
7 0.5 0.25656702898550726 0.9146537842190016 0.07382246376811594
9 0.5024154589371981 0.145606884057971 0.3027375201288245 0.021286231884057972
8 0.10829307568438003 0.04664855072463768 0.05394524959742351 0.022644927536231884
17 0.5 0.05593297101449275 0.1288244766505636 0.030344202898550724
17 0.10789049919484701 0.07155797101449275 0.06602254428341385 0.014492753623188406
20 0.500402576489533 0.011322463768115942 0.999194847020934 0.021739130434782608
