17 0.1316 0.26421480144404336 0.0952 0.013989169675090254
17 0.15360000000000001 0.40546028880866425 0.1408 0.013989169675090254
7 0.5004000000000001 0.40433212996389895 0.8968 0.05956678700361011
7 0.5012 0.2648916967509025 0.8984000000000001 0.05956678700361011
17 0.4708 0.12229241877256318 0.8360000000000001 0.0388086642599278
17 0.10200000000000001 0.1983303249097473 0.0952 0.013989169675090254
17 0.12480000000000001 0.33754512635379064 0.1408 0.01444043321299639
17 0.63 0.5913808664259927 0.2696 0.01759927797833935
17 0.2948 0.5916064981949458 0.1192 0.017148014440433214
17 0.11800000000000001 0.6538808664259929 0.13040000000000002 0.017148014440433214
17 0.1468 0.717057761732852 0.188 0.01444043321299639
18 0.5004000000000001 0.4828519855595668 0.8968 0.05956678700361011
8 0.12840000000000001 0.9648014440433214 0.0728 0.025270758122743684
9 0.3768 0.963673285198556 0.0736 0.02572202166064982
8 0.6256 0.9620938628158845 0.054400000000000004 0.03068592057761733
8 0.8728 0.9627707581227437 0.04 0.029332129963898917
20 0.5004000000000001 0.01128158844765343 0.9992000000000001 0.021660649819494587
