17 0.7946859903381642 0.030344202898550724 0.31239935587761675 0.018115942028985508
17 0.4806763285024155 0.13269927536231885 0.8373590982286634 0.0661231884057971
17 0.4694041867954911 0.31068840579710144 0.821256038647343 0.07336956521739131
17 0.45933977455716585 0.41417572463768115 0.8011272141706924 0.06929347826086957
17 0.48752012882447665 0.6175271739130435 0.857487922705314 0.07291666666666667
17 0.8377616747181964 0.7633605072463768 0.1682769726247987 0.017663043478260868
17 0.1747181964573269 0.7617753623188406 0.19001610305958133 0.019021739130434784
18 0.500402576489533 0.870697463768116 0.9041867954911433 0.0756340579710145
17 0.499597423510467 0.9549365942028986 0.20531400966183574 0.01585144927536232
9 0.21457326892109502 0.514266304347826 0.07326892109500806 0.07019927536231885
9 0.357890499194847 0.514266304347826 0.07326892109500806 0.07019927536231885
9 0.5 0.5144927536231884 0.07246376811594203 0.06974637681159421
9 0.643317230273752 0.5147192028985508 0.07246376811594203 0.07019927536231885
9 0.7862318840579711 0.5147192028985508 0.07326892109500806 0.07019927536231885
8 0.07689210950080515 0.030344202898550724 0.0426731078904992 0.024456521739130436
