17 0.1252012882447665 0.23754528985507248 0.16666666666666666 0.016757246376811596
7 0.500402576489533 0.24207427536231885 0.9235104669887279 0.036684782608695655
17 0.500402576489533 0.058197463768115944 0.3244766505636071 0.016757246376811596
17 0.3333333333333333 0.12681159420289856 0.5829307568438004 0.028985507246376812
17 0.892512077294686 0.23233695652173914 0.09581320450885668 0.017210144927536232
17 0.3466183574879227 0.2814764492753623 0.6095008051529791 0.014945652173913044
17 0.500402576489533 0.45606884057971014 0.8365539452495975 0.042572463768115944
18 0.500805152979066 0.35711050724637683 0.428341384863124 0.06204710144927536
8 0.0426731078904992 0.059103260869565216 0.02576489533011272 0.025815217391304348
20 0.500402576489533 0.011322463768115942 0.999194847020934 0.021739130434782608
