20 0.5144927536231884 0.025483630952380952 0.8663446054750402 0.013764880952380952
17 0.5743437443639291 0.8397047406994047 0.09679738405797102 0.01573353720238099
17 0.7388327532206118 0.8099723997395833 0.42732644202898556 0.03207197656249996
17 0.0748792270531401 0.839657738095238 0.0966183574879227 0.015625
17 0.25098085305958134 0.8084707260044641 0.4491794049919484 0.029143832961309558
8 0.9106019738325283 0.5910898390997024 0.05997151288244772 0.027990613467261838
8 0.4110305958132045 0.5913318452380952 0.05877616747181964 0.027157738095238092
17 0.581182900563607 0.4860202699032738 0.11066411030595807 0.015743074032738117
17 0.7522736578099839 0.4547981080729166 0.4539770837359099 0.029109954985119098
17 0.07476828582930757 0.48604651860119047 0.0966301304347826 0.01570356473214286
17 0.2514336618357488 0.4547773314732143 0.4515085523349437 0.029060500000000017
8 0.9111252934782609 0.2371506690848214 0.05896556280193228 0.027186757068452368
8 0.41087018196457326 0.23740512983630951 0.06074769565217392 0.028228418898809504
17 0.8962305040257648 0.07397806938244048 0.10651843639291472 0.014165418526785708
17 0.5000413780193237 0.07621838076636904 0.524169921900161 0.01720609561011905
8 0.07799906280193236 0.07362962909226191 0.026102719806763285 0.021018516369047627
17 0.19354170974235105 0.12385547730654763 0.1861982793880837 0.012709640625000006
17 0.47899967995169074 0.12418305877976192 0.16365048872785826 0.012026116815476199
17 0.7574682556360708 0.12563372786458332 0.19126501368760057 0.016355173735119057
8 0.8828475877616746 0.12444467764136904 0.015638563607085335 0.014710585193452384
9 0.7537986767310789 0.6742150671502977 0.45885080595813205 0.21502662834821437
9 0.25424853904991945 0.6742219469866071 0.45870994122383246 0.21501087016369042
9 0.7538205450885669 0.32057724665178566 0.4587019033816425 0.21500962127976186
9 0.25421911070853465 0.32057067336309525 0.45873705233494366 0.21498689211309527
17 0.8994437447665058 0.9547962460937499 0.13858066666666663 0.011579513764880898
17 0.6990316151368761 0.9533109665178571 0.09042589371980682 0.00936935044642864
17 0.5000174702093397 0.9535075141369047 0.05246728502415456 0.009025301339285701
17 0.3007742101449275 0.9546271277901786 0.05996195491143315 0.01195735007440475
17 0.10093210466988728 0.9535054252232142 0.06841071658615137 0.008966809523809412
8 0.8978172214170691 0.9295304614955356 0.04518056199677926 0.015346527157738198
8 0.6991380821256039 0.929534866815476 0.04683671819645741 0.02127102455357151
8 0.49797122020933976 0.9300687881324405 0.05489876409017721 0.022418067336309612
8 0.3000931179549114 0.9287936800595238 0.06780531642512078 0.0198269799107143
8 0.09971135547504027 0.9300888606770832 0.05172118276972625 0.0223951796875001
