8 0.9001610305958132 0.9664855072463768 0.04508856682769726 0.028985507246376812
8 0.7000805152979066 0.9671648550724637 0.04911433172302738 0.030344202898550724
8 0.5 0.9669384057971014 0.05475040257648953 0.028079710144927536
8 0.30112721417069244 0.9678442028985508 0.05475040257648953 0.02717391304347826
8 0.10024154589371981 0.9671648550724637 0.04911433172302738 0.0276268115942029
17 0.1139291465378422 0.786911231884058 0.107085346215781 0.021286231884057972
17 0.15136876006441224 0.48596014492753625 0.18357487922705315 0.026268115942028984
17 0.1288244766505636 0.1791213768115942 0.13848631239935588 0.021286231884057972
17 0.500402576489533 0.059782608695652176 0.09259259259259259 0.020833333333333332
9 0.500402576489533 0.7850996376811594 0.999194847020934 0.2966485507246377
9 0.5 0.48233695652173914 0.998389694041868 0.29891304347826086
9 0.500402576489533 0.20742753623188406 0.999194847020934 0.24094202898550726
20 0.500402576489533 0.011322463768115942 0.999194847020934 0.021739130434782608
