8 0.046296296296296294 0.057744565217391304 0.03140096618357488 0.029438405797101448
17 0.14170692431561996 0.05706521739130435 0.1288244766505636 0.019021739130434784
17 0.501610305958132 0.059556159420289856 0.13043478260869565 0.022192028985507248
17 0.499194847020934 0.3256340579710145 0.35426731078904994 0.028079710144927536
17 0.5 0.4048913043478261 0.8405797101449275 0.05253623188405797
17 0.501207729468599 0.5828804347826086 0.029790660225442835 0.010869565217391304
9 0.5 0.182518115942029 0.2431561996779388 0.13677536231884058
18 0.500402576489533 0.519927536231884 0.855877616747182 0.0552536231884058
18 0.500402576489533 0.6428894927536232 0.855877616747182 0.05570652173913043
20 0.500402576489533 0.011322463768115942 0.999194847020934 0.021739130434782608
