17 0.13687600644122383 0.3183876811594203 0.17391304347826086 0.021739130434782608
17 0.1320450885668277 0.3820199275362319 0.16264090177133655 0.017663043478260868
17 0.07648953301127215 0.4472373188405797 0.05475040257648953 0.017663043478260868
17 0.11312399355877617 0.5135869565217391 0.1247987117552335 0.020833333333333332
17 0.1574074074074074 0.5774456521739131 0.21658615136876005 0.018115942028985508
17 0.13285024154589373 0.6444746376811594 0.1642512077294686 0.021739130434782608
17 0.13365539452495975 0.7096920289855072 0.16747181964573268 0.021739130434782608
17 0.20088566827697263 0.7749094202898551 0.30193236714975846 0.021739130434782608
17 0.10990338164251208 0.838088768115942 0.11835748792270531 0.017663043478260868
17 0.09782608695652174 0.9035326086956522 0.09420289855072464 0.018115942028985508
17 0.1139291465378422 0.9705615942028986 0.1280193236714976 0.021739130434782608
8 0.9404186795491143 0.9689764492753623 0.020933977455716585 0.01947463768115942
8 0.9404186795491143 0.9042119565217391 0.020933977455716585 0.01947463768115942
8 0.9408212560386473 0.8389945652173914 0.020128824476650563 0.01947463768115942
8 0.9404186795491143 0.7735507246376812 0.020933977455716585 0.01992753623188406
8 0.9404186795491143 0.7083333333333334 0.020933977455716585 0.01992753623188406
8 0.9408212560386473 0.6433423913043478 0.020128824476650563 0.01947463768115942
8 0.9404186795491143 0.5778985507246377 0.020933977455716585 0.01992753623188406
8 0.9404186795491143 0.5126811594202899 0.020933977455716585 0.01992753623188406
8 0.9404186795491143 0.447463768115942 0.020933977455716585 0.01992753623188406
8 0.9404186795491143 0.38224637681159424 0.020933977455716585 0.01992753623188406
8 0.9404186795491143 0.3170289855072464 0.020933977455716585 0.01992753623188406
8 0.0644122383252818 0.05706521739130435 0.028985507246376812 0.028985507246376812
17 0.2636876006441224 0.18614130434782608 0.08454106280193237 0.01358695652173913
9 0.7330917874396136 0.18229166666666666 0.46296296296296297 0.13632246376811594
20 0.500402576489533 0.011322463768115942 0.999194847020934 0.021739130434782608
