17 0.15484593639291463 0.30213737477355074 0.17191477455716586 0.01786959012681159
17 0.11535641787439614 0.2016948894927536 0.0928764959742351 0.017813005434782613
18 0.500192477858293 0.9116976363224638 0.9029966867954913 0.06824299909420292
17 0.500805152979066 0.453804347826087 0.04186795491143317 0.012681159420289856
17 0.5010983381642511 0.3904224476902174 0.2641461996779388 0.016906655344202885
8 0.9010230905797101 0.3035400362318841 0.05847855958132061 0.017847393115942047
7 0.5004566058776168 0.30330369089673914 0.9034072520128825 0.0682285973731884
7 0.5003494456521739 0.20283386662137684 0.9030495515297907 0.06830674320652176
17 0.17815491022544283 0.12368805502717392 0.25372020209339774 0.043571762228260875
17 0.11897927133655395 0.057300961730072465 0.08716993558776168 0.017851387228260872
8 0.046373788244766505 0.057536857789855074 0.029945644122383257 0.029022990942028985
17 0.8520936336553945 0.9701740982789855 0.1953305845410628 0.013717761775362316
17 0.15352959541062802 0.9714173025362319 0.20494522463768117 0.017422220108695798
18 0.5003513220611917 0.6346415366847826 0.9031751417069243 0.06819611684782606
18 0.5003485289855073 0.5341848842844203 0.9032182737520129 0.0682243682065218
