17 0.6364734299516909 0.5344202898550725 0.19404186795491143 0.017210144927536232
17 0.12640901771336555 0.6480978260869565 0.1723027375201288 0.018115942028985508
17 0.08735909822866345 0.5926177536231884 0.09420289855072464 0.018568840579710144
17 0.13768115942028986 0.5339673913043478 0.1964573268921095 0.018115942028985508
7 0.5181159420289855 0.6580615942028986 0.9637681159420289 0.03804347826086957
7 0.7693236714975845 0.5450634057971014 0.4613526570048309 0.03940217391304348
7 0.5181159420289855 0.603713768115942 0.9637681159420289 0.04076086956521739
17 0.11231884057971014 0.057518115942028984 0.12318840579710146 0.018115942028985508
9 0.4528985507246377 0.06091485507246377 0.22624798711755234 0.04302536231884058
17 0.9017713365539453 0.057744565217391304 0.09822866344605476 0.017663043478260868
17 0.500402576489533 0.4526721014492754 0.8913043478260869 0.06385869565217392
17 0.5483091787439613 0.7296195652173914 0.4863123993558776 0.022644927536231884
17 0.500805152979066 0.7993659420289855 0.030595813204508857 0.010869565217391304
17 0.5527375201288245 0.8704710144927537 0.4227053140096618 0.022644927536231884
17 0.500402576489533 0.9370471014492754 0.5837359098228664 0.017210144927536232
8 0.27012882447665054 0.8684329710144928 0.06682769726247988 0.03759057971014493
9 0.23832528180354268 0.7269021739130435 0.05958132045088567 0.03713768115942029
9 0.6243961352657005 0.05593297101449275 0.0748792270531401 0.04664855072463768
9 0.5 0.21354166666666666 0.8711755233494364 0.21331521739130435
18 0.27697262479871176 0.3759057971014493 0.44605475040257647 0.05615942028985507
18 0.7238325281803543 0.3759057971014493 0.4476650563607085 0.05615942028985507
7 0.2560386473429952 0.5446105072463768 0.4396135265700483 0.04030797101449275
20 0.500402576489533 0.011322463768115942 0.999194847020934 0.021739130434782608
