17 0.20813204508856684 0.6338315217391305 0.050724637681159424 0.014039855072463768
18 0.7677133655394525 0.14470108695652173 0.21497584541062803 0.060235507246376815
18 0.5595813204508857 0.14470108695652173 0.14492753623188406 0.060235507246376815
18 0.36272141706924316 0.14470108695652173 0.19243156199677938 0.060235507246376815
18 0.13848631239935588 0.1442481884057971 0.1996779388083736 0.060235507246376815
20 0.500402576489533 0.011096014492753624 0.999194847020934 0.021286231884057972
17 0.501207729468599 0.058876811594202896 0.45491143317230276 0.022644927536231884
17 0.33373590982286633 0.5745018115942029 0.5869565217391305 0.011322463768115942
17 0.3860708534621578 0.6032608695652174 0.6900161030595813 0.022644927536231884
8 0.10587761674718196 0.6340579710144928 0.13285024154589373 0.015398550724637682
17 0.14251207729468598 0.6628170289855072 0.20611916264090177 0.01585144927536232
17 0.16666666666666666 0.9909420289855072 0.08695652173913043 0.01358695652173913
17 0.5 0.9907155797101449 0.10789049919484701 0.014039855072463768
17 0.8325281803542673 0.9893568840579711 0.07568438003220612 0.011322463768115942
8 0.04669887278582931 0.057518115942028984 0.030595813204508857 0.029891304347826088
8 0.926731078904992 0.05570652173913043 0.04508856682769726 0.024456521739130436
8 0.16666666666666666 0.9592391304347826 0.0499194847020934 0.028079710144927536
9 0.499194847020934 0.9592391304347826 0.05475040257648953 0.030797101449275364
8 0.8325281803542673 0.9592391304347826 0.05475040257648953 0.030797101449275364
9 0.500805152979066 0.3738677536231884 0.9227053140096618 0.36367753623188404
9 0.5 0.8220108695652174 0.9227053140096618 0.22192028985507248
