17 0.36553945249597425 0.0649909420289855 0.28019323671497587 0.014945652173913044
17 0.16304347826086957 0.1358695652173913 0.1360708534621578 0.018115942028985508
17 0.8369565217391305 0.13428442028985507 0.1457326892109501 0.014945652173913044
17 0.19363929146537842 0.8781702898550725 0.30676328502415456 0.01358695652173913
17 0.7206119162640902 0.9082880434782609 0.40096618357487923 0.01585144927536232
17 0.5446859903381642 0.5194746376811594 0.04589371980676329 0.012681159420289856
17 0.499194847020934 0.1358695652173913 0.20450885668276972 0.018115942028985508
8 0.19202898550724637 0.06589673913043478 0.036231884057971016 0.020380434782608696
8 0.5318035426731079 0.5486865942028986 0.018518518518518517 0.014945652173913044
8 0.05152979066022544 0.5484601449275363 0.017713365539452495 0.014492753623188406
8 0.6859903381642513 0.5491394927536232 0.024154589371980676 0.014039855072463768
8 0.20611916264090177 0.5489130434782609 0.024154589371980676 0.01358695652173913
17 0.10748792270531402 0.5489130434782609 0.071658615136876 0.010869565217391304
17 0.26529790660225444 0.5493659420289855 0.0748792270531401 0.010869565217391304
17 0.7451690821256038 0.5493659420289855 0.0748792270531401 0.010869565217391304
17 0.5929951690821256 0.5491394927536232 0.08454106280193237 0.011322463768115942
17 0.7274557165861514 0.49569746376811596 0.4114331723027375 0.01585144927536232
17 0.08856682769726248 0.5181159420289855 0.0966183574879227 0.016304347826086956
17 0.24516908212560387 0.49569746376811596 0.40660225442834136 0.01585144927536232
17 0.18397745571658616 0.46535326086956524 0.285829307568438 0.013134057971014492
17 0.6835748792270532 0.46535326086956524 0.3252818035426731 0.014039855072463768
17 0.6413043478260869 0.8781702898550725 0.24074074074074073 0.01358695652173913
17 0.22302737520128824 0.9082880434782609 0.36231884057971014 0.01585144927536232
17 0.10104669887278583 0.9911684782608696 0.07004830917874397 0.013134057971014492
17 0.30152979066022545 0.9911684782608696 0.07971014492753623 0.013134057971014492
17 0.500402576489533 0.9898097826086957 0.10064412238325282 0.010416666666666666
17 0.6984702093397746 0.9895833333333334 0.12318840579710146 0.010869565217391304
17 0.8997584541062802 0.9898097826086957 0.03462157809983897 0.010416666666666666
8 0.6988727858293076 0.9596920289855072 0.057971014492753624 0.02717391304347826
9 0.3003220611916264 0.9599184782608696 0.03864734299516908 0.028532608695652176
8 0.10064412238325282 0.9596920289855072 0.057971014492753624 0.02717391304347826
9 0.2604669887278583 0.3163496376811594 0.4420289855072464 0.24864130434782608
9 0.7403381642512077 0.3163496376811594 0.4420289855072464 0.24864130434782608
9 0.7403381642512077 0.7289402173913043 0.4420289855072464 0.24864130434782608
9 0.2604669887278583 0.7289402173913043 0.4420289855072464 0.24864130434782608
8 0.8993558776167472 0.9596920289855072 0.057971014492753624 0.03260869565217391
8 0.499597423510467 0.9596920289855072 0.05877616747181964 0.03260869565217391
8 0.07769726247987117 0.06544384057971014 0.05555555555555555 0.028532608695652176
7 0.5535426731078905 0.06567028985507246 0.7962962962962963 0.04891304347826087
20 0.500805152979066 0.011096014492753624 0.998389694041868 0.021286231884057972
