17 0.28019323671497587 0.07291666666666667 0.1932367149758454 0.016304347826086956
17 0.0998389694041868 0.9814311594202899 0.10466988727858292 0.010869565217391304
17 0.2999194847020934 0.9814311594202899 0.07809983896940419 0.010869565217391304
17 0.500402576489533 0.9814311594202899 0.06521739130434782 0.010869565217391304
17 0.7000805152979066 0.9814311594202899 0.0748792270531401 0.010869565217391304
17 0.9001610305958132 0.9814311594202899 0.09339774557165861 0.00996376811594203
8 0.9001610305958132 0.9497282608695652 0.057971014492753624 0.03260869565217391
8 0.6996779388083736 0.9492753623188406 0.05475040257648953 0.029891304347826088
9 0.500805152979066 0.9497282608695652 0.05152979066022544 0.03170289855072464
8 0.3007246376811594 0.9501811594202899 0.05877616747181964 0.028985507246376812
8 0.10104669887278583 0.9499547101449275 0.050724637681159424 0.03125
17 0.5970209339774557 0.9033061594202899 0.16344605475040258 0.014945652173913044
17 0.6807568438003221 0.880661231884058 0.3309178743961353 0.018568840579710144
17 0.5680354267310789 0.8562047101449275 0.10547504025764895 0.010416666666666666
17 0.18760064412238325 0.9033061594202899 0.25442834138486314 0.014945652173913044
17 0.23067632850241546 0.8788496376811594 0.3421900161030596 0.014945652173913044
17 0.16948470209339775 0.8559782608695652 0.2214170692431562 0.010869565217391304
8 0.9033816425120773 0.7004076086956522 0.03864734299516908 0.01947463768115942
8 0.4472624798711755 0.6997282608695652 0.039452495974235106 0.01992753623188406
9 0.7290660225442834 0.7601902173913043 0.427536231884058 0.16077898550724637
9 0.2725442834138486 0.759963768115942 0.427536231884058 0.16032608695652173
17 0.4939613526570048 0.634963768115942 0.8655394524959742 0.020833333333333332
17 0.3321256038647343 0.5932971014492754 0.5402576489533011 0.03170289855072464
17 0.14009661835748793 0.47667572463768115 0.08373590982286634 0.017663043478260868
17 0.6103059581320451 0.47644927536231885 0.19162640901771336 0.018115942028985508
17 0.964170692431562 0.4746376811594203 0.071658615136876 0.014492753623188406
9 0.9444444444444444 0.374320652173913 0.1111111111111111 0.14447463768115942
9 0.6666666666666666 0.3736413043478261 0.3864734299516908 0.14492753623188406
9 0.25201288244766507 0.3738677536231884 0.3864734299516908 0.14447463768115942
17 0.3115942028985507 0.245018115942029 0.500805152979066 0.03170289855072464
18 0.38003220611916266 0.15534420289855072 0.21256038647342995 0.057971014492753624
18 0.1541867954911433 0.15511775362318841 0.19404186795491143 0.057518115942028984
7 0.500805152979066 0.07404891304347826 0.8856682769726248 0.06476449275362318
8 0.1215780998389694 0.07359601449275363 0.02254428341384863 0.022192028985507248
20 0.500402576489533 0.011096014492753624 0.999194847020934 0.021286231884057972
