20 0.500402576489533 0.011096014492753624 0.999194847020934 0.021286231884057972
17 0.500402576489533 0.060235507246376815 0.1473429951690821 0.020833333333333332
17 0.4746376811594203 0.1129981884057971 0.30676328502415456 0.01947463768115942
17 0.6078904991948471 0.16893115942028986 0.5748792270531401 0.0625
17 0.5285829307568438 0.22192028985507248 0.4194847020933977 0.019021739130434784
17 0.48148148148148145 0.3027626811594203 0.32367149758454106 0.018568840579710144
17 0.6090982286634461 0.3589221014492754 0.5740740740740741 0.06204710144927536
17 0.4782608695652174 0.4121376811594203 0.3188405797101449 0.019021739130434784
17 0.48148148148148145 0.49343297101449274 0.32367149758454106 0.018568840579710144
17 0.6026570048309179 0.5285326086956522 0.5595813204508857 0.020833333333333332
17 0.3836553945249597 0.5645380434782609 0.1280193236714976 0.014945652173913044
17 0.4806763285024155 0.6834239130434783 0.32367149758454106 0.019021739130434784
17 0.5648148148148148 0.7391304347826088 0.4887278582930757 0.06159420289855073
17 0.5201288244766505 0.7903079710144928 0.40096618357487923 0.015398550724637682
17 0.48107890499194844 0.8740942028985508 0.3244766505636071 0.018115942028985508
17 0.5535426731078905 0.9087409420289855 0.46296296296296297 0.021286231884057972
9 0.1606280193236715 0.1682518115942029 0.2359098228663446 0.1345108695652174
9 0.15901771336553946 0.3582427536231884 0.2391304347826087 0.13405797101449277
9 0.15982286634460546 0.5495923913043478 0.2391304347826087 0.1345108695652174
9 0.15982286634460546 0.7398097826086957 0.24235104669887278 0.13632246376811594
9 0.1606280193236715 0.8980978260869565 0.2391304347826087 0.07065217391304347
8 0.10104669887278583 0.9680706521739131 0.04750402576489533 0.026721014492753624
8 0.3003220611916264 0.9671648550724637 0.04669887278582931 0.026721014492753624
8 0.5 0.967391304347826 0.03542673107890499 0.02717391304347826
8 0.6992753623188406 0.9669384057971014 0.05233494363929146 0.02717391304347826
8 0.8993558776167472 0.9676177536231885 0.04669887278582931 0.026721014492753624
8 0.8015297906602254 0.223731884057971 0.04106280193236715 0.022644927536231884
8 0.9086151368760065 0.2235054347826087 0.039452495974235106 0.020380434782608696
8 0.8019323671497585 0.41394927536231885 0.040257648953301126 0.022644927536231884
8 0.9082125603864735 0.41372282608695654 0.040257648953301126 0.020380434782608696
8 0.8019323671497585 0.603713768115942 0.040257648953301126 0.022644927536231884
8 0.9082125603864735 0.603713768115942 0.040257648953301126 0.01992753623188406
8 0.8027375201288245 0.7939311594202899 0.040257648953301126 0.022644927536231884
8 0.9082125603864735 0.7939311594202899 0.040257648953301126 0.01992753623188406
