17 0.28019323671497587 0.6766304347826088 0.21578099838969403 0.014492753623188406
17 0.24476650563607086 0.7472826086956522 0.14492753623188406 0.014492753623188406
17 0.499597423510467 0.9653532608695652 0.5933977455716586 0.022192028985507248
18 0.500402576489533 0.8976449275362319 0.9219001610305958 0.059782608695652176
5 0.4496779388083736 0.8204257246376812 0.8236714975845411 0.04574275362318841
8 0.10426731078904992 0.7481884057971014 0.05233494363929146 0.012681159420289856
8 0.10466988727858292 0.677536231884058 0.03864734299516908 0.016304347826086956
17 0.48711755233494364 0.8222373188405797 0.7471819645732689 0.04030797101449275
7 0.500402576489533 0.677536231884058 0.9219001610305958 0.059782608695652176
17 0.500805152979066 0.6225090579710145 0.030595813204508857 0.011322463768115942
18 0.500402576489533 0.5636322463768116 0.9219001610305958 0.060235507246376815
18 0.500402576489533 0.4929800724637681 0.9219001610305958 0.060235507246376815
17 0.49838969404186795 0.41394927536231885 0.4476650563607085 0.025362318840579712
20 0.500805152979066 0.010869565217391304 0.998389694041868 0.020833333333333332
17 0.9114331723027376 0.09465579710144928 0.07729468599033816 0.021739130434782608
9 0.5 0.10960144927536232 0.4750402576489533 0.07246376811594203
7 0.500402576489533 0.7481884057971014 0.9219001610305958 0.059782608695652176
9 0.500402576489533 0.2151268115942029 0.999194847020934 0.32155797101449274
