20 0.500805152979066 0.012228260869565218 0.998389694041868 0.02355072463768116
17 0.499194847020934 0.057971014492753624 0.1497584541062802 0.018115942028985508
17 0.2665056360708535 0.12907608695652173 0.2222222222222222 0.021739130434782608
17 0.25402576489533013 0.2078804347826087 0.1972624798711755 0.022644927536231884
17 0.27334943639291465 0.286911231884058 0.2359098228663446 0.022192028985507248
17 0.31843800322061194 0.36345108695652173 0.3244766505636071 0.017663043478260868
17 0.23792270531400966 0.44157608695652173 0.16505636070853463 0.019021739130434784
17 0.26006441223832527 0.5206068840579711 0.20933977455716585 0.01947463768115942
9 0.38768115942028986 0.7663043478260869 0.071658615136876 0.028985507246376812
17 0.5471014492753623 0.7665307971014493 0.21014492753623187 0.016757246376811596
17 0.49879227053140096 0.8217844202898551 0.3083735909822866 0.07382246376811594
17 0.4971819645732689 0.9033061594202899 0.4806763285024155 0.03759057971014493
17 0.09943639291465378 0.9913949275362319 0.05877616747181964 0.015398550724637682
17 0.30112721417069244 0.990036231884058 0.0821256038647343 0.01177536231884058
17 0.49879227053140096 0.990036231884058 0.061996779388083734 0.01177536231884058
17 0.6980676328502415 0.9902626811594203 0.09500805152979067 0.011322463768115942
17 0.8997584541062802 0.990036231884058 0.0748792270531401 0.01177536231884058
9 0.10144927536231885 0.958786231884058 0.05475040257648953 0.03351449275362319
8 0.3003220611916264 0.9592391304347826 0.057971014492753624 0.034420289855072464
8 0.499597423510467 0.9592391304347826 0.05877616747181964 0.028079710144927536
9 0.6992753623188406 0.9594655797101449 0.06038647342995169 0.033967391304347824
8 0.8985507246376812 0.9599184782608696 0.05636070853462158 0.03306159420289855
9 0.08574879227053141 0.12658514492753623 0.061996779388083734 0.036684782608695655
8 0.0861513687600644 0.20516304347826086 0.05314009661835749 0.03170289855072464
8 0.08735909822866345 0.28306159420289856 0.05877616747181964 0.028985507246376812
8 0.08735909822866345 0.3627717391304348 0.05877616747181964 0.03260869565217391
8 0.08776167471819646 0.4413496376811594 0.057971014492753624 0.028532608695652176
8 0.08776167471819646 0.5206068840579711 0.05475040257648953 0.023097826086956524
8 0.9508856682769726 0.12658514492753623 0.024154589371980676 0.023097826086956524
8 0.9516908212560387 0.2053894927536232 0.024154589371980676 0.023097826086956524
8 0.9508856682769726 0.28351449275362317 0.024154589371980676 0.02355072463768116
8 0.9508856682769726 0.3632246376811594 0.024154589371980676 0.02355072463768116
8 0.9512882447665056 0.4420289855072464 0.023349436392914653 0.022644927536231884
8 0.9516908212560387 0.5203804347826086 0.024154589371980676 0.02355072463768116
