17 0.500805152979066 0.10348731884057971 0.17713365539452497 0.020380434782608696
17 0.1392914653784219 0.16666666666666666 0.17391304347826086 0.021739130434782608
17 0.11513687600644122 0.22441123188405798 0.1288244766505636 0.016757246376811596
17 0.07608695652173914 0.2848731884057971 0.04750402576489533 0.015398550724637682
17 0.15821256038647344 0.3439764492753623 0.21658615136876005 0.016757246376811596
17 0.1606280193236715 0.4057971014492754 0.21980676328502416 0.020833333333333332
17 0.0966183574879227 0.4662590579710145 0.09339774557165861 0.020380434782608696
17 0.15458937198067632 0.5253623188405797 0.20450885668276972 0.020833333333333332
17 0.10909822866344605 0.5833333333333334 0.11352657004830918 0.016304347826086956
17 0.14130434782608695 0.6428894927536232 0.18276972624798712 0.016757246376811596
17 0.1111111111111111 0.7026721014492754 0.12238325281803543 0.016757246376811596
17 0.4601449275362319 0.7841938405797102 0.8671497584541062 0.06657608695652174
18 0.500805152979066 0.8657155797101449 0.9516908212560387 0.06838768115942029
18 0.500805152979066 0.9567481884057971 0.9516908212560387 0.060235507246376815
17 0.8844605475040258 0.7056159420289855 0.13446054750402575 0.01992753623188406
17 0.9029790660225443 0.6458333333333334 0.09742351046698873 0.01992753623188406
17 0.9190821256038647 0.5860507246376812 0.06521739130434782 0.01992753623188406
17 0.9186795491143317 0.526268115942029 0.06602254428341385 0.01992753623188406
17 0.928743961352657 0.46648550724637683 0.04589371980676329 0.01992753623188406
17 0.9190821256038647 0.40670289855072467 0.06521739130434782 0.01992753623188406
17 0.9190821256038647 0.34692028985507245 0.06521739130434782 0.01992753623188406
17 0.9186795491143317 0.2871376811594203 0.06602254428341385 0.01992753623188406
17 0.8856682769726248 0.2246376811594203 0.1288244766505636 0.017210144927536232
17 0.8892914653784219 0.16508152173913043 0.11835748792270531 0.016757246376811596
8 0.07809983896940419 0.057518115942028984 0.040257648953301126 0.022644927536231884
8 0.6618357487922706 0.05706521739130435 0.05475040257648953 0.030797101449275364
8 0.7922705314009661 0.05706521739130435 0.0499194847020934 0.025362318840579712
8 0.9227053140096618 0.057744565217391304 0.04508856682769726 0.021286231884057972
20 0.500402576489533 0.011322463768115942 0.999194847020934 0.021739130434782608
