9 0.9802737520128825 0.8516757246376812 0.039452495974235106 0.15806159420289856
9 0.9802737520128825 0.5855978260869565 0.039452495974235106 0.1585144927536232
9 0.9802737520128825 0.3197463768115942 0.039452495974235106 0.1585144927536232
17 0.8921095008051529 0.738677536231884 0.14170692431561996 0.017210144927536232
17 0.8913043478260869 0.4723731884057971 0.14009661835748793 0.017210144927536232
17 0.8913043478260869 0.20606884057971014 0.14009661835748793 0.016304347826086956
17 0.1932367149758454 0.1080163043478261 0.30434782608695654 0.03215579710144927
17 0.12962962962962962 0.20855978260869565 0.18035426731078905 0.012228260869565218
17 0.11634460547504026 0.4746376811594203 0.14895330112721417 0.010869565217391304
17 0.13325281803542674 0.7407155797101449 0.18760064412238325 0.012228260869565218
17 0.10104669887278583 0.9873188405797102 0.071658615136876 0.01177536231884058
17 0.30112721417069244 0.9873188405797102 0.06924315619967794 0.012681159420289856
17 0.499597423510467 0.9875452898550725 0.07326892109500806 0.012228260869565218
17 0.6996779388083736 0.9870923913043478 0.043478260869565216 0.013134057971014492
17 0.8997584541062802 0.9875452898550725 0.0748792270531401 0.012228260869565218
9 0.8993558776167472 0.9578804347826088 0.07407407407407407 0.030797101449275364
8 0.6988727858293076 0.9565217391304348 0.05958132045088567 0.03351449275362319
9 0.499597423510467 0.9592391304347826 0.05233494363929146 0.036231884057971016
8 0.3003220611916264 0.9615036231884058 0.0644122383252818 0.02355072463768116
8 0.10024154589371981 0.9592391304347826 0.0571658615136876 0.030797101449275364
9 0.711352657004831 0.8519021739130435 0.4243156199677939 0.1585144927536232
9 0.250805152979066 0.8519021739130435 0.4243156199677939 0.1585144927536232
9 0.250402576489533 0.5855978260869565 0.4251207729468599 0.1585144927536232
9 0.711755233494364 0.5855978260869565 0.42351046698872785 0.1585144927536232
9 0.711352657004831 0.3195199275362319 0.4243156199677939 0.15806159420289856
9 0.250805152979066 0.3197463768115942 0.4243156199677939 0.1585144927536232
20 0.500402576489533 0.011322463768115942 0.999194847020934 0.021739130434782608
