20 0.500402576489533 0.011322463768115942 0.999194847020934 0.021739130434782608
17 0.500805152979066 0.057744565217391304 0.10628019323671498 0.026721014492753624
17 0.17713365539452497 0.19542572463768115 0.20128824476650564 0.017663043478260868
17 0.14935587761674718 0.38405797101449274 0.14090177133655393 0.021739130434782608
17 0.12640901771336555 0.5688405797101449 0.09500805152979067 0.017210144927536232
17 0.11634460547504026 0.7576992753623188 0.07809983896940419 0.020833333333333332
17 0.10144927536231885 0.9907155797101449 0.06763285024154589 0.010416666666666666
17 0.30152979066022545 0.9913949275362319 0.11835748792270531 0.01358695652173913
17 0.499194847020934 0.9916213768115942 0.05958132045088567 0.013134057971014492
17 0.6984702093397746 0.9904891304347826 0.09581320450885668 0.01177536231884058
17 0.8989533011272142 0.9907155797101449 0.08132045088566828 0.011322463768115942
8 0.10064412238325282 0.9590126811594203 0.05475040257648953 0.03125
9 0.30112721417069244 0.9601449275362319 0.05475040257648953 0.028985507246376812
9 0.499194847020934 0.9599184782608696 0.05475040257648953 0.029438405797101448
8 0.6988727858293076 0.9601449275362319 0.05475040257648953 0.028985507246376812
8 0.8981481481481481 0.9592391304347826 0.04750402576489533 0.03170289855072464
8 0.8200483091787439 0.05706521739130435 0.033011272141706925 0.01992753623188406
8 0.9323671497584541 0.05638586956521739 0.03542673107890499 0.021286231884057972
9 0.5 0.1970108695652174 0.9227053140096618 0.17572463768115942
9 0.500805152979066 0.38315217391304346 0.9227053140096618 0.17572463768115942
9 0.5 0.5706521739130435 0.9227053140096618 0.17572463768115942
9 0.500402576489533 0.7567934782608696 0.9219001610305958 0.17572463768115942
9 0.5 0.8947010869565217 0.9227053140096618 0.07744565217391304
