17 0.2749597423510467 0.07201086956521739 0.3325281803542673 0.018115942028985508
7 0.500805152979066 0.07087862318840579 0.927536231884058 0.049365942028985504
17 0.12681159420289856 0.13179347826086957 0.1682769726247987 0.01992753623188406
17 0.8727858293075684 0.13519021739130435 0.17391304347826086 0.018568840579710144
17 0.19444444444444445 0.46082427536231885 0.30998389694041867 0.043931159420289856
17 0.5483091787439613 0.4590126811594203 0.2608695652173913 0.04030797101449275
17 0.8969404186795491 0.458786231884058 0.20611916264090177 0.04076086956521739
17 0.1570048309178744 0.5004528985507246 0.2318840579710145 0.01177536231884058
17 0.533816425120773 0.5002264492753623 0.2318840579710145 0.012228260869565218
17 0.8977455716586151 0.5004528985507246 0.20450885668276972 0.01177536231884058
17 0.8272946859903382 0.5305706521739131 0.06521739130434782 0.01585144927536232
17 0.4504830917874396 0.5305706521739131 0.06521739130434782 0.01585144927536232
17 0.10024154589371981 0.5305706521739131 0.11996779388083736 0.01585144927536232
17 0.10024154589371981 0.9904891304347826 0.11513687600644122 0.010869565217391304
17 0.3003220611916264 0.9904891304347826 0.08051529790660225 0.010869565217391304
17 0.499194847020934 0.9920742753623188 0.08051529790660225 0.013134057971014492
17 0.6992753623188406 0.9920742753623188 0.0426731078904992 0.013134057971014492
17 0.8993558776167472 0.9907155797101449 0.057971014492753624 0.010416666666666666
8 0.8997584541062802 0.9592391304347826 0.06038647342995169 0.009057971014492754
8 0.6992753623188406 0.9594655797101449 0.04589371980676329 0.03125
8 0.499597423510467 0.9590126811594203 0.05555555555555555 0.029438405797101448
8 0.3003220611916264 0.958786231884058 0.08051529790660225 0.028985507246376812
8 0.10024154589371981 0.9594655797101449 0.09581320450885668 0.021286231884057972
8 0.07407407407407407 0.07087862318840579 0.033816425120772944 0.01947463768115942
9 0.21537842190016104 0.2957427536231884 0.35185185185185186 0.25815217391304346
9 0.5938003220611916 0.297554347826087 0.3534621578099839 0.25905797101449274
9 0.8969404186795491 0.297554347826087 0.20611916264090177 0.25905797101449274
9 0.5 0.7703804347826088 0.9227053140096618 0.32518115942028986
20 0.500402576489533 0.011322463768115942 0.999194847020934 0.021739130434782608
