17 0.6637284283413848 0.5219523940217392 0.10779565378421892 0.010890076086956534
17 0.7007294440418679 0.44999871739130437 0.18343098953301135 0.010870450181159452
17 0.6468211493558776 0.38161881748188403 0.07402709420289853 0.010854444746376835
17 0.669357668679549 0.3119176505887681 0.11905806521739135 0.010822738677536239
17 0.3394954883252818 0.5203811256793478 0.06758009581320451 0.010425235960144968
17 0.37732738285024153 0.45043474003623185 0.1431806384863124 0.010888611413043483
17 0.36204622181964574 0.38095676041666665 0.11265807165861516 0.010399307065217403
17 0.35639872544283413 0.31282406951992753 0.099725499194847 0.010829787590579737
8 0.5522884057971014 0.31193043523550723 0.0619320096618357 0.034473059782608714
8 0.5523256803542673 0.3813928521286232 0.06537430434782618 0.03664569610507244
8 0.5518116485507246 0.45020432404891303 0.06118902173913042 0.034836257699275355
8 0.5519436698872786 0.522008204710145 0.06272458132045085 0.0353120443840579
8 0.24550717109500808 0.3117124307065217 0.07421995410628017 0.03328820923913043
8 0.24577155837359096 0.381173120018116 0.0651858172302738 0.03622724003623192
8 0.24549379227053136 0.45027486820652174 0.06276507568438004 0.030291018115942026
8 0.24581141304347826 0.5205477839673912 0.06673169726247986 0.03988846467391297
17 0.5003358530595813 0.7018748575634057 0.6678482278582931 0.04047078668478257
18 0.7513577616747181 0.9674028036684783 0.4970812222222222 0.06519439266304351
18 0.2494101344605475 0.9674061209239132 0.4971568164251207 0.06518775815217387
13 0.5007872403381642 0.9015381025815218 0.11349054830917871 0.007728852807971049
17 0.49954707689210953 0.13945490375905797 0.2912816336553945 0.014555848278985515
20 0.5004338111916264 0.011187753849637681 0.9991323776167472 0.021469710597826087
