20 0.5136870785024156 0.025479958891369045 0.8683231489533011 0.013984440104166667
17 0.5799331050724638 0.8367250078125 0.10814663043478263 0.015811102678571366
17 0.7300287512077295 0.8070858093377975 0.40854176650563606 0.032006309151785754
17 0.07478897665056361 0.8367528005952382 0.09679885829307569 0.01574007663690478
17 0.23966829347826088 0.8054833184523809 0.42668381884057976 0.029125940476190472
8 0.9102254428341385 0.5879836309523809 0.05877616747181964 0.027157738095238092
8 0.4109125185185185 0.5882646242559524 0.060764552334943614 0.028463772321428576
17 0.5748792270531401 0.48307291666666663 0.0966183574879227 0.01525297619047619
17 0.748792270531401 0.4609375 0.4444444444444444 0.009672619047619048
17 0.7391304347826086 0.4423363095238095 0.42673107890499196 0.009672619047619048
17 0.07474970088566828 0.4830881527157739 0.09687740982286634 0.01579906808035714
17 0.24492252133655393 0.4533563794642857 0.43728782689210954 0.032197952380952376
8 0.9102625946054749 0.23455813950892856 0.06095574154589384 0.028091044642857107
8 0.41107876771336554 0.23452076450892853 0.06147584299516905 0.028224968005952405
17 0.8966413860708535 0.0739783671875 0.10714264653784224 0.014220782738095244
17 0.5000184162640902 0.07629204947916667 0.524075887278583 0.017113095238095236
8 0.07804573590982287 0.0736400200892857 0.02612635748792271 0.020938390624999994
17 0.19311337922705313 0.12385547730654761 0.18527312560386475 0.012788636160714286
17 0.4789900358293075 0.12417180766369047 0.16344607971014485 0.011978864583333351
17 0.7574390161030595 0.12570413523065477 0.19091364412238324 0.016478345610119044
8 0.8829538836553945 0.12439330989583335 0.015447398550724608 0.014642817708333332
9 0.7538118961352657 0.6712638989955357 0.4585922173913044 0.21498003459821433
9 0.2542235503220612 0.6712930997023809 0.4586724452495974 0.21504951636904765
9 0.7538133212560387 0.31759474386160713 0.45867094363929156 0.2149806476934524
9 0.2542077455716586 0.3175986155133928 0.4586660177133656 0.21497344977678567
17 0.8993186276167472 0.954753421688988 0.1385608123993559 0.011624109002976215
17 0.6990602157809984 0.9533075150669643 0.09034097584541062 0.009388969122023789
17 0.49995552616747185 0.9535006569940476 0.05245426167471819 0.009001050595238152
17 0.30085298590982285 0.9545807155877976 0.060099554750402566 0.012132826264880981
17 0.10097291747181965 0.9535265422247025 0.06858556602254429 0.008987608258928604
8 0.8977174621578099 0.9294955390624998 0.045392858293075586 0.015512829613095153
8 0.699151080515298 0.9295342764136905 0.04712071336553951 0.02142987946428576
8 0.4980646646537842 0.9300914946056547 0.0549636819645732 0.02254813058035714
8 0.300397999194847 0.928719202752976 0.0678627149758454 0.019928159970238113
8 0.09976859380032208 0.9300932656249999 0.05172754669887279 0.022462118303571577
