8 0.7721417069243156 0.05706521739130435 0.03864734299516908 0.021739130434782608
9 0.9033816425120773 0.057518115942028984 0.037037037037037035 0.020833333333333332
8 0.10144927536231885 0.9501811594202899 0.05152979066022544 0.03170289855072464
8 0.3003220611916264 0.9504076086956522 0.05958132045088567 0.029438405797101448
9 0.500402576489533 0.9495018115942029 0.05233494363929146 0.03215579710144927
8 0.6996779388083736 0.9495018115942029 0.05475040257648953 0.030344202898550724
8 0.9005636070853462 0.9497282608695652 0.05877616747181964 0.03351449275362319
17 0.10064412238325282 0.9814311594202899 0.10466988727858292 0.010869565217391304
17 0.2995169082125604 0.9814311594202899 0.07890499194847021 0.010869565217391304
17 0.5 0.9814311594202899 0.06602254428341385 0.010869565217391304
17 0.7004830917874396 0.9814311594202899 0.07407407407407407 0.010869565217391304
17 0.9005636070853462 0.9812047101449275 0.09420289855072464 0.011322463768115942
17 0.499597423510467 0.59375 0.3534621578099839 0.021739130434782608
17 0.32367149758454106 0.1847826086956522 0.5297906602254429 0.021739130434782608
17 0.1537842190016103 0.1322463768115942 0.18357487922705315 0.030797101449275364
20 0.500402576489533 0.011322463768115942 0.999194847020934 0.021739130434782608
