17 0.39090177133655396 0.058423913043478264 0.5 0.021739130434782608
17 0.18438003220611915 0.12273550724637682 0.286634460547504 0.018115942028985508
17 0.1719001610305958 0.203125 0.2616747181964573 0.021286231884057972
17 0.13083735909822866 0.2764945652173913 0.18115942028985507 0.018568840579710144
17 0.16304347826086957 0.32993659420289856 0.24557165861513688 0.042119565217391304
17 0.8276972624798712 0.3052536231884058 0.08695652173913043 0.014492753623188406
17 0.18115942028985507 0.4132699275362319 0.2834138486312399 0.018568840579710144
17 0.16183574879227053 0.46716485507246375 0.2431561996779388 0.042119565217391304
17 0.8309178743961353 0.4418025362318841 0.08373590982286634 0.014945652173913044
17 0.09822866344605476 0.5491394927536232 0.1143317230273752 0.014945652173913044
17 0.8248792270531401 0.579483695652174 0.09420289855072464 0.014945652173913044
17 0.16183574879227053 0.6039402173913043 0.2431561996779388 0.042119565217391304
17 0.12761674718196458 0.6863677536231884 0.17632850241545894 0.014945652173913044
17 0.8260869565217391 0.7162590579710145 0.09339774557165861 0.014945652173913044
17 0.16143317230273752 0.7413949275362319 0.24396135265700483 0.041666666666666664
17 0.0998389694041868 0.8249547101449275 0.11916264090177134 0.018568840579710144
17 0.8256843800322061 0.8539402173913043 0.09420289855072464 0.014945652173913044
17 0.1610305958132045 0.8786231884057971 0.2431561996779388 0.041666666666666664
17 0.8756038647342995 0.9902626811594203 0.09742351046698873 0.011322463768115942
17 0.6256038647342995 0.9898097826086957 0.07568438003220612 0.011322463768115942
17 0.3756038647342995 0.9902626811594203 0.10386473429951691 0.011322463768115942
17 0.12600644122383253 0.990036231884058 0.06843800322061191 0.010869565217391304
8 0.1247987117552335 0.9581068840579711 0.05152979066022544 0.01947463768115942
9 0.3756038647342995 0.9596920289855072 0.05233494363929146 0.025362318840579712
9 0.6239935587761675 0.957427536231884 0.05475040257648953 0.024456521739130436
8 0.8747987117552335 0.9590126811594203 0.05233494363929146 0.029438405797101448
8 0.9384057971014492 0.8534873188405797 0.012077294685990338 0.012228260869565218
8 0.9380032206119162 0.7162590579710145 0.011272141706924315 0.012228260869565218
8 0.9380032206119162 0.579483695652174 0.011272141706924315 0.012228260869565218
8 0.9384057971014492 0.4422554347826087 0.012077294685990338 0.012228260869565218
8 0.9384057971014492 0.30502717391304346 0.012077294685990338 0.012228260869565218
8 0.9255233494363929 0.12115036231884058 0.07326892109500806 0.04121376811594203
8 0.9468599033816425 0.057744565217391304 0.05475040257648953 0.029438405797101448
8 0.10466988727858292 0.05706521739130435 0.033816425120772944 0.019021739130434784
7 0.4669887278582931 0.057291666666666664 0.7971014492753623 0.049365942028985504
20 0.500402576489533 0.011322463768115942 0.999194847020934 0.021739130434782608
