17 0.15619967793880837 0.7850996376811594 0.11594202898550725 0.018568840579710144
17 0.142914653784219 0.691802536231884 0.0893719806763285 0.024003623188405796
17 0.13768115942028986 0.5948822463768116 0.07890499194847021 0.018568840579710144
17 0.19444444444444445 0.5 0.1956521739130435 0.019021739130434784
17 0.2037037037037037 0.40421195652173914 0.21256038647342995 0.01947463768115942
17 0.2113526570048309 0.30932971014492755 0.22302737520128824 0.019021739130434784
17 0.21175523349436393 0.21467391304347827 0.22383252818035426 0.019021739130434784
17 0.5599838969404187 0.11956521739130435 0.10225442834138486 0.019021739130434784
17 0.500402576489533 0.05683876811594203 0.29066022544283415 0.01947463768115942
17 0.2914653784219002 0.11956521739130435 0.3896940418679549 0.019021739130434784
8 0.06964573268921095 0.05683876811594203 0.0426731078904992 0.024003623188405796
8 0.8800322061191627 0.7848731884057971 0.04830917874396135 0.015398550724637682
18 0.500805152979066 0.9322916666666666 0.8840579710144928 0.06838768115942029
7 0.500402576489533 0.7941576086956522 0.8075684380032206 0.03759057971014493
7 0.500402576489533 0.698822463768116 0.8075684380032206 0.03804347826086957
7 0.500402576489533 0.6039402173913043 0.8075684380032206 0.03759057971014493
7 0.500402576489533 0.5088315217391305 0.8075684380032206 0.03759057971014493
7 0.500402576489533 0.41372282608695654 0.8075684380032206 0.03759057971014493
7 0.500402576489533 0.3186141304347826 0.8075684380032206 0.03759057971014493
7 0.500402576489533 0.22395833333333334 0.8075684380032206 0.03759057971014493
20 0.500402576489533 0.011322463768115942 0.999194847020934 0.021739130434782608
