17 0.2604669887278583 0.35258152173913043 0.17632850241545894 0.018568840579710144
17 0.2636876006441224 0.2647192028985507 0.18276972624798712 0.017663043478260868
17 0.6247987117552335 0.13745471014492755 0.5990338164251208 0.04846014492753623
17 0.5 0.422554347826087 0.25120772946859904 0.019021739130434784
9 0.20128824476650564 0.13654891304347827 0.23671497584541062 0.129981884057971
8 0.1215780998389694 0.2651721014492754 0.04830917874396135 0.0276268115942029
9 0.1215780998389694 0.353713768115942 0.04508856682769726 0.028079710144927536
18 0.500402576489533 0.489356884057971 0.7351046698872786 0.06838768115942029
9 0.500402576489533 0.7710597826086957 0.999194847020934 0.4578804347826087
7 0.500402576489533 0.2651721014492754 0.8800322061191627 0.06838768115942029
7 0.500402576489533 0.3534873188405797 0.8800322061191627 0.06838768115942029
