17 0.30636070853462155 0.603713768115942 0.37278582930756843 0.015398550724637682
17 0.11553945249597423 0.058197463768115944 0.08132045088566828 0.016757246376811596
17 0.499194847020934 0.2533967391304348 0.6296296296296297 0.09375
17 0.4975845410628019 0.37273550724637683 0.8405797101449275 0.06068840579710145
17 0.5483091787439613 0.4882246376811594 0.32367149758454106 0.018115942028985508
17 0.5 0.9334239130434783 0.9162640901771336 0.07427536231884058
18 0.7467793880837359 0.6046195652173914 0.3148148148148148 0.057971014492753624
8 0.046296296296296294 0.057744565217391304 0.03140096618357488 0.029438405797101448
8 0.3252818035426731 0.4882246376811594 0.07407407407407407 0.041666666666666664
9 0.500402576489533 0.46082427536231885 0.999194847020934 0.7468297101449275
7 0.500805152979066 0.6041666666666666 0.8454106280193237 0.08333333333333333
20 0.500402576489533 0.011322463768115942 0.999194847020934 0.021739130434782608
