17 0.40901771336553944 0.059103260869565216 0.3639291465378422 0.020380434782608696
17 0.35507246376811596 0.12115036231884058 0.35104669887278583 0.018568840579710144
17 0.8405797101449275 0.12115036231884058 0.214170692431562 0.018568840579710144
17 0.6131239935587761 0.28374094202898553 0.13285024154589373 0.014945652173913044
17 0.7588566827697263 0.32631340579710144 0.42592592592592593 0.06204710144927536
17 0.7665056360708534 0.3747735507246377 0.13043478260869565 0.01585144927536232
17 0.6239935587761675 0.4001358695652174 0.15458937198067632 0.012228260869565218
17 0.6086956521739131 0.4209692028985507 0.12399355877616747 0.014945652173913044
17 0.7765700483091788 0.48618659420289856 0.3438003220611916 0.05661231884057971
17 0.6739130434782609 0.5319293478260869 0.1529790660225443 0.013134057971014492
17 0.7230273752012882 0.6927083333333334 0.35104669887278583 0.06204710144927536
17 0.7600644122383253 0.7416213768115942 0.11755233494363929 0.01585144927536232
17 0.6018518518518519 0.769927536231884 0.11030595813204509 0.015398550724637682
17 0.7765700483091788 0.8340126811594203 0.3438003220611916 0.05661231884057971
17 0.6743156199677939 0.8802083333333334 0.1537842190016103 0.013134057971014492
18 0.500402576489533 0.9553894927536232 0.23268921095008052 0.04664855072463768
8 0.5656199677938808 0.8790760869565217 0.039452495974235106 0.018115942028985508
9 0.5652173913043478 0.8340126811594203 0.0322061191626409 0.01585144927536232
9 0.5648148148148148 0.8134057971014493 0.04106280193236715 0.014492753623188406
8 0.6231884057971014 0.7398097826086957 0.143317230273752 0.016757246376811596
8 0.5656199677938808 0.5310235507246377 0.039452495974235106 0.017663043478260868
9 0.5652173913043478 0.48596014492753625 0.0322061191626409 0.015398550724637682
9 0.5648148148148148 0.46535326086956524 0.04106280193236715 0.014039855072463768
8 0.6223832528180354 0.37341485507246375 0.143317230273752 0.016757246376811596
8 0.06561996779388084 0.05434782608695652 0.05555555555555555 0.025362318840579712
8 0.7391304347826086 0.05706521739130435 0.04508856682769726 0.024456521739130436
8 0.8333333333333334 0.058197463768115944 0.0499194847020934 0.026721014492753624
8 0.927536231884058 0.057744565217391304 0.05475040257648953 0.029438405797101448
16 0.10064412238325282 0.11933876811594203 0.0998389694041868 0.034873188405797104
8 0.3852657004830918 0.18704710144927536 0.026570048309178744 0.009057971014492754
8 0.8027375201288245 0.18704710144927536 0.027375201288244767 0.009057971014492754
18 0.929549114331723 0.18682065217391305 0.14090177133655393 0.043931159420289856
18 0.643317230273752 0.18682065217391305 0.4074074074074074 0.043931159420289856
18 0.3252818035426731 0.18636775362318841 0.20611916264090177 0.043931159420289856
18 0.11755233494363929 0.18636775362318841 0.18679549114331723 0.043931159420289856
9 0.27294685990338163 0.4053442028985507 0.5072463768115942 0.1657608695652174
9 0.27294685990338163 0.7717391304347826 0.5072463768115942 0.15579710144927536
20 0.500402576489533 0.011322463768115942 0.999194847020934 0.021739130434782608
