17 0.500402576489533 0.6942934782608696 0.14412238325281804 0.019021739130434784
17 0.499194847020934 0.6277173913043478 0.07729468599033816 0.02355072463768116
17 0.500402576489533 0.557518115942029 0.18760064412238325 0.019021739130434784
17 0.500805152979066 0.4963768115942029 0.16747181964573268 0.019021739130434784
17 0.500402576489533 0.4350090579710145 0.07648953301127215 0.024003623188405796
17 0.5 0.3648097826086957 0.10305958132045089 0.018568840579710144
17 0.500805152979066 0.296875 0.1932367149758454 0.01947463768115942
7 0.500402576489533 0.7047101449275363 0.7785829307568438 0.041666666666666664
7 0.500402576489533 0.6365489130434783 0.7785829307568438 0.042119565217391304
7 0.500402576489533 0.5690670289855072 0.7785829307568438 0.042119565217391304
7 0.500402576489533 0.5072463768115942 0.7785829307568438 0.04076086956521739
7 0.500402576489533 0.44406702898550726 0.7785829307568438 0.042119565217391304
7 0.500402576489533 0.3761322463768116 0.7785829307568438 0.042119565217391304
7 0.500402576489533 0.30819746376811596 0.7785829307568438 0.042119565217391304
8 0.07286634460547504 0.060235507246376815 0.02818035426731079 0.028079710144927536
8 0.5 0.1428894927536232 0.21900161030595813 0.1236413043478261
8 0.8091787439613527 0.8890398550724637 0.033816425120772944 0.01992753623188406
17 0.500805152979066 0.96875 0.47665056360708535 0.019021739130434784
17 0.4851046698872786 0.816802536231884 0.7061191626409018 0.0384963768115942
17 0.500402576489533 0.229393115942029 0.2214170692431562 0.01947463768115942
8 0.8530595813204509 0.4954710144927536 0.03462157809983897 0.01177536231884058
8 0.8530595813204509 0.6940670289855072 0.03462157809983897 0.012228260869565218
18 0.500402576489533 0.889266304347826 0.7785829307568438 0.06295289855072464
0 0.500402576489533 0.5110960144927537 0.999194847020934 0.9778079710144928
20 0.500402576489533 0.011322463768115942 0.999194847020934 0.021739130434782608
