17 0.2805958132045089 0.07269021739130435 0.19404186795491143 0.016757246376811596
17 0.10064412238325282 0.9812047101449275 0.10466988727858292 0.010416666666666666
17 0.3007246376811594 0.9814311594202899 0.07809983896940419 0.010869565217391304
17 0.5 0.9814311594202899 0.06602254428341385 0.010869565217391304
17 0.7008856682769726 0.9814311594202899 0.0748792270531401 0.010869565217391304
17 0.9001610305958132 0.9814311594202899 0.09339774557165861 0.00996376811594203
8 0.8997584541062802 0.9499547101449275 0.05877616747181964 0.03306159420289855
8 0.7000805152979066 0.9495018115942029 0.05394524959742351 0.029438405797101448
9 0.5 0.9497282608695652 0.05152979066022544 0.03170289855072464
8 0.3007246376811594 0.9501811594202899 0.05877616747181964 0.028985507246376812
8 0.10104669887278583 0.9499547101449275 0.050724637681159424 0.03125
18 0.5 0.8734148550724637 0.8840579710144928 0.06567028985507246
8 0.5797101449275363 0.7860054347826088 0.13043478260869565 0.014039855072463768
17 0.6682769726247987 0.7871376811594203 0.024154589371980676 0.01177536231884058
17 0.6292270531400966 0.7626811594202899 0.2246376811594203 0.01992753623188406
17 0.6654589371980676 0.7364130434782609 0.29871175523349436 0.019021739130434784
17 0.6916264090177133 0.7099184782608696 0.35104669887278583 0.014945652173913044
17 0.5954106280193237 0.6875 0.16022544283413848 0.010869565217391304
8 0.12359098228663445 0.7860054347826088 0.13123993558776167 0.014039855072463768
17 0.21497584541062803 0.786911231884058 0.030595813204508857 0.012228260869565218
17 0.17632850241545894 0.7629076086956522 0.23027375201288244 0.020380434782608696
17 0.19162640901771336 0.734375 0.26247987117552335 0.014945652173913044
17 0.24396135265700483 0.7115036231884058 0.3671497584541063 0.019021739130434784
17 0.1457326892109501 0.6872735507246377 0.17552334943639292 0.011322463768115942
8 0.4472624798711755 0.5310235507246377 0.039452495974235106 0.01947463768115942
8 0.9037842190016103 0.5314764492753623 0.039452495974235106 0.01947463768115942
9 0.7282608695652174 0.5910326086956522 0.427536231884058 0.16032608695652173
9 0.2717391304347826 0.5912590579710145 0.427536231884058 0.1598731884057971
8 0.5805152979066023 0.46671195652173914 0.13043478260869565 0.014039855072463768
17 0.67914653784219 0.4676177536231884 0.04589371980676329 0.012228260869565218
17 0.6312399355877617 0.4433876811594203 0.2286634460547504 0.01992753623188406
17 0.6183574879227053 0.4171195652173913 0.20450885668276972 0.019021739130434784
17 0.6863929146537843 0.39334239130434784 0.3389694041867955 0.017663043478260868
17 0.5978260869565217 0.36820652173913043 0.16666666666666666 0.010869565217391304
8 0.12399355877616747 0.46671195652173914 0.13043478260869565 0.014039855072463768
17 0.214170692431562 0.4678442028985507 0.028985507246376812 0.01177536231884058
17 0.1751207729468599 0.4433876811594203 0.22946859903381642 0.01992753623188406
17 0.16183574879227053 0.41530797101449274 0.2028985507246377 0.014492753623188406
17 0.2576489533011272 0.39266304347826086 0.392914653784219 0.018115942028985508
17 0.1388888888888889 0.36820652173913043 0.16022544283413848 0.010869565217391304
8 0.4472624798711755 0.21195652173913043 0.039452495974235106 0.01992753623188406
8 0.9029790660225443 0.21195652173913043 0.039452495974235106 0.01992753623188406
9 0.7282608695652174 0.27219202898550726 0.427536231884058 0.16032608695652173
9 0.2725442834138486 0.27219202898550726 0.427536231884058 0.16032608695652173
17 0.49033816425120774 0.14719202898550726 0.8582930756843801 0.020833333333333332
7 0.500805152979066 0.07359601449275363 0.8856682769726248 0.06476449275362318
8 0.12198067632850242 0.07382246376811594 0.021739130434782608 0.021739130434782608
20 0.500402576489533 0.011096014492753624 0.999194847020934 0.021286231884057972
