17 0.10104669887278583 0.990036231884058 0.06521739130434782 0.00996376811594203
17 0.30152979066022545 0.9909420289855072 0.0571658615136876 0.012681159420289856
17 0.499597423510467 0.9898097826086957 0.06038647342995169 0.010416666666666666
17 0.6996779388083736 0.9893568840579711 0.05152979066022544 0.010416666666666666
17 0.8985507246376812 0.9898097826086957 0.09500805152979067 0.009510869565217392
8 0.8985507246376812 0.9592391304347826 0.05636070853462158 0.03170289855072464
8 0.6988727858293076 0.9592391304347826 0.05152979066022544 0.026268115942028984
8 0.5 0.958786231884058 0.05314009661835749 0.029891304347826088
9 0.30193236714975846 0.9590126811594203 0.07407407407407407 0.03215579710144927
9 0.10104669887278583 0.9590126811594203 0.05394524959742351 0.030344202898550724
18 0.500805152979066 0.8695652173913043 0.43478260869565216 0.04528985507246377
13 0.49798711755233493 0.8188405797101449 0.107085346215781 0.009057971014492754
9 0.5064412238325282 0.5346467391304348 0.7407407407407407 0.5194746376811594
8 0.9037842190016103 0.30434782608695654 0.03784219001610306 0.021739130434782608
17 0.13526570048309178 0.23731884057971014 0.22705314009661837 0.01358695652173913
17 0.2250402576489533 0.20335144927536233 0.04589371980676329 0.012681159420289856
8 0.10587761674718196 0.20403079710144928 0.17149758454106281 0.014945652173913044
17 0.26207729468599034 0.1691576086956522 0.4806763285024155 0.020380434782608696
17 0.26006441223832527 0.13360507246376813 0.4718196457326892 0.02717391304347826
8 0.042270531400966184 0.058876811594202896 0.0249597423510467 0.025362318840579712
8 0.7926731078904992 0.05706521739130435 0.033011272141706925 0.025362318840579712
8 0.9021739130434783 0.057518115942028984 0.04911433172302738 0.02355072463768116
20 0.500402576489533 0.011096014492753624 0.999194847020934 0.021286231884057972
