20 0.500402576489533 0.011322463768115942 0.999194847020934 0.021739130434782608
8 0.06682769726247988 0.05706521739130435 0.037037037037037035 0.03351449275362319
17 0.5 0.05366847826086957 0.1932367149758454 0.025815217391304348
17 0.500402576489533 0.16983695652173914 0.32608695652173914 0.026268115942028984
17 0.18357487922705315 0.23822463768115942 0.2028985507246377 0.01358695652173913
17 0.19847020933977455 0.2826086956521739 0.23107890499194847 0.015398550724637682
17 0.7983091787439613 0.3392210144927536 0.25523349436392917 0.017210144927536232
17 0.14814814814814814 0.34080615942028986 0.13365539452495975 0.014039855072463768
17 0.2250402576489533 0.3804347826086957 0.2826086956521739 0.012681159420289856
17 0.8868760064412239 0.3808876811594203 0.07648953301127215 0.01358695652173913
17 0.22262479871175522 0.44474637681159424 0.2069243156199678 0.01358695652173913
5 0.18478260869565216 0.4445199275362319 0.2826086956521739 0.0276268115942029
18 0.500402576489533 0.5677083333333334 0.9154589371980676 0.04755434782608696
17 0.500402576489533 0.6177536231884058 0.03140096618357488 0.010869565217391304
18 0.500402576489533 0.6682518115942029 0.9154589371980676 0.04755434782608696
17 0.4500805152979066 0.7413949275362319 0.784219001610306 0.051630434782608696
7 0.500805152979066 0.3808876811594203 0.9146537842190016 0.059782608695652176
7 0.500805152979066 0.28170289855072467 0.9146537842190016 0.059782608695652176
