17 0.500402576489533 0.6148097826086957 0.8059581320450886 0.07382246376811594
17 0.49315619967793883 0.6759510869565217 0.34863123993558776 0.024003623188405796
8 0.6932367149758454 0.6811594202898551 0.01288244766505636 0.01177536231884058
18 0.285829307568438 0.7538496376811594 0.38003220611916266 0.060235507246376815
18 0.715780998389694 0.7538496376811594 0.38003220611916266 0.060235507246376815
18 0.715780998389694 0.8546195652173914 0.38003220611916266 0.06068840579710145
18 0.285829307568438 0.8546195652173914 0.38003220611916266 0.06068840579710145
17 0.5394524959742351 0.9200634057971014 0.6570048309178744 0.017663043478260868
8 0.1719001610305958 0.9198369565217391 0.04911433172302738 0.028079710144927536
9 0.500402576489533 0.27355072463768115 0.999194847020934 0.5461956521739131
