9 0.500402576489533 0.9141182219122023 0.999194847020934 0.09606397730654762
8 0.9272476662640902 0.8155951272321428 0.028610057165861586 0.024748212053571382
17 0.5000683144122383 0.8228313809523808 0.619219731884058 0.01999627976190476
17 0.5012106904186796 0.7966006143973213 0.3672913631239936 0.024202800967262
9 0.5004239939613526 0.6896518751860119 0.9991520120772948 0.15815712165178575
8 0.927133655394525 0.5539434523809523 0.02818035426731079 0.023809523809523808
17 0.5016392262479872 0.5671820186011904 0.5258362012882447 0.019732656994047575
17 0.5017215402576489 0.5411262513020834 0.4518830177133656 0.024113609747023833
9 0.500402576489533 0.43419161309523807 0.999194847020934 0.15818495982142858
8 0.927536231884058 0.3045014880952381 0.027375201288244767 0.024181547619047616
17 0.4992187918679549 0.30979540234374997 0.3839928816425121 0.015770684895833345
17 0.5008013691626408 0.2855867544642857 0.353625115136876 0.024113541666666648
9 0.500402576489533 0.17866070498511902 0.999194847020934 0.158153
8 0.9252368969404186 0.07365321261160714 0.0533943607085347 0.024651306175595234
9 0.5001840881642512 0.07387664769345237 0.4061652777777778 0.03391400967261904
8 0.07689655555555555 0.07365049069940476 0.056188761674718195 0.018680674851190474
20 0.5129850450885668 0.025439767671130948 0.870004380032206 0.013874042782738093
