17 0.3603059581320451 0.11367753623188406 0.4806763285024155 0.020833333333333332
8 0.9154589371980676 0.057291666666666664 0.04830917874396135 0.029438405797101448
9 0.500402576489533 0.057291666666666664 0.2971014492753623 0.035778985507246376
8 0.0853462157809984 0.11277173913043478 0.03542673107890499 0.01992753623188406
9 0.10104669887278583 0.967391304347826 0.04428341384863124 0.025362318840579712
8 0.30112721417069244 0.9669384057971014 0.06763285024154589 0.026268115942028984
8 0.501610305958132 0.9676177536231885 0.04669887278582931 0.0276268115942029
8 0.6996779388083736 0.967391304347826 0.0499194847020934 0.026268115942028984
8 0.8993558776167472 0.9671648550724637 0.03864734299516908 0.025815217391304348
7 0.500402576489533 0.11322463768115942 0.9041867954911433 0.049818840579710144
17 0.16706924315619967 0.19293478260869565 0.16183574879227053 0.016304347826086956
17 0.499597423510467 0.19316123188405798 0.0861513687600644 0.01585144927536232
17 0.8349436392914654 0.19293478260869565 0.09017713365539452 0.016304347826086956
17 0.15901771336553946 0.32540760869565216 0.2246376811594203 0.017663043478260868
17 0.15861513687600645 0.5101902173913043 0.22061191626409019 0.017663043478260868
17 0.2894524959742351 0.6942934782608696 0.47906602254428343 0.017210144927536232
17 0.2222222222222222 0.8788496376811594 0.35104669887278583 0.017663043478260868
9 0.8578904991948471 0.8618659420289855 0.22946859903381642 0.1431159420289855
9 0.8699677938808373 0.6938405797101449 0.2069243156199678 0.17572463768115942
9 0.8490338164251208 0.5090579710144928 0.2391304347826087 0.17572463768115942
9 0.8450080515297906 0.32518115942028986 0.22624798711755234 0.17572463768115942
20 0.500402576489533 0.011322463768115942 0.999194847020934 0.021739130434782608
