9 0.501207729468599 0.36186594202898553 0.2938808373590982 0.16304347826086957
8 0.8743961352657005 0.9590126811594203 0.06280193236714976 0.034873188405797104
8 0.6252012882447665 0.9590126811594203 0.061996779388083734 0.034873188405797104
8 0.3756038647342995 0.9596920289855072 0.06360708534621579 0.03351449275362319
8 0.12600644122383253 0.9590126811594203 0.07648953301127215 0.034873188405797104
17 0.12560386473429952 0.9904891304347826 0.06602254428341385 0.010869565217391304
17 0.3756038647342995 0.9902626811594203 0.09259259259259259 0.011322463768115942
17 0.6256038647342995 0.9920742753623188 0.09178743961352658 0.013134057971014492
17 0.8747987117552335 0.9918478260869565 0.09742351046698873 0.01358695652173913
17 0.501207729468599 0.5101902173913043 0.4726247987117552 0.07744565217391304
9 0.9178743961352657 0.06295289855072464 0.07890499194847021 0.044384057971014496
20 0.500402576489533 0.011548913043478262 0.999194847020934 0.022192028985507248
9 0.5 0.05389492753623189 0.2318840579710145 0.049818840579710144
18 0.5901771336553945 0.19384057971014493 0.18357487922705315 0.03985507246376812
18 0.4086151368760064 0.19384057971014493 0.17954911433172302 0.03985507246376812
17 0.17028985507246377 0.12658514492753623 0.27294685990338163 0.03759057971014493
