9 0.8144122383252818 0.948143115942029 0.29549114331723025 0.10371376811594203
9 0.18719806763285024 0.948143115942029 0.29549114331723025 0.10371376811594203
9 0.500805152979066 0.948143115942029 0.2946859903381642 0.10371376811594203
9 0.8144122383252818 0.7841938405797102 0.29549114331723025 0.20425724637681159
9 0.18719806763285024 0.7841938405797102 0.29549114331723025 0.20425724637681159
9 0.500402576489533 0.7841938405797102 0.29549114331723025 0.20425724637681159
9 0.8144122383252818 0.5695199275362319 0.29549114331723025 0.20425724637681159
9 0.500402576489533 0.5695199275362319 0.29549114331723025 0.20425724637681159
9 0.18639291465378421 0.5695199275362319 0.29549114331723025 0.20425724637681159
9 0.18719806763285024 0.3548460144927536 0.29549114331723025 0.20425724637681159
9 0.500402576489533 0.3548460144927536 0.29549114331723025 0.20425724637681159
9 0.8144122383252818 0.3548460144927536 0.29549114331723025 0.20425724637681159
18 0.500805152979066 0.2053894927536232 0.9227053140096618 0.05480072463768116
17 0.855475040257649 0.057291666666666664 0.19082125603864733 0.017663043478260868
8 0.046296296296296294 0.057744565217391304 0.029790660225442835 0.028532608695652176
17 0.17431561996779388 0.057291666666666664 0.1956521739130435 0.017663043478260868
17 0.16223832528180354 0.12432065217391304 0.2246376811594203 0.024909420289855072
20 0.500402576489533 0.011322463768115942 0.999194847020934 0.021739130434782608
