17 0.2914653784219002 0.058423913043478264 0.30112721417069244 0.022644927536231884
18 0.8590982286634461 0.12817028985507248 0.20611916264090177 0.044384057971014496
9 0.11553945249597423 0.1272644927536232 0.15539452495974235 0.030797101449275364
8 0.10466988727858292 0.05683876811594203 0.02576489533011272 0.014039855072463768
9 0.7471819645732689 0.057518115942028984 0.04830917874396135 0.02717391304347826
8 0.8719806763285024 0.058197463768115944 0.0499194847020934 0.026721014492753624
8 0.9472624798711755 0.057518115942028984 0.05394524959742351 0.028985507246376812
17 0.49074074074074076 0.20471014492753623 0.9009661835748792 0.03804347826086957
17 0.501207729468599 0.2760416666666667 0.4855072463768116 0.018568840579710144
17 0.22987117552334943 0.375679347826087 0.16505636070853463 0.014945652173913044
17 0.4774557165861514 0.4008152173913044 0.6634460547504025 0.018115942028985508
17 0.30193236714975846 0.45538949275362317 0.3107890499194847 0.014945652173913044
17 0.45893719806763283 0.4805253623188406 0.6231884057971014 0.018115942028985508
17 0.2363123993558776 0.5606884057971014 0.3888888888888889 0.020833333333333332
17 0.32971014492753625 0.6281702898550725 0.3647342995169082 0.018115942028985508
17 0.34017713365539454 0.7042572463768116 0.3856682769726248 0.018115942028985508
17 0.12198067632850242 0.792572463768116 0.16344605475040258 0.017210144927536232
17 0.2926731078904992 0.8616394927536232 0.2938808373590982 0.018568840579710144
17 0.37600644122383253 0.9902626811594203 0.10305958132045089 0.011322463768115942
17 0.6260064412238325 0.9898097826086957 0.0748792270531401 0.011322463768115942
17 0.12600644122383253 0.990036231884058 0.06843800322061191 0.010869565217391304
9 0.06843800322061191 0.38654891304347827 0.0499194847020934 0.026721014492753624
8 0.06843800322061191 0.46716485507246375 0.040257648953301126 0.0276268115942029
8 0.06843800322061191 0.626358695652174 0.0499194847020934 0.022644927536231884
8 0.06843800322061191 0.7024456521739131 0.0499194847020934 0.028079710144927536
8 0.9428341384863124 0.6261322463768116 0.017713365539452495 0.01585144927536232
8 0.9432367149758454 0.7028985507246377 0.016908212560386472 0.015398550724637682
8 0.9432367149758454 0.8598278985507246 0.016908212560386472 0.01585144927536232
8 0.06843800322061191 0.8600543478260869 0.05475040257648953 0.025362318840579712
8 0.12439613526570048 0.9581068840579711 0.05233494363929146 0.01947463768115942
9 0.3752012882447665 0.9599184782608696 0.05152979066022544 0.024909420289855072
9 0.6243961352657005 0.9576539855072463 0.05394524959742351 0.024003623188405796
8 0.8747987117552335 0.9590126811594203 0.05233494363929146 0.029438405797101448
17 0.8752012882447665 0.990036231884058 0.09822866344605476 0.010869565217391304
7 0.42995169082125606 0.057518115942028984 0.7246376811594203 0.04891304347826087
20 0.500402576489533 0.011322463768115942 0.999194847020934 0.021739130434782608
