17 0.5233494363929146 0.05706521739130435 0.10144927536231885 0.016304347826086956
8 0.4416264090177134 0.057518115942028984 0.03462157809983897 0.01992753623188406
9 0.927938808373591 0.057291666666666664 0.05394524959742351 0.024003623188405796
17 0.10104669887278583 0.9664855072463768 0.04750402576489533 0.02717391304347826
8 0.2999194847020934 0.9655797101449275 0.07004830917874397 0.02717391304347826
8 0.49879227053140096 0.9660326086956522 0.04911433172302738 0.028079710144927536
8 0.6988727858293076 0.9660326086956522 0.0499194847020934 0.025362318840579712
8 0.8993558776167472 0.9660326086956522 0.0499194847020934 0.028079710144927536
17 0.20491143317230273 0.8462409420289855 0.25523349436392917 0.01585144927536232
17 0.14090177133655393 0.6442481884057971 0.12560386473429952 0.01585144927536232
17 0.17713365539452497 0.4422554347826087 0.1964573268921095 0.01585144927536232
17 0.15177133655394526 0.24048913043478262 0.14412238325281804 0.015398550724637682
17 0.2677133655394525 0.12432065217391304 0.14090177133655393 0.014039855072463768
17 0.7290660225442834 0.12454710144927536 0.0748792270531401 0.012681159420289856
9 0.8357487922705314 0.24343297101449277 0.19162640901771336 0.17346014492753623
9 0.8582930756843801 0.4429347826086957 0.20611916264090177 0.17753623188405798
9 0.8176328502415459 0.6614583333333334 0.28743961352657005 0.08831521739130435
9 0.8429951690821256 0.8453351449275363 0.23671497584541062 0.17617753623188406
7 0.500805152979066 0.057291666666666664 0.961352657004831 0.043931159420289856
20 0.500402576489533 0.011322463768115942 0.999194847020934 0.021739130434782608
