17 0.501610305958132 0.34556159420289856 0.679549114331723 0.06702898550724638
17 0.14210950080515297 0.9848278985507246 0.07971014492753623 0.012228260869565218
17 0.3808373590982287 0.9850543478260869 0.09339774557165861 0.01177536231884058
17 0.6191626409017713 0.9836956521739131 0.06280193236714976 0.00996376811594203
17 0.857085346215781 0.9836956521739131 0.11674718196457327 0.00996376811594203
8 0.8603059581320451 0.9590126811594203 0.05233494363929146 0.025815217391304348
8 0.6195652173913043 0.9601449275362319 0.039452495974235106 0.026268115942028984
8 0.38123993558776165 0.9585597826086957 0.039452495974235106 0.0276268115942029
9 0.143317230273752 0.9578804347826088 0.05636070853462158 0.021739130434782608
18 0.5 0.4470108695652174 0.9420289855072463 0.0661231884057971
8 0.500805152979066 0.22735507246376813 0.15619967793880837 0.11503623188405797
20 0.500402576489533 0.011322463768115942 0.999194847020934 0.021739130434782608
