9 0.500805152979066 0.09827898550724638 0.19484702093397746 0.10960144927536232
17 0.47342995169082125 0.1800271739130435 0.8872785829307568 0.07291666666666667
17 0.501207729468599 0.29370471014492755 0.2069243156199678 0.01947463768115942
17 0.5 0.3383152173913044 0.571658615136876 0.021739130434782608
17 0.500805152979066 0.40421195652173914 0.12721417069243157 0.01947463768115942
17 0.500402576489533 0.4476902173913044 0.3615136876006441 0.018568840579710144
17 0.14210950080515297 0.9848278985507246 0.07971014492753623 0.012228260869565218
17 0.3808373590982287 0.9850543478260869 0.09339774557165861 0.01177536231884058
17 0.6195652173913043 0.9836956521739131 0.061996779388083734 0.00996376811594203
17 0.8578904991948471 0.9839221014492754 0.11674718196457327 0.009510869565217392
8 0.8595008051529791 0.9585597826086957 0.05233494363929146 0.025815217391304348
8 0.6195652173913043 0.9601449275362319 0.039452495974235106 0.026268115942028984
8 0.38123993558776165 0.9581068840579711 0.039452495974235106 0.0276268115942029
9 0.142914653784219 0.9578804347826088 0.05555555555555555 0.021739130434782608
20 0.500402576489533 0.011322463768115942 0.999194847020934 0.021739130434782608
