17 0.4967793880837359 0.8917572463768116 0.9549114331723028 0.14583333333333334
8 0.9255233494363929 0.1587409420289855 0.023349436392914653 0.007699275362318841
8 0.24516908212560387 0.13768115942028986 0.04106280193236715 0.030797101449275364
17 0.45450885668276975 0.15806159420289856 0.2181964573268921 0.01992753623188406
17 0.4384057971014493 0.12590579710144928 0.18438003220611915 0.019021739130434784
17 0.539049919484702 0.036005434782608696 0.2922705314009662 0.024003623188405796
8 0.06924315619967794 0.034193840579710144 0.03864734299516908 0.014945652173913044
17 0.26972624798711753 0.6553442028985508 0.21900161030595813 0.019021739130434784
17 0.36553945249597425 0.5692934782608696 0.4106280193236715 0.015398550724637682
17 0.3027375201288245 0.48482789855072467 0.28502415458937197 0.01585144927536232
7 0.500402576489533 0.6598731884057971 0.6851851851851852 0.028985507246376812
7 0.500402576489533 0.5756340579710145 0.6851851851851852 0.028985507246376812
7 0.500402576489533 0.4913949275362319 0.6851851851851852 0.028985507246376812
17 0.4210950080515298 0.25249094202898553 0.5217391304347826 0.026721014492753624
17 0.4577294685990338 0.35258152173913043 0.5982286634460547 0.09465579710144928
17 0.5458937198067633 0.7595108695652174 0.19162640901771336 0.017210144927536232
17 0.7814009661835749 0.7583786231884058 0.1215780998389694 0.014945652173913044
11 0.500805152979066 0.5002264492753623 0.8003220611916264 0.6046195652173914
