17 0.35478231360708534 0.19711169754464283 0.30124252737520124 0.01646591369047617
17 0.29763015660225445 0.26733643675595237 0.19186247745571658 0.016379038690476213
18 0.499919402979066 0.35813723288690474 0.8799197737520129 0.05086996428571433
17 0.5003879504830918 0.4103959629836309 0.7662170330112721 0.013987632068452374
17 0.5002031557971014 0.9155498231026785 0.575285538647343 0.01874642150297625
8 0.1476669066022544 0.26702082719494047 0.05742732528180354 0.03287644605654758
8 0.14801242230273753 0.19800579557291664 0.058181823671497594 0.01981107403273811
17 0.4994914963768116 0.09106211718749999 0.5056451618357488 0.024751793898809528
7 0.5004402105475041 0.26740573697916664 0.8787043904991948 0.06926536532738094
7 0.5004159863123994 0.1970718757440476 0.8786443317230272 0.06927398288690476
0 0.500402576489533 0.5001860119047619 0.999194847020934 0.9996279761904762
