8 0.927536231884058 0.595108695652174 0.02576489533011272 0.014492753623188406
17 0.18276972624798712 0.5971467391304348 0.1111111111111111 0.018568840579710144
5 0.143317230273752 0.5957880434782609 0.19001610305958133 0.023097826086956524
8 0.927536231884058 0.535552536231884 0.02576489533011272 0.014945652173913044
17 0.1610305958132045 0.5350996376811594 0.06763285024154589 0.01585144927536232
5 0.12198067632850242 0.535552536231884 0.1473429951690821 0.022192028985507248
8 0.927536231884058 0.47599637681159424 0.02576489533011272 0.014492753623188406
17 0.17431561996779388 0.47622282608695654 0.09420289855072464 0.014945652173913044
5 0.1356682769726248 0.4757699275362319 0.17310789049919484 0.022192028985507248
8 0.927536231884058 0.416213768115942 0.02576489533011272 0.014492753623188406
17 0.14935587761674718 0.4164402173913044 0.04911433172302738 0.014945652173913044
5 0.11191626409017713 0.416213768115942 0.12721417069243157 0.022644927536231884
8 0.927536231884058 0.35643115942028986 0.02576489533011272 0.014492753623188406
17 0.1960547504025765 0.35620471014492755 0.14090177133655393 0.01585144927536232
5 0.15780998389694043 0.35620471014492755 0.21900161030595813 0.022192028985507248
8 0.927536231884058 0.2966485507246377 0.02576489533011272 0.014492753623188406
17 0.18760064412238325 0.2982336956521739 0.12399355877616747 0.01947463768115942
5 0.14935587761674718 0.296875 0.20209339774557167 0.023097826086956524
8 0.927536231884058 0.2368659420289855 0.02576489533011272 0.014492753623188406
17 0.16022544283413848 0.23709239130434784 0.06602254428341385 0.014945652173913044
5 0.1215780998389694 0.2368659420289855 0.14492753623188406 0.022644927536231884
8 0.927536231884058 0.17708333333333334 0.02576489533011272 0.014492753623188406
17 0.8180354267310789 0.17708333333333334 0.13687600644122383 0.00996376811594203
18 0.8502415458937198 0.17708333333333334 0.24154589371980675 0.03804347826086957
17 0.1859903381642512 0.17730978260869565 0.12077294685990338 0.014945652173913044
5 0.1473429951690821 0.176856884057971 0.19806763285024154 0.022192028985507248
17 0.11312399355877617 0.11911231884057971 0.14895330112721417 0.019021739130434784
8 0.07206119162640902 0.057291666666666664 0.04589371980676329 0.016757246376811596
17 0.8957326892109501 0.058197463768115944 0.11030595813204509 0.01585144927536232
8 0.8997584541062802 0.9590126811594203 0.06038647342995169 0.033967391304347824
8 0.6984702093397746 0.9585597826086957 0.04106280193236715 0.03306159420289855
8 0.499597423510467 0.958786231884058 0.05877616747181964 0.030797101449275364
8 0.3007246376811594 0.9592391304347826 0.0571658615136876 0.03260869565217391
8 0.10104669887278583 0.958786231884058 0.05877616747181964 0.030797101449275364
17 0.8993558776167472 0.9907155797101449 0.09500805152979067 0.013134057971014492
17 0.6984702093397746 0.9909420289855072 0.08776167471819646 0.012681159420289856
17 0.499194847020934 0.9895833333333334 0.13526570048309178 0.010869565217391304
17 0.3007246376811594 0.9907155797101449 0.05877616747181964 0.013134057971014492
17 0.10104669887278583 0.9898097826086957 0.06682769726247988 0.010416666666666666
20 0.500402576489533 0.011096014492753624 0.999194847020934 0.021286231884057972
