20 0.500402576489533 0.012228260869565218 0.999194847020934 0.02355072463768116
8 0.046296296296296294 0.057744565217391304 0.03140096618357488 0.029438405797101448
17 0.5 0.058423913043478264 0.1706924315619968 0.026268115942028984
18 0.500402576489533 0.13156702898550726 0.9508856682769726 0.06114130434782609
17 0.500805152979066 0.19542572463768115 0.040257648953301126 0.013134057971014492
7 0.500402576489533 0.25792572463768115 0.9508856682769726 0.06114130434782609
17 0.1107085346215781 0.25769927536231885 0.09259259259259259 0.014492753623188406
7 0.500805152979066 0.3326539855072464 0.9516908212560387 0.06114130434782609
17 0.13848631239935588 0.33220108695652173 0.14653784219001612 0.014945652173913044
7 0.26247987117552335 0.4073822463768116 0.4750402576489533 0.06114130434782609
7 0.7387278582930756 0.4073822463768116 0.4742351046698873 0.06114130434782609
17 0.14653784219001612 0.4071557971014493 0.16264090177133655 0.014492753623188406
17 0.5970209339774557 0.48278985507246375 0.10869565217391304 0.014492753623188406
17 0.10064412238325282 0.48278985507246375 0.06924315619967794 0.014492753623188406
5 0.2673107890499195 0.48165760869565216 0.40418679549114334 0.0276268115942029
5 0.7435587761674718 0.48165760869565216 0.4033816425120773 0.0276268115942029
8 0.9359903381642513 0.5570652173913043 0.020128824476650563 0.017210144927536232
17 0.1288244766505636 0.5591032608695652 0.1288244766505636 0.018568840579710144
8 0.9359903381642513 0.6317934782608696 0.020128824476650563 0.017210144927536232
17 0.1678743961352657 0.6320199275362319 0.2037037037037037 0.014945652173913044
17 0.464170692431562 0.904891304347826 0.8494363929146538 0.018115942028985508
7 0.500402576489533 0.6311141304347826 0.9508856682769726 0.06114130434782609
7 0.500402576489533 0.556838768115942 0.9508856682769726 0.06114130434782609
18 0.5 0.9556159420289855 0.9516908212560387 0.06159420289855073
