17 0.25 0.11616847826086957 0.17149758454106281 0.014039855072463768
17 0.501207729468599 0.838768115942029 0.31803542673107893 0.01358695652173913
18 0.7355072463768116 0.7597373188405797 0.43397745571658614 0.060235507246376815
18 0.26570048309178745 0.7597373188405797 0.43478260869565216 0.060235507246376815
13 0.500402576489533 0.673233695652174 0.17310789049919484 0.010416666666666666
17 0.5 0.28804347826086957 0.7326892109500805 0.05615942028985507
17 0.501610305958132 0.208106884057971 0.42673107890499196 0.06114130434782609
17 0.751207729468599 0.11616847826086957 0.21739130434782608 0.014039855072463768
8 0.9057971014492754 0.057518115942028984 0.0499194847020934 0.028079710144927536
8 0.7942834138486312 0.057518115942028984 0.050724637681159424 0.028079710144927536
17 0.5020128824476651 0.059556159420289856 0.14412238325281804 0.025815217391304348
17 0.10024154589371981 0.9913949275362319 0.05555555555555555 0.01358695652173913
17 0.30112721417069244 0.9911684782608696 0.08856682769726248 0.014039855072463768
17 0.500805152979066 0.9913949275362319 0.10305958132045089 0.01358695652173913
17 0.7008856682769726 0.9902626811594203 0.1280193236714976 0.011322463768115942
17 0.9001610305958132 0.990036231884058 0.05314009661835749 0.010869565217391304
8 0.8997584541062802 0.9612771739130435 0.07971014492753623 0.012228260869565218
8 0.6988727858293076 0.9605978260869565 0.06924315619967794 0.03260869565217391
8 0.499597423510467 0.9617300724637682 0.06682769726247988 0.03759057971014493
8 0.2886473429951691 0.9615036231884058 0.0861513687600644 0.03894927536231884
8 0.10104669887278583 0.9605978260869565 0.0571658615136876 0.04076086956521739
9 0.500402576489533 0.4567481884057971 0.999194847020934 0.5058876811594203
20 0.500402576489533 0.011322463768115942 0.999194847020934 0.021739130434782608
