17 0.11584360265700484 0.4364075869565217 0.12738763204508857 0.018323704710144943
17 0.08965618760064412 0.3548926616847826 0.07505134299516908 0.018294154891304364
17 0.10082521014492753 0.2735525350996377 0.0979487037037037 0.018414677083333306
17 0.1230273039452496 0.19265459601449275 0.14355380273752014 0.01711005072463769
20 0.500402576489533 0.011096014492753624 0.999194847020934 0.021286231884057972
17 0.500002039452496 0.06001457971014493 0.16520246215781 0.03335896105072464
7 0.5004000072463768 0.27772578645833335 0.9027512689210949 0.026763501358695634
7 0.5003888904991949 0.1967225212862319 0.9027847069243157 0.02583347554347827
7 0.500402326489533 0.4406653833786232 0.9027381779388083 0.026830783967391327
7 0.5004024335748791 0.35917852921195653 0.9027788494363929 0.02684714809782609
18 0.5002427709339775 0.5626712742300725 0.903597071658615 0.06884113269927536
17 0.4348634239130435 0.6391780964673913 0.31839559339774554 0.021094004528985504
17 0.6645360873590982 0.6381291929347827 0.11484437922705312 0.023560454710144972
