17 0.45611916264090174 0.17527173913043478 0.7898550724637681 0.06974637681159421
17 0.427938808373591 0.2511322463768116 0.7383252818035426 0.052083333333333336
17 0.1859903381642512 0.670516304347826 0.2560386473429952 0.01585144927536232
17 0.2608695652173913 0.7035778985507246 0.40096618357487923 0.021286231884057972
17 0.44524959742351045 0.7452445652173914 0.7697262479871175 0.04030797101449275
17 0.41626409017713367 0.8697916666666666 0.711755233494364 0.07019927536231885
17 0.10024154589371981 0.9816576086956522 0.10547504025764895 0.011322463768115942
17 0.2995169082125604 0.9814311594202899 0.07890499194847021 0.010869565217391304
17 0.5 0.9814311594202899 0.06602254428341385 0.010869565217391304
17 0.7000805152979066 0.9816576086956522 0.0748792270531401 0.011322463768115942
17 0.9005636070853462 0.9816576086956522 0.09420289855072464 0.011322463768115942
8 0.10144927536231885 0.9501811594202899 0.05152979066022544 0.03170289855072464
8 0.30112721417069244 0.9504076086956522 0.05958132045088567 0.029438405797101448
9 0.500402576489533 0.9499547101449275 0.05233494363929146 0.03215579710144927
8 0.6996779388083736 0.9492753623188406 0.05475040257648953 0.029891304347826088
8 0.9001610305958132 0.9497282608695652 0.05958132045088567 0.03351449275362319
8 0.12198067632850242 0.07382246376811594 0.023349436392914653 0.022644927536231884
9 0.500402576489533 0.47667572463768115 0.8848631239935588 0.3319746376811594
17 0.3711755233494364 0.07518115942028986 0.3752012882447665 0.019021739130434784
7 0.500402576489533 0.07359601449275363 0.8864734299516909 0.06567028985507246
20 0.500402576489533 0.011322463768115942 0.999194847020934 0.021739130434782608
