17 0.21940418679549115 0.24886775362318841 0.2777777777777778 0.021286231884057972
17 0.2572463768115942 0.3589221014492754 0.3534621578099839 0.020380434782608696
7 0.500402576489533 0.3632246376811594 0.8462157809983897 0.029891304347826088
7 0.500805152979066 0.25317028985507245 0.8470209339774557 0.030797101449275364
9 0.500402576489533 0.1225090579710145 0.20531400966183574 0.07201086956521739
17 0.12681159420289856 0.2126358695652174 0.09742351046698873 0.01585144927536232
17 0.16867954911433172 0.322463768115942 0.17954911433172302 0.016304347826086956
17 0.20933977455716585 0.4336503623188406 0.2576489533011272 0.017663043478260868
17 0.500402576489533 0.6105072463768116 0.12962962962962962 0.021739130434782608
18 0.500805152979066 0.5192481884057971 0.8454106280193237 0.06567028985507246
9 0.500402576489533 0.8115942028985508 0.999194847020934 0.37681159420289856
20 0.500402576489533 0.011322463768115942 0.999194847020934 0.021739130434782608
