17 0.10658867069243155 0.3548845484601449 0.11212225120772946 0.013741644927536222
17 0.13354940177133656 0.2471568894927536 0.16605836392914655 0.01375867300724637
8 0.9565589400161031 0.7664560235507247 0.04682045169082122 0.026291280797101454
8 0.956576828099839 0.6875124669384058 0.04655547423510469 0.02593004528985504
17 0.29407838687600646 0.7666530885416667 0.5464297753623188 0.01682745878623189
17 0.24531863244766505 0.6878927755887682 0.4458223856682769 0.016768026721014514
17 0.8872785829307568 0.35167572463768115 0.08695652173913043 0.01585144927536232
18 0.5004014263285025 0.5721758967391304 0.9609683035426732 0.0572446739130435
17 0.4996249802737521 0.4164870717844203 0.2979625515297907 0.016543180706521728
16 0.8997495100644122 0.48281031068840574 0.16242703301127204 0.03698254981884053
8 0.9276258679549114 0.05696443183876812 0.04708474074074082 0.02470953577898551
17 0.14653701650563608 0.48277072622282613 0.24663208776167475 0.01693570788043479
17 0.10538641062801933 0.30780558650362316 0.16602017230273752 0.016373759057971036
17 0.14441567793880838 0.20054488949275362 0.24392098389694042 0.016430910326086956
8 0.31654354227053144 0.48236252626811593 0.041358862318840575 0.02331957608695644
7 0.500411518921095 0.35491295131340583 0.9606489380032205 0.046201871829710146
7 0.5004230201288244 0.24763329823369562 0.9606707536231882 0.046216135416666644
17 0.09860202455716585 0.14215825951086958 0.15545295571658616 0.025466089673913048
20 0.500402576489533 0.011096014492753624 0.999194847020934 0.021286231884057972
