17 0.23792270531400966 0.11888586956521739 0.29549114331723025 0.017663043478260868
18 0.4830917874396135 0.2801177536231884 0.2109500805152979 0.03306159420289855
18 0.4830917874396135 0.42617753623188404 0.2109500805152979 0.03351449275362319
18 0.4830917874396135 0.6003170289855072 0.2109500805152979 0.03306159420289855
18 0.4830917874396135 0.7742300724637681 0.2109500805152979 0.03306159420289855
17 0.11594202898550725 0.9859601449275363 0.06602254428341385 0.00996376811594203
17 0.3083735909822866 0.9855072463768116 0.11916264090177134 0.010869565217391304
17 0.5 0.985733695652174 0.07890499194847021 0.010416666666666666
17 0.6920289855072463 0.985733695652174 0.04911433172302738 0.010416666666666666
17 0.8836553945249598 0.985733695652174 0.09581320450885668 0.010416666666666666
17 0.5877616747181964 0.8910778985507246 0.4186795491143317 0.04483695652173913
17 0.4504830917874396 0.745697463768116 0.14251207729468598 0.014945652173913044
17 0.5954106280193237 0.7033514492753623 0.43397745571658614 0.018115942028985508
17 0.4504830917874396 0.5717844202898551 0.14251207729468598 0.014945652173913044
17 0.5841384863123994 0.5296648550724637 0.4114331723027375 0.017663043478260868
17 0.45088566827697263 0.39787137681159424 0.143317230273752 0.014945652173913044
17 0.5913848631239935 0.3555253623188406 0.42592592592592593 0.018115942028985508
17 0.4585346215780998 0.2511322463768116 0.15861513687600645 0.014945652173913044
17 0.6034621578099839 0.1958786231884058 0.4500805152979066 0.04574275362318841
17 0.500402576489533 0.05706521739130435 0.2181964573268921 0.017210144927536232
8 0.07326892109500806 0.05706521739130435 0.04186795491143317 0.01992753623188406
8 0.055152979066022546 0.11752717391304347 0.03140096618357488 0.017663043478260868
8 0.9444444444444444 0.17640398550724637 0.040257648953301126 0.021286231884057972
8 0.9440418679549114 0.35031702898550726 0.04106280193236715 0.021286231884057972
8 0.9440418679549114 0.5242300724637681 0.04106280193236715 0.021286231884057972
8 0.9440418679549114 0.698143115942029 0.04106280193236715 0.021286231884057972
8 0.9444444444444444 0.8716032608695652 0.040257648953301126 0.021286231884057972
8 0.8844605475040258 0.9617300724637682 0.04106280193236715 0.023097826086956524
8 0.7081320450885669 0.9592391304347826 0.071658615136876 0.029891304347826088
8 0.500402576489533 0.9621829710144928 0.0426731078904992 0.024003623188405796
8 0.3079710144927536 0.9617300724637682 0.0426731078904992 0.023097826086956524
8 0.11553945249597423 0.9619565217391305 0.0426731078904992 0.02355072463768116
9 0.19363929146537842 0.9096467391304348 0.1892109500805153 0.06114130434782609
9 0.1960547504025765 0.7590579710144928 0.20048309178743962 0.10869565217391304
9 0.19766505636070852 0.5851449275362319 0.19887278582930756 0.10869565217391304
9 0.19082125603864733 0.4114583333333333 0.20128824476650564 0.1082427536231884
9 0.18800322061191627 0.23799818840579712 0.11191626409017713 0.1272644927536232
7 0.500805152979066 0.11730072463768117 0.961352657004831 0.03804347826086957
20 0.500402576489533 0.011322463768115942 0.999194847020934 0.021739130434782608
