17 0.11545798148148147 0.30677705729166665 0.1523396312399356 0.011989116815476165
17 0.08046090458937197 0.23220198511904763 0.08224264653784219 0.012422697916666656
17 0.21482436795491144 0.3908615340401786 0.35577696296296296 0.014988808407738117
17 0.4991896867954912 0.15990534281994048 0.40986493236714977 0.018787997395833336
17 0.5011813892914654 0.07601278459821428 0.11140596698872787 0.017659840029761904
17 0.12262226127214171 0.07380116276041666 0.08805755636070854 0.014624181175595236
8 0.04633690660225443 0.07417543154761903 0.0298718808373591 0.023524136904761902
20 0.519846942431562 0.025588929687499994 0.8561190056360709 0.014298331101190475
7 0.5004077487922706 0.23760313076636902 0.9268734702093399 0.023169994419642848
7 0.5004054496779389 0.31270896819196425 0.9268841618357488 0.02391996837797619
18 0.5003362600644122 0.4607837767857143 0.9274137165861513 0.05619403273809521
