17 0.250402576489533 0.059556159420289856 0.12560386473429952 0.020380434782608696
17 0.750805152979066 0.058197463768115944 0.08776167471819646 0.01585144927536232
17 0.2834138486312399 0.4338768115942029 0.47342995169082125 0.016304347826086956
17 0.4504830917874396 0.4639945652173913 0.8075684380032206 0.021286231884057972
17 0.31280193236714976 0.8648097826086957 0.5305958132045089 0.016757246376811596
17 0.44605475040257647 0.8953804347826088 0.7987117552334944 0.020833333333333332
17 0.09098228663446055 0.9259510869565217 0.09017713365539452 0.014039855072463768
17 0.12600644122383253 0.9904891304347826 0.061996779388083734 0.010869565217391304
17 0.37600644122383253 0.9916213768115942 0.08695652173913043 0.013134057971014492
17 0.6256038647342995 0.9902626811594203 0.1497584541062802 0.011322463768115942
17 0.8752012882447665 0.9916213768115942 0.0966183574879227 0.014039855072463768
8 0.8756038647342995 0.9594655797101449 0.04911433172302738 0.0276268115942029
8 0.644122383252818 0.9553894927536232 0.0853462157809984 0.035778985507246376
8 0.3752012882447665 0.9590126811594203 0.04830917874396135 0.0276268115942029
8 0.12560386473429952 0.9592391304347826 0.04669887278582931 0.03260869565217391
8 0.8707729468599034 0.9209692028985508 0.14251207729468598 0.01585144927536232
8 0.8707729468599034 0.489356884057971 0.14251207729468598 0.01585144927536232
8 0.7999194847020934 0.5713315217391305 0.08776167471819646 0.049365942028985504
8 0.9110305958132046 0.5713315217391305 0.08776167471819646 0.049365942028985504
8 0.7995169082125604 0.1403985507246377 0.08695652173913043 0.049818840579710144
8 0.9110305958132046 0.140625 0.08776167471819646 0.049365942028985504
9 0.5 0.25249094202898553 0.9565217391304348 0.3002717391304348
9 0.500805152979066 0.6834239130434783 0.9565217391304348 0.3007246376811594
20 0.500402576489533 0.011322463768115942 0.999194847020934 0.021739130434782608
