17 0.53743961352657 0.14017210144927536 0.7576489533011272 0.022192028985507248
9 0.5 0.980072463768116 0.9227053140096618 0.03985507246376812
8 0.3743961352657005 0.9008152173913043 0.214170692431562 0.019021739130434784
17 0.143317230273752 0.901947463768116 0.20450885668276972 0.01947463768115942
17 0.13486312399355876 0.8702445652173914 0.18760064412238325 0.017663043478260868
17 0.4718196457326892 0.8392210144927537 0.8599033816425121 0.021739130434782608
18 0.1392914653784219 0.7894021739130435 0.16264090177133655 0.02717391304347826
9 0.500402576489533 0.717391304347826 0.9219001610305958 0.19293478260869565
8 0.355877616747182 0.5613677536231884 0.214170692431562 0.018568840579710144
17 0.13365539452495975 0.5625 0.18518518518518517 0.019021739130434784
17 0.0966183574879227 0.53125 0.10950080515297907 0.017210144927536232
17 0.27012882447665054 0.4997735507246377 0.45974235104669886 0.022192028985507248
18 0.13123993558776167 0.45018115942028986 0.14492753623188406 0.02717391304347826
9 0.500402576489533 0.37771739130434784 0.9219001610305958 0.19293478260869565
17 0.8884863123993558 0.213768115942029 0.14251207729468598 0.014492753623188406
17 0.10265700483091787 0.21580615942028986 0.12318840579710146 0.01947463768115942
8 0.10386473429951691 0.13858695652173914 0.057971014492753624 0.03260869565217391
7 0.500805152979066 0.13926630434782608 0.9516908212560387 0.08197463768115942
8 0.07286634460547504 0.057518115942028984 0.0426731078904992 0.024456521739130436
9 0.500805152979066 0.057518115942028984 0.40096618357487923 0.02717391304347826
20 0.500402576489533 0.011096014492753624 0.999194847020934 0.021286231884057972
