17 0.2359098228663446 0.6460597826086957 0.15619967793880837 0.017663043478260868
17 0.20209339774557167 0.5643115942028986 0.08856682769726248 0.018115942028985508
17 0.250402576489533 0.4834692028985507 0.18357487922705315 0.016757246376811596
18 0.499597423510467 0.7880434782608696 0.9041867954911433 0.0661231884057971
17 0.500805152979066 0.9621829710144928 0.4524959742351047 0.01585144927536232
17 0.5 0.8854166666666666 0.3687600644122383 0.01992753623188406
17 0.500402576489533 0.7171648550724637 0.03462157809983897 0.011322463768115942
17 0.5 0.39107789855072467 0.4492753623188406 0.06838768115942029
9 0.5 0.11548913043478261 0.2286634460547504 0.050724637681159424
8 0.10185185185185185 0.484375 0.0571658615136876 0.03215579710144927
8 0.10144927536231885 0.5654438405797102 0.05475040257648953 0.022192028985507248
8 0.10185185185185185 0.6471920289855072 0.039452495974235106 0.028079710144927536
8 0.09219001610305957 0.057518115942028984 0.0426731078904992 0.024456521739130436
7 0.5 0.4839221014492754 0.9049919484702094 0.06657608695652174
7 0.500805152979066 0.5654438405797102 0.9049919484702094 0.06657608695652174
7 0.5 0.6469655797101449 0.9049919484702094 0.06657608695652174
