17 0.3667471819645733 0.4830163043478261 0.5740740740740741 0.024003623188405796
17 0.4887278582930757 0.5491394927536232 0.821256038647343 0.036684782608695655
17 0.1610305958132045 0.6003170289855072 0.16264090177133655 0.014945652173913044
17 0.12600644122383253 0.9904891304347826 0.061996779388083734 0.010869565217391304
17 0.37600644122383253 0.9920742753623188 0.08695652173913043 0.013134057971014492
17 0.6256038647342995 0.9902626811594203 0.1497584541062802 0.011322463768115942
17 0.8747987117552335 0.9916213768115942 0.09742351046698873 0.014039855072463768
8 0.1252012882447665 0.9592391304347826 0.04750402576489533 0.03260869565217391
8 0.3747987117552335 0.9590126811594203 0.04911433172302738 0.0276268115942029
8 0.6256038647342995 0.9592391304347826 0.0499194847020934 0.028079710144927536
8 0.8756038647342995 0.9594655797101449 0.04911433172302738 0.0276268115942029
17 0.250402576489533 0.059782608695652176 0.12560386473429952 0.020833333333333332
17 0.750805152979066 0.058197463768115944 0.08776167471819646 0.01585144927536232
9 0.5 0.2728713768115942 0.9484702093397746 0.35643115942028986
9 0.5 0.7948369565217391 0.9484702093397746 0.276268115942029
20 0.500402576489533 0.011322463768115942 0.999194847020934 0.021739130434782608
