17 0.5 0.05638586956521739 0.322061191626409 0.020380434782608696
17 0.500402576489533 0.1659873188405797 0.5402576489533011 0.018568840579710144
17 0.2834138486312399 0.25883152173913043 0.1320450885668277 0.01947463768115942
17 0.5181159420289855 0.3052536231884058 0.6030595813204509 0.059782608695652176
17 0.32930756843800324 0.37817028985507245 0.22705314009661837 0.016304347826086956
17 0.5209339774557166 0.4264039855072464 0.6103059581320451 0.059329710144927536
17 0.27093397745571657 0.4995471014492754 0.107085346215781 0.016304347826086956
17 0.5197262479871175 0.5461956521739131 0.6095008051529791 0.05615942028985507
17 0.28743961352657005 0.620697463768116 0.14492753623188406 0.01585144927536232
17 0.5120772946859904 0.6677989130434783 0.5942028985507246 0.05570652173913043
17 0.9408212560386473 0.693161231884058 0.06682769726247988 0.012228260869565218
17 0.9210950080515298 0.623641304347826 0.10628019323671498 0.024456521739130436
17 0.9408212560386473 0.5717844202898551 0.06682769726247988 0.012228260869565218
17 0.9307568438003221 0.5022644927536232 0.08695652173913043 0.024456521739130436
17 0.9408212560386473 0.45040760869565216 0.06682769726247988 0.012228260869565218
17 0.9307568438003221 0.38134057971014496 0.08695652173913043 0.024456521739130436
17 0.9396135265700483 0.3290307971014493 0.06924315619967794 0.012228260869565218
17 0.9311594202898551 0.259963768115942 0.0861513687600644 0.024456521739130436
17 0.250402576489533 0.9893568840579711 0.10950080515297907 0.012228260869565218
17 0.749597423510467 0.9898097826086957 0.0821256038647343 0.012228260869565218
8 0.13808373590982287 0.05593297101449275 0.016908212560386472 0.014945652173913044
8 0.050724637681159424 0.057291666666666664 0.0322061191626409 0.014945652173913044
8 0.250805152979066 0.9599184782608696 0.0748792270531401 0.042119565217391304
8 0.749597423510467 0.9601449275362319 0.06924315619967794 0.042572463768115944
9 0.10869565217391304 0.6551177536231884 0.16747181964573268 0.09465579710144928
9 0.10829307568438003 0.5339673913043478 0.1682769726247987 0.09420289855072464
9 0.10829307568438003 0.4123641304347826 0.1682769726247987 0.09465579710144928
9 0.10869565217391304 0.2914402173913043 0.16747181964573268 0.09465579710144928
18 0.26207729468599034 0.12092391304347826 0.4758454106280193 0.03985507246376812
18 0.7387278582930756 0.12047101449275363 0.4758454106280193 0.03985507246376812
18 0.8856682769726248 0.2105978260869565 0.1819645732689211 0.03351449275362319
18 0.11513687600644122 0.2103713768115942 0.1819645732689211 0.03306159420289855
8 0.9142512077294686 0.2803442028985507 0.12318840579710146 0.01177536231884058
8 0.9142512077294686 0.401268115942029 0.12318840579710146 0.01177536231884058
8 0.9142512077294686 0.5226449275362319 0.12318840579710146 0.01177536231884058
