17 0.5986312399355878 0.25747282608695654 0.1247987117552335 0.01585144927536232
17 0.13405797101449277 0.40851449275362317 0.11352657004830918 0.016304347826086956
17 0.10950080515297907 0.333786231884058 0.0644122383252818 0.016304347826086956
17 0.142914653784219 0.2572463768115942 0.12962962962962962 0.016304347826086956
7 0.7326892109500805 0.2570199275362319 0.4492753623188406 0.07472826086956522
7 0.26811594202898553 0.2572463768115942 0.4492753623188406 0.07427536231884058
7 0.5 0.3342391304347826 0.9146537842190016 0.07065217391304347
7 0.500805152979066 0.41032608695652173 0.9146537842190016 0.07246376811594203
17 0.6332528180354268 0.6089221014492754 0.0861513687600644 0.022192028985507248
17 0.4355877616747182 0.6077898550724637 0.2914653784219002 0.018115942028985508
18 0.500402576489533 0.5307971014492754 0.604669887278583 0.06159420289855073
20 0.500402576489533 0.011322463768115942 0.999194847020934 0.021739130434782608
9 0.5020128824476651 0.145606884057971 0.3035426731078905 0.021286231884057972
17 0.501207729468599 0.05344202898550725 0.2922705314009662 0.025362318840579712
17 0.10789049919484701 0.07155797101449275 0.06602254428341385 0.014492753623188406
8 0.10829307568438003 0.04642210144927536 0.05394524959742351 0.023097826086956524
