8 0.7322866344605475 0.3002717391304348 0.05877616747181964 0.03351449275362319
8 0.6167471819645732 0.3007246376811594 0.061191626409017714 0.03351449275362319
8 0.499597423510467 0.3004981884057971 0.05877616747181964 0.033967391304347824
8 0.3852657004830918 0.3002717391304348 0.05877616747181964 0.03351449275362319
8 0.26811594202898553 0.30004528985507245 0.05958132045088567 0.03306159420289855
8 0.08051529790660225 0.06159420289855073 0.030595813204508857 0.017210144927536232
17 0.21296296296296297 0.06408514492753624 0.13768115942028986 0.026721014492753624
17 0.500402576489533 0.5566123188405797 0.3856682769726248 0.02717391304347826
17 0.499597423510467 0.5978260869565217 0.2648953301127214 0.018115942028985508
9 0.2882447665056361 0.6893115942028986 0.1723027375201288 0.09692028985507246
9 0.500402576489533 0.6895380434782609 0.17310789049919484 0.0973731884057971
9 0.7129629629629629 0.6895380434782609 0.17310789049919484 0.0973731884057971
17 0.500402576489533 0.7844202898550725 0.35507246376811596 0.014492753623188406
18 0.500805152979066 0.9322916666666666 0.8840579710144928 0.07110507246376811
17 0.5024154589371981 0.37794384057971014 0.2962962962962963 0.01947463768115942
9 0.500402576489533 0.208106884057971 0.15539452495974235 0.08740942028985507
20 0.500402576489533 0.011322463768115942 0.999194847020934 0.021739130434782608
