17 0.11465939049919484 0.9238968350074405 0.12505698711755234 0.016789663318452393
8 0.9432323904991947 0.32130734133184524 0.016924528180354264 0.016394161086309516
17 0.20997974677938808 0.3209623041294643 0.28682063687600645 0.01417135081845237
8 0.9432246260064412 0.2577206860119048 0.016945954106280192 0.016390369047619056
17 0.21843045611916267 0.25809037109375 0.3036564259259259 0.015069257812500002
8 0.9432539637681161 0.19412041276041667 0.01698929790660239 0.01641535751488093
17 0.23651822423510466 0.19437155264136904 0.3382844726247987 0.015231200520833328
8 0.9428246046698873 0.13072406101190476 0.0161221272141707 0.016050599702380944
17 0.1759193160225443 0.13013239694940476 0.21482635346215778 0.014197406250000015
9 0.5010848236714975 0.07555021558779762 0.15836932528180356 0.01928647358630952
8 0.07676574396135265 0.0736000822172619 0.05600151529790659 0.01871942336309524
20 0.5130108574879227 0.0253796640625 0.8698220370370371 0.013972814732142857
