17 0.1566022544283414 0.2864583333333333 0.19082125603864733 0.01947463768115942
17 0.2041062801932367 0.16983695652173914 0.28421900161030594 0.019021739130434784
18 0.500805152979066 0.9540307971014493 0.8840579710144928 0.060235507246376815
18 0.500805152979066 0.6551177536231884 0.8840579710144928 0.060235507246376815
17 0.500805152979066 0.5785778985507246 0.033816425120772944 0.011322463768115942
17 0.500805152979066 0.501358695652174 0.32045088566827695 0.020833333333333332
18 0.5 0.40783514492753625 0.8840579710144928 0.060235507246376815
8 0.9134460547504025 0.28759057971014496 0.04428341384863124 0.01992753623188406
7 0.500402576489533 0.29732789855072467 0.8848631239935588 0.04030797101449275
7 0.500402576489533 0.18048007246376813 0.8848631239935588 0.04030797101449275
8 0.06884057971014493 0.057291666666666664 0.036231884057971016 0.020380434782608696
17 0.500402576489533 0.05615942028985507 0.12318840579710146 0.020833333333333332
20 0.500402576489533 0.011096014492753624 0.999194847020934 0.021286231884057972
