17 0.5205314009661836 0.18115942028985507 0.11513687600644122 0.012681159420289856
17 0.500402576489533 0.04664855072463768 0.7962962962962963 0.009057971014492754
17 0.4883252818035427 0.11571557971014493 0.5628019323671497 0.016757246376811596
17 0.21739130434782608 0.2558876811594203 0.3075684380032206 0.016304347826086956
17 0.2584541062801932 0.47033514492753625 0.3896940418679549 0.016757246376811596
17 0.18719806763285024 0.6850090579710145 0.2471819645732689 0.016757246376811596
17 0.18719806763285024 0.8996829710144928 0.2471819645732689 0.016757246376811596
8 0.06038647342995169 0.11571557971014493 0.04508856682769726 0.01947463768115942
8 0.927133655394525 0.11888586956521739 0.05233494363929146 0.024003623188405796
8 0.4355877616747182 0.18070652173913043 0.030595813204508857 0.017210144927536232
9 0.500402576489533 0.8917572463768116 0.999194847020934 0.20108695652173914
9 0.500402576489533 0.6770833333333334 0.999194847020934 0.20108695652173914
9 0.500402576489533 0.4628623188405797 0.999194847020934 0.20108695652173914
7 0.500402576489533 0.18115942028985507 0.9605475040257649 0.04076086956521739
9 0.500402576489533 0.24932065217391305 0.999194847020934 0.19882246376811594
20 0.500402576489533 0.014039855072463768 0.999194847020934 0.02717391304347826
