20 0.500402576489533 0.011322463768115942 0.999194847020934 0.021739130434782608
17 0.10144927536231885 0.05683876811594203 0.10144927536231885 0.018568840579710144
17 0.9094202898550725 0.059103260869565216 0.08293075684380032 0.022192028985507248
17 0.49879227053140096 0.2112771739130435 0.8236714975845411 0.035778985507246376
17 0.5 0.26222826086956524 0.7600644122383253 0.04710144927536232
17 0.5 0.4544836956521739 0.7938808373590982 0.016757246376811596
17 0.499194847020934 0.4879981884057971 0.8695652173913043 0.035778985507246376
17 0.499597423510467 0.7402626811594203 0.8446054750402576 0.07653985507246377
18 0.500402576489533 0.3976449275362319 0.8848631239935588 0.06068840579710145
18 0.500805152979066 0.5769927536231884 0.8840579710144928 0.06068840579710145
18 0.500805152979066 0.6530797101449275 0.8840579710144928 0.06068840579710145
