17 0.501610305958132 0.057518115942028984 0.10466988727858292 0.018115942028985508
17 0.286634460547504 0.21354166666666666 0.3784219001610306 0.10914855072463768
17 0.22665056360708535 0.3374094202898551 0.29066022544283415 0.021739130434782608
17 0.4939613526570048 0.3951539855072464 0.8317230273752013 0.06838768115942029
18 0.500402576489533 0.48641304347826086 0.38727858293075684 0.041666666666666664
17 0.3530595813204509 0.644927536231884 0.5466988727858293 0.16394927536231885
17 0.820450885668277 0.7022192028985508 0.01932367149758454 0.01585144927536232
8 0.8868760064412239 0.7015398550724637 0.071658615136876 0.03351449275362319
17 0.2528180354267311 0.78125 0.34299516908212563 0.026268115942028984
17 0.4923510466988728 0.8362771739130435 0.8252818035426731 0.06838768115942029
18 0.500402576489533 0.9279891304347826 0.38727858293075684 0.041666666666666664
8 0.08293075684380032 0.05706521739130435 0.043478260869565216 0.01992753623188406
17 0.820450885668277 0.2610960144927536 0.020933977455716585 0.01585144927536232
8 0.8868760064412239 0.2601902173913043 0.071658615136876 0.033967391304347824
9 0.499194847020934 0.20403079710144928 0.9210950080515298 0.19067028985507248
9 0.5 0.6458333333333334 0.9227053140096618 0.19021739130434784
20 0.500402576489533 0.011322463768115942 0.999194847020934 0.021739130434782608
