9 0.501207729468599 0.21716485507246377 0.2713365539452496 0.1526268115942029
17 0.49879227053140096 0.05706521739130435 0.19243156199677938 0.021739130434782608
17 0.499597423510467 0.35258152173913043 0.15861513687600645 0.024909420289855072
17 0.500805152979066 0.43568840579710144 0.41545893719806765 0.018115942028985508
17 0.16867954911433172 0.5095108695652174 0.2584541062801932 0.016304347826086956
17 0.2073268921095008 0.5631793478260869 0.3309178743961353 0.021286231884057972
17 0.25644122383252815 0.6288496376811594 0.43397745571658614 0.021286231884057972
17 0.27979066022544286 0.6920289855072463 0.47906602254428343 0.017210144927536232
17 0.15901771336553946 0.7683423913043478 0.23752012882447665 0.016757246376811596
17 0.1964573268921095 0.8217844202898551 0.3140096618357488 0.021286231884057972
17 0.2105475040257649 0.8851902173913043 0.3389694041867955 0.017663043478260868
17 0.10104669887278583 0.9904891304347826 0.10386473429951691 0.010869565217391304
17 0.2999194847020934 0.9904891304347826 0.08132045088566828 0.01177536231884058
17 0.499597423510467 0.9918478260869565 0.1392914653784219 0.01358695652173913
17 0.6992753623188406 0.9904891304347826 0.09420289855072464 0.01177536231884058
17 0.8989533011272142 0.9904891304347826 0.09742351046698873 0.010869565217391304
8 0.10024154589371981 0.958786231884058 0.06038647342995169 0.03170289855072464
8 0.29911433172302737 0.9594655797101449 0.05394524959742351 0.030344202898550724
8 0.499194847020934 0.9592391304347826 0.05475040257648953 0.030797101449275364
8 0.6988727858293076 0.958786231884058 0.05475040257648953 0.02717391304347826
8 0.8993558776167472 0.9592391304347826 0.05475040257648953 0.030797101449275364
8 0.9347826086956522 0.885643115942029 0.020933977455716585 0.01947463768115942
8 0.9347826086956522 0.8201992753623188 0.020933977455716585 0.019021739130434784
8 0.9347826086956522 0.6927083333333334 0.020933977455716585 0.01947463768115942
8 0.9347826086956522 0.6270380434782609 0.020933977455716585 0.01947463768115942
8 0.9347826086956522 0.5618206521739131 0.020933977455716585 0.01947463768115942
20 0.500402576489533 0.011322463768115942 0.999194847020934 0.021739130434782608
