17 0.28019323671497587 0.07246376811594203 0.1932367149758454 0.016304347826086956
17 0.10064412238325282 0.9814311594202899 0.10466988727858292 0.010869565217391304
17 0.3003220611916264 0.9816576086956522 0.07729468599033816 0.010416666666666666
17 0.500402576489533 0.9816576086956522 0.06521739130434782 0.010416666666666666
17 0.7000805152979066 0.9814311594202899 0.0748792270531401 0.010869565217391304
17 0.8997584541062802 0.9816576086956522 0.09420289855072464 0.011322463768115942
8 0.8997584541062802 0.9497282608695652 0.05877616747181964 0.03260869565217391
8 0.7000805152979066 0.9492753623188406 0.05394524959742351 0.029891304347826088
9 0.500805152979066 0.9499547101449275 0.05152979066022544 0.03125
8 0.30112721417069244 0.9506340579710145 0.057971014492753624 0.028985507246376812
8 0.10104669887278583 0.9499547101449275 0.050724637681159424 0.03125
18 0.500402576489533 0.8682065217391305 0.8832528180354268 0.06521739130434782
17 0.6360708534621579 0.7830615942028986 0.24154589371980675 0.010869565217391304
17 0.6022544283413849 0.760643115942029 0.17391304347826086 0.018568840579710144
17 0.6509661835748792 0.7361865942028986 0.2713365539452496 0.011322463768115942
17 0.18156199677938809 0.7830615942028986 0.24557165861513688 0.010869565217391304
17 0.11714975845410627 0.7590579710144928 0.11191626409017713 0.014492753623188406
17 0.1610305958132045 0.7361865942028986 0.2028985507246377 0.010416666666666666
8 0.9029790660225443 0.5799365942028986 0.039452495974235106 0.01947463768115942
9 0.7290660225442834 0.6399456521739131 0.427536231884058 0.16032608695652173
8 0.4468599033816425 0.5801630434782609 0.040257648953301126 0.01992753623188406
9 0.2725442834138486 0.6403985507246377 0.427536231884058 0.16032608695652173
17 0.6384863123993558 0.5183423913043478 0.24476650563607086 0.010416666666666666
17 0.6598228663446055 0.4941123188405797 0.28743961352657005 0.015398550724637682
17 0.6099033816425121 0.4698822463768116 0.18760064412238325 0.014945652173913044
17 0.5877616747181964 0.4467844202898551 0.14653784219001612 0.011322463768115942
17 0.18115942028985507 0.4938858695652174 0.24476650563607086 0.011322463768115942
17 0.22302737520128824 0.4696557971014493 0.32689210950080516 0.015398550724637682
17 0.19082125603864733 0.4470108695652174 0.2640901771336554 0.010869565217391304
8 0.4472624798711755 0.2907608695652174 0.039452495974235106 0.01992753623188406
8 0.9033816425120773 0.2907608695652174 0.040257648953301126 0.01992753623188406
9 0.7282608695652174 0.3509963768115942 0.427536231884058 0.16032608695652173
9 0.2725442834138486 0.3509963768115942 0.427536231884058 0.16032608695652173
17 0.32085346215780997 0.21920289855072464 0.5193236714975845 0.03170289855072464
18 0.3804347826086957 0.15511775362318841 0.21336553945249598 0.057518115942028984
18 0.1541867954911433 0.15534420289855072 0.19404186795491143 0.057971014492753624
7 0.500805152979066 0.07382246376811594 0.8856682769726248 0.06521739130434782
8 0.1215780998389694 0.07359601449275363 0.02254428341384863 0.022192028985507248
20 0.500402576489533 0.011096014492753624 0.999194847020934 0.021286231884057972
