17 0.3639291465378422 0.10484601449275363 0.3993558776167472 0.022192028985507248
17 0.16706924315619967 0.9904891304347826 0.0861513687600644 0.012681159420289856
17 0.500402576489533 0.9911684782608696 0.107085346215781 0.013134057971014492
17 0.8325281803542673 0.9895833333333334 0.07407407407407407 0.010869565217391304
8 0.8329307568438004 0.9590126811594203 0.05394524959742351 0.030344202898550724
9 0.5 0.9592391304347826 0.05314009661835749 0.029891304347826088
8 0.16666666666666666 0.9592391304347826 0.04830917874396135 0.02717391304347826
8 0.604669887278583 0.8831521739130435 0.16747181964573268 0.019021739130434784
17 0.6284219001610306 0.9107789855072463 0.21175523349436393 0.015398550724637682
17 0.7226247987117552 0.8842844202898551 0.05555555555555555 0.013134057971014492
17 0.572061191626409 0.8568840579710145 0.09903381642512077 0.021739130434782608
17 0.7073268921095008 0.8306159420289855 0.3695652173913043 0.020833333333333332
17 0.7085346215780999 0.8052536231884058 0.3719806763285024 0.020833333333333332
8 0.1247987117552335 0.8831521739130435 0.16747181964573268 0.019021739130434784
17 0.13727858293075684 0.9112318840579711 0.19243156199677938 0.015398550724637682
17 0.25442834138486314 0.885643115942029 0.07890499194847021 0.01585144927536232
17 0.2318840579710145 0.8564311594202899 0.38003220611916266 0.020833333333333332
17 0.2576489533011272 0.8310688405797102 0.4331723027375201 0.020833333333333332
17 0.20249597423510468 0.8048007246376812 0.3196457326892109 0.020833333333333332
9 0.7411433172302737 0.6610054347826088 0.4420289855072464 0.24864130434782608
9 0.2604669887278583 0.6607789855072463 0.4420289855072464 0.24909420289855072
8 0.604669887278583 0.47622282608695654 0.16747181964573268 0.018568840579710144
17 0.6135265700483091 0.5038496376811594 0.18357487922705315 0.01585144927536232
17 0.7214170692431562 0.4771286231884058 0.05314009661835749 0.014039855072463768
17 0.5640096618357487 0.448143115942029 0.08293075684380032 0.01585144927536232
17 0.7012882447665056 0.42368659420289856 0.357487922705314 0.021286231884057972
17 0.7016908212560387 0.3960597826086957 0.35829307568438 0.017663043478260868
8 0.1247987117552335 0.47644927536231885 0.16747181964573268 0.019021739130434784
17 0.14492753623188406 0.5040760869565217 0.20772946859903382 0.015398550724637682
17 0.2556360708534622 0.4784873188405797 0.07971014492753623 0.01585144927536232
17 0.10789049919484701 0.4479166666666667 0.13043478260869565 0.016304347826086956
17 0.23711755233494364 0.42413949275362317 0.392109500805153 0.020380434782608696
17 0.23792270531400966 0.39832427536231885 0.392109500805153 0.021286231884057972
9 0.7403381642512077 0.2690217391304348 0.4420289855072464 0.21829710144927536
9 0.2604669887278583 0.2690217391304348 0.4420289855072464 0.21829710144927536
7 0.5 0.10394021739130435 0.9227053140096618 0.06838768115942029
8 0.11191626409017713 0.10303442028985507 0.04508856682769726 0.024909420289855072
20 0.5 0.011096014492753624 0.998389694041868 0.021286231884057972
