17 0.1855877616747182 0.27943840579710144 0.19082125603864733 0.017210144927536232
17 0.501207729468599 0.6614583333333334 0.6497584541062802 0.04121376811594203
18 0.500402576489533 0.5833333333333334 0.9041867954911433 0.0661231884057971
18 0.500402576489533 0.49773550724637683 0.9041867954911433 0.0661231884057971
17 0.500805152979066 0.4316123188405797 0.05152979066022544 0.017210144927536232
18 0.500402576489533 0.36571557971014496 0.9041867954911433 0.06567028985507246
17 0.499194847020934 0.18319746376811594 0.6231884057971014 0.058423913043478264
17 0.11030595813204509 0.058876811594202896 0.11755233494363929 0.016304347826086956
17 0.500402576489533 0.057744565217391304 0.22302737520128824 0.03306159420289855
20 0.500402576489533 0.011322463768115942 0.999194847020934 0.021739130434782608
7 0.500805152979066 0.2801177536231884 0.9033816425120773 0.06567028985507246
