17 0.358695652173913 0.07540760869565218 0.34863123993558776 0.022192028985507248
17 0.8997584541062802 0.9814311594202899 0.09420289855072464 0.010869565217391304
8 0.9005636070853462 0.9499547101449275 0.05877616747181964 0.03306159420289855
17 0.6996779388083736 0.9814311594202899 0.07407407407407407 0.010869565217391304
8 0.6996779388083736 0.9492753623188406 0.05475040257648953 0.029891304347826088
17 0.500402576489533 0.9814311594202899 0.06521739130434782 0.010869565217391304
9 0.5 0.9497282608695652 0.05152979066022544 0.03170289855072464
17 0.2999194847020934 0.9816576086956522 0.07809983896940419 0.010416666666666666
8 0.3007246376811594 0.9504076086956522 0.05877616747181964 0.029438405797101448
17 0.10064412238325282 0.9814311594202899 0.10466988727858292 0.010869565217391304
8 0.10144927536231885 0.9504076086956522 0.05152979066022544 0.03125
18 0.500402576489533 0.8358242753623188 0.8848631239935588 0.06567028985507246
8 0.5801127214170693 0.7477355072463768 0.13123993558776167 0.014492753623188406
17 0.6763285024154589 0.7488677536231885 0.04186795491143317 0.012228260869565218
17 0.6388888888888888 0.7248641304347826 0.24557165861513688 0.020380434782608696
17 0.7041062801932367 0.6843297101449275 0.37600644122383253 0.03985507246376812
17 0.5471014492753623 0.6490036231884058 0.06360708534621579 0.010869565217391304
8 0.9029790660225443 0.4929800724637681 0.039452495974235106 0.01947463768115942
9 0.7286634460547504 0.5532155797101449 0.428341384863124 0.16077898550724637
8 0.12399355877616747 0.7232789855072463 0.13043478260869565 0.01358695652173913
17 0.22061191626409019 0.7246376811594203 0.043478260869565216 0.01177536231884058
17 0.17632850241545894 0.7001811594202899 0.23027375201288244 0.01992753623188406
17 0.22624798711755234 0.6739130434782609 0.33494363929146537 0.018115942028985508
17 0.10628019323671498 0.6490036231884058 0.09339774557165861 0.010869565217391304
8 0.4472624798711755 0.4927536231884058 0.039452495974235106 0.01992753623188406
9 0.2725442834138486 0.5529891304347826 0.427536231884058 0.16032608695652173
8 0.5801127214170693 0.42866847826086957 0.13123993558776167 0.014039855072463768
17 0.676731078904992 0.42980072463768115 0.0426731078904992 0.012681159420289856
17 0.6404991948470209 0.405570652173913 0.2471819645732689 0.020380434782608696
17 0.6578099838969405 0.365036231884058 0.28502415458937197 0.03985507246376812
17 0.604669887278583 0.33016304347826086 0.178743961352657 0.010869565217391304
17 0.22946859903381642 0.42980072463768115 0.061191626409017714 0.012681159420289856
8 0.12359098228663445 0.42844202898550726 0.13123993558776167 0.014492753623188406
17 0.17995169082125603 0.405570652173913 0.2391304347826087 0.020380434782608696
17 0.25201288244766507 0.365036231884058 0.3864734299516908 0.03985507246376812
17 0.10587761674718196 0.33016304347826086 0.09420289855072464 0.010869565217391304
8 0.9037842190016103 0.1741394927536232 0.039452495974235106 0.01947463768115942
9 0.7282608695652174 0.2341485507246377 0.427536231884058 0.16032608695652173
8 0.4476650563607085 0.17391304347826086 0.040257648953301126 0.020833333333333332
9 0.2725442834138486 0.23392210144927536 0.427536231884058 0.16077898550724637
7 0.501207729468599 0.07359601449275363 0.8864734299516909 0.06567028985507246
8 0.12318840579710146 0.07382246376811594 0.037037037037037035 0.020833333333333332
20 0.500402576489533 0.011096014492753624 0.999194847020934 0.021286231884057972
