17 0.2693236714975845 0.5908061594202899 0.16505636070853463 0.014039855072463768
17 0.26972624798711753 0.5097373188405797 0.16586151368760063 0.014039855072463768
8 0.5680354267310789 0.7280344202898551 0.02818035426731079 0.014945652173913044
17 0.500402576489533 0.060235507246376815 0.15217391304347827 0.02355072463768116
17 0.500402576489533 0.3999094202898551 0.606280193236715 0.026268115942028984
17 0.499597423510467 0.9572010869565217 0.606280193236715 0.01947463768115942
18 0.5 0.7266757246376812 0.8454106280193237 0.05480072463768116
8 0.142914653784219 0.5088315217391305 0.033011272141706925 0.018568840579710144
8 0.142914653784219 0.5903532608695652 0.033011272141706925 0.018568840579710144
7 0.500402576489533 0.5910326086956522 0.8446054750402576 0.05434782608695652
7 0.500402576489533 0.5095108695652174 0.8446054750402576 0.05434782608695652
9 0.499194847020934 0.21965579710144928 0.3446054750402576 0.10869565217391304
20 0.500402576489533 0.011322463768115942 0.999194847020934 0.021739130434782608
