8 0.0680354267310789 0.6711956521739131 0.04589371980676329 0.025362318840579712
8 0.06843800322061191 0.595108695652174 0.05958132045088567 0.03351449275362319
8 0.06843800322061191 0.5192481884057971 0.057971014492753624 0.0276268115942029
17 0.500402576489533 0.8600543478260869 0.8123993558776167 0.016304347826086956
18 0.5 0.7719655797101449 0.9227053140096618 0.08197463768115942
17 0.2890499194847021 0.673233695652174 0.3333333333333333 0.01947463768115942
17 0.3075684380032206 0.595108695652174 0.37037037037037035 0.015398550724637682
17 0.285426731078905 0.5190217391304348 0.3276972624798712 0.015398550724637682
17 0.2962962962962963 0.436820652173913 0.5136876006441223 0.022192028985507248
17 0.4082125603864734 0.37182971014492755 0.7342995169082126 0.07155797101449275
20 0.500402576489533 0.011322463768115942 0.999194847020934 0.021739130434782608
18 0.8301127214170693 0.06929347826086957 0.2640901771336554 0.03985507246376812
9 0.09702093397745572 0.27468297101449274 0.11674718196457327 0.06567028985507246
