17 0.500805152979066 0.3428442028985507 0.08695652173913043 0.01177536231884058
17 0.499194847020934 0.2620018115942029 0.14814814814814814 0.01947463768115942
17 0.499597423510467 0.17821557971014493 0.08293075684380032 0.014945652173913044
17 0.533011272141707 0.9664855072463768 0.10789049919484701 0.014492753623188406
17 0.4388083735909823 0.9676177536231885 0.05314009661835749 0.016757246376811596
17 0.5 0.49320652173913043 0.5152979066022544 0.03894927536231884
18 0.500402576489533 0.43795289855072467 0.4822866344605475 0.04076086956521739
7 0.500402576489533 0.35009057971014496 0.4822866344605475 0.02717391304347826
7 0.500402576489533 0.2669836956521739 0.4822866344605475 0.030344202898550724
7 0.500402576489533 0.1852355072463768 0.4822866344605475 0.029891304347826088
17 0.5 0.07133152173913043 0.3075684380032206 0.014039855072463768
20 0.500402576489533 0.011096014492753624 0.999194847020934 0.021286231884057972
