8 0.046296296296296294 0.057744565217391304 0.03140096618357488 0.029438405797101448
17 0.855877616747182 0.057291666666666664 0.19001610305958133 0.017663043478260868
17 0.499597423510467 0.05638586956521739 0.16988727858293076 0.020380434782608696
17 0.17431561996779388 0.05706521739130435 0.1956521739130435 0.018115942028985508
9 0.18679549114331723 0.9759963768115942 0.2946859903381642 0.04800724637681159
9 0.500402576489533 0.9759963768115942 0.29549114331723025 0.04800724637681159
9 0.8144122383252818 0.9759963768115942 0.29549114331723025 0.04800724637681159
9 0.8144122383252818 0.8396739130434783 0.29549114331723025 0.20471014492753623
9 0.500402576489533 0.8392210144927537 0.2938808373590982 0.20380434782608695
9 0.18639291465378421 0.8399003623188406 0.29549114331723025 0.20425724637681159
9 0.8144122383252818 0.6252264492753623 0.29549114331723025 0.20425724637681159
9 0.500402576489533 0.6252264492753623 0.29549114331723025 0.20425724637681159
9 0.18639291465378421 0.6252264492753623 0.29549114331723025 0.20425724637681159
9 0.18639291465378421 0.41032608695652173 0.29549114331723025 0.20380434782608695
9 0.500402576489533 0.4100996376811594 0.29549114331723025 0.20425724637681159
9 0.8144122383252818 0.41055253623188404 0.29549114331723025 0.20425724637681159
9 0.8144122383252818 0.1958786231884058 0.29549114331723025 0.20425724637681159
9 0.500402576489533 0.1958786231884058 0.29549114331723025 0.20425724637681159
9 0.18639291465378421 0.19610507246376813 0.29549114331723025 0.20471014492753623
20 0.500402576489533 0.011322463768115942 0.999194847020934 0.021739130434782608
