17 0.2608695652173913 0.14221014492753623 0.37037037037037035 0.017210144927536232
17 0.500402576489533 0.058876811594202896 0.11835748792270531 0.016304347826086956
17 0.5 0.24071557971014493 0.8824476650563607 0.07019927536231885
7 0.5 0.1428894927536232 0.9033816425120773 0.057518115942028984
9 0.0998389694041868 0.9696557971014493 0.06280193236714976 0.029891304347826088
8 0.30112721417069244 0.970108695652174 0.05475040257648953 0.030797101449275364
8 0.499194847020934 0.970108695652174 0.05958132045088567 0.030797101449275364
8 0.6980676328502415 0.9703351449275363 0.05636070853462158 0.030344202898550724
8 0.9001610305958132 0.970108695652174 0.06602254428341385 0.030797101449275364
20 0.500402576489533 0.011322463768115942 0.999194847020934 0.021739130434782608
