17 0.49879227053140096 0.057518115942028984 0.4227053140096618 0.015398550724637682
8 0.07206119162640902 0.057518115942028984 0.02818035426731079 0.016304347826086956
20 0.500402576489533 0.011096014492753624 0.999194847020934 0.021286231884057972
7 0.500805152979066 0.057518115942028984 0.9420289855072463 0.04710144927536232
17 0.26610305958132047 0.14153079710144928 0.3164251207729469 0.013134057971014492
17 0.7282608695652174 0.14175724637681159 0.30193236714975846 0.012681159420289856
17 0.4609500805152979 0.7896286231884058 0.8446054750402576 0.1082427536231884
17 0.12640901771336555 0.9891304347826088 0.07085346215780998 0.01177536231884058
17 0.37640901771336555 0.9891304347826088 0.10225442834138486 0.01177536231884058
17 0.6260064412238325 0.9891304347826088 0.10869565217391304 0.01177536231884058
17 0.8752012882447665 0.9889039855072463 0.06924315619967794 0.012228260869565218
9 0.5 0.4585597826086957 0.9243156199677939 0.5194746376811594
18 0.19122383252818034 0.8790760869565217 0.30515297906602257 0.034420289855072464
9 0.12600644122383253 0.9581068840579711 0.06521739130434782 0.036684782608695655
8 0.3743961352657005 0.9581068840579711 0.05314009661835749 0.03125
8 0.6256038647342995 0.9578804347826088 0.061191626409017714 0.030797101449275364
8 0.8747987117552335 0.9578804347826088 0.06038647342995169 0.034420289855072464
