17 0.07971014492753623 0.620697463768116 0.09339774557165861 0.020380434782608696
17 0.5640096618357487 0.6204710144927537 0.09420289855072464 0.020833333333333332
8 0.06481481481481481 0.05683876811594203 0.029790660225442835 0.028532608695652176
8 0.9049919484702094 0.05865036231884058 0.057971014492753624 0.03215579710144927
17 0.500805152979066 0.05570652173913043 0.36553945249597425 0.020833333333333332
18 0.750402576489533 0.11480978260869565 0.499194847020934 0.05480072463768116
8 0.322061191626409 0.11480978260869565 0.02576489533011272 0.007699275362318841
18 0.250805152979066 0.11435688405797102 0.5 0.05480072463768116
8 0.4585346215780998 0.6170742753623188 0.04911433172302738 0.026721014492753624
8 0.9436392914653784 0.6166213768115942 0.04830917874396135 0.026721014492753624
17 0.6988727858293076 0.6587409420289855 0.36553945249597425 0.03940217391304348
18 0.7431561996779388 0.5699728260869565 0.45410628019323673 0.04121376811594203
18 0.2584541062801932 0.5699728260869565 0.45410628019323673 0.04121376811594203
17 0.2181964573268921 0.6483242753623188 0.37037037037037035 0.018568840579710144
9 0.2584541062801932 0.8457880434782609 0.45410628019323673 0.30842391304347827
9 0.7431561996779388 0.8457880434782609 0.45410628019323673 0.30842391304347827
9 0.7431561996779388 0.3582427536231884 0.45410628019323673 0.38224637681159424
9 0.2584541062801932 0.3582427536231884 0.45410628019323673 0.38224637681159424
20 0.500402576489533 0.011322463768115942 0.999194847020934 0.021739130434782608
