17 0.25201288244766507 0.11480978260869565 0.428341384863124 0.018568840579710144
17 0.5789049919484702 0.1537590579710145 0.4492753623188406 0.018568840579710144
17 0.17592592592592593 0.5971467391304348 0.2777777777777778 0.025815217391304348
17 0.4677938808373591 0.6490036231884058 0.8599033816425121 0.06793478260869565
17 0.12640901771336555 0.990036231884058 0.06763285024154589 0.010869565217391304
17 0.37600644122383253 0.990036231884058 0.10305958132045089 0.010869565217391304
17 0.6260064412238325 0.990036231884058 0.0748792270531401 0.010869565217391304
17 0.8752012882447665 0.990036231884058 0.09822866344605476 0.010869565217391304
8 0.8752012882447665 0.9592391304347826 0.05152979066022544 0.028985507246376812
9 0.6243961352657005 0.9576539855072463 0.05394524959742351 0.024003623188405796
9 0.3752012882447665 0.9599184782608696 0.05152979066022544 0.024909420289855072
8 0.1247987117552335 0.9583333333333334 0.05152979066022544 0.019021739130434784
9 0.500805152979066 0.838088768115942 0.927536231884058 0.19067028985507248
9 0.500805152979066 0.3870018115942029 0.927536231884058 0.3546195652173913
18 0.18317230273752014 0.15330615942028986 0.2938808373590982 0.04846014492753623
8 0.06561996779388084 0.05434782608695652 0.05555555555555555 0.025362318840579712
8 0.927536231884058 0.057744565217391304 0.05475040257648953 0.029438405797101448
20 0.500402576489533 0.011322463768115942 0.999194847020934 0.021739130434782608
