8 0.9500805152979066 0.22033514492753623 0.024154589371980676 0.021286231884057972
8 0.9496779388083736 0.2964221014492754 0.0249597423510467 0.021286231884057972
8 0.9500805152979066 0.3725090579710145 0.024154589371980676 0.021286231884057972
8 0.9500805152979066 0.5246829710144928 0.024154589371980676 0.021286231884057972
8 0.9500805152979066 0.6007699275362319 0.024154589371980676 0.021286231884057972
8 0.9500805152979066 0.6768568840579711 0.024154589371980676 0.021286231884057972
8 0.9500805152979066 0.7529438405797102 0.024154589371980676 0.021286231884057972
17 0.8260869565217391 0.8310688405797102 0.2640901771336554 0.020833333333333332
17 0.16747181964573268 0.9891304347826088 0.08373590982286634 0.01177536231884058
17 0.5 0.9907155797101449 0.1111111111111111 0.014945652173913044
17 0.8333333333333334 0.9891304347826088 0.08051529790660225 0.01177536231884058
8 0.8321256038647343 0.9581068840579711 0.0426731078904992 0.025815217391304348
9 0.5 0.9567481884057971 0.043478260869565216 0.03125
8 0.16666666666666666 0.9576539855072463 0.05314009661835749 0.025815217391304348
17 0.14412238325281804 0.8317481884057971 0.20933977455716585 0.021286231884057972
17 0.2105475040257649 0.7533967391304348 0.3421900161030596 0.017663043478260868
17 0.16183574879227053 0.6795742753623188 0.23993558776167473 0.021286231884057972
17 0.18115942028985507 0.6034873188405797 0.2834138486312399 0.021286231884057972
17 0.13687600644122383 0.5253623188405797 0.19162640901771336 0.017210144927536232
17 0.0861513687600644 0.4635416666666667 0.09017713365539452 0.014039855072463768
17 0.2463768115942029 0.37341485507246375 0.23832528180354268 0.016757246376811596
17 0.2922705314009662 0.296875 0.3285024154589372 0.016757246376811596
17 0.2894524959742351 0.2210144927536232 0.32286634460547503 0.016304347826086956
8 0.0680354267310789 0.2964221014492754 0.05877616747181964 0.03306159420289855
9 0.06843800322061191 0.3725090579710145 0.057971014492753624 0.03306159420289855
8 0.06884057971014493 0.22078804347826086 0.05877616747181964 0.03306159420289855
17 0.500805152979066 0.0672554347826087 0.1610305958132045 0.017663043478260868
20 0.500402576489533 0.011096014492753624 0.999194847020934 0.021286231884057972
