17 0.5 0.057291666666666664 0.19162640901771336 0.018568840579710144
17 0.12600644122383253 0.1657608695652174 0.14895330112721417 0.019021739130434784
17 0.16264090177133655 0.2316576086956522 0.22383252818035426 0.01947463768115942
17 0.1473429951690821 0.33605072463768115 0.19162640901771336 0.01992753623188406
17 0.27334943639291465 0.443161231884058 0.4436392914653784 0.024909420289855072
17 0.8337359098228664 0.4413496376811594 0.1473429951690821 0.018568840579710144
17 0.12560386473429952 0.5067934782608696 0.15136876006441224 0.01992753623188406
17 0.8973429951690821 0.5067934782608696 0.013687600644122383 0.018115942028985508
17 0.17914653784219 0.5745018115942029 0.2616747181964573 0.024909420289855072
17 0.1956521739130435 0.6793478260869565 0.2882447665056361 0.024456521739130436
17 0.1855877616747182 0.745018115942029 0.26811594202898553 0.025362318840579712
17 0.1706924315619968 0.8086503623188406 0.23993558776167473 0.020380434782608696
17 0.12640901771336555 0.9870923913043478 0.09017713365539452 0.012228260869565218
17 0.3752012882447665 0.9870923913043478 0.15619967793880837 0.012228260869565218
17 0.6260064412238325 0.9870923913043478 0.14412238325281804 0.012228260869565218
17 0.8747987117552335 0.9866394927536232 0.13285024154589373 0.012228260869565218
8 0.9424315619967794 0.16553442028985507 0.020128824476650563 0.018568840579710144
8 0.9424315619967794 0.23120471014492755 0.020128824476650563 0.018568840579710144
8 0.9424315619967794 0.44044384057971014 0.020128824476650563 0.018568840579710144
8 0.9424315619967794 0.5061141304347826 0.020128824476650563 0.018568840579710144
8 0.9424315619967794 0.5722373188405797 0.020128824476650563 0.018568840579710144
8 0.9424315619967794 0.6768568840579711 0.020128824476650563 0.018568840579710144
8 0.9420289855072463 0.7432065217391305 0.020933977455716585 0.018115942028985508
8 0.9424315619967794 0.8093297101449275 0.020128824476650563 0.018115942028985508
8 0.12640901771336555 0.9560688405797102 0.0499194847020934 0.036231884057971016
9 0.37640901771336555 0.958786231884058 0.06843800322061191 0.026268115942028984
8 0.6256038647342995 0.9565217391304348 0.061191626409017714 0.030797101449275364
8 0.8735909822866345 0.9569746376811594 0.057971014492753624 0.03260869565217391
16 0.8900966183574879 0.33582427536231885 0.1247987117552335 0.04302536231884058
20 0.500402576489533 0.011322463768115942 0.999194847020934 0.021739130434782608
