17 0.358695652173913 0.07586050724637682 0.34863123993558776 0.021286231884057972
17 0.10064412238325282 0.9814311594202899 0.10466988727858292 0.010869565217391304
17 0.3007246376811594 0.9816576086956522 0.07809983896940419 0.010416666666666666
17 0.500805152979066 0.9816576086956522 0.0644122383252818 0.010416666666666666
17 0.7004830917874396 0.9818840579710145 0.07407407407407407 0.010869565217391304
17 0.8997584541062802 0.9814311594202899 0.09420289855072464 0.010869565217391304
8 0.9001610305958132 0.9495018115942029 0.057971014492753624 0.03306159420289855
8 0.7000805152979066 0.9495018115942029 0.05394524959742351 0.029438405797101448
9 0.500402576489533 0.9497282608695652 0.05233494363929146 0.03170289855072464
8 0.30112721417069244 0.9501811594202899 0.05958132045088567 0.028985507246376812
8 0.10104669887278583 0.9499547101449275 0.050724637681159424 0.03125
18 0.500402576489533 0.8831521739130435 0.8832528180354268 0.06521739130434782
8 0.5805152979066023 0.7952898550724637 0.13043478260869565 0.01358695652173913
17 0.67914653784219 0.7964221014492754 0.04589371980676329 0.012228260869565218
17 0.6320450885668277 0.7721920289855072 0.23027375201288244 0.01992753623188406
17 0.607085346215781 0.7447916666666666 0.1819645732689211 0.01585144927536232
17 0.7234299516908212 0.7194293478260869 0.41304347826086957 0.014945652173913044
17 0.5676328502415459 0.6967844202898551 0.10466988727858292 0.010416666666666666
8 0.12439613526570048 0.7710597826086957 0.13123993558776167 0.014039855072463768
17 0.213768115942029 0.7719655797101449 0.029790660225442835 0.012228260869565218
17 0.17552334943639292 0.7479619565217391 0.23027375201288244 0.020380434782608696
17 0.24074074074074073 0.7196557971014493 0.36231884057971014 0.015398550724637682
17 0.15821256038647344 0.6967844202898551 0.19887278582930756 0.011322463768115942
8 0.9037842190016103 0.5407608695652174 0.039452495974235106 0.01992753623188406
9 0.7282608695652174 0.6007699275362319 0.427536231884058 0.16077898550724637
8 0.4476650563607085 0.5407608695652174 0.040257648953301126 0.01992753623188406
9 0.2725442834138486 0.6005434782608696 0.427536231884058 0.16032608695652173
8 0.5801127214170693 0.47599637681159424 0.13123993558776167 0.014492753623188406
17 0.6714975845410628 0.4771286231884058 0.030595813204508857 0.012228260869565218
17 0.6320450885668277 0.4528985507246377 0.23027375201288244 0.01992753623188406
17 0.6352657004830918 0.42504528985507245 0.23671497584541062 0.014945652173913044
17 0.7085346215780999 0.4024003623188406 0.3864734299516908 0.018568840579710144
17 0.5768921095008052 0.37771739130434784 0.12318840579710146 0.010869565217391304
8 0.12439613526570048 0.47622282608695654 0.13123993558776167 0.014039855072463768
17 0.22423510466988728 0.4773550724637681 0.04750402576489533 0.012681159420289856
17 0.17592592592592593 0.453125 0.23107890499194847 0.020380434782608696
17 0.18397745571658616 0.42481884057971014 0.2471819645732689 0.015398550724637682
17 0.1888083735909823 0.4017210144927536 0.2584541062801932 0.019021739130434784
17 0.12037037037037036 0.37771739130434784 0.12318840579710146 0.010869565217391304
8 0.4472624798711755 0.22146739130434784 0.039452495974235106 0.01992753623188406
8 0.9033816425120773 0.22146739130434784 0.040257648953301126 0.01992753623188406
9 0.7282608695652174 0.28125 0.427536231884058 0.16032608695652173
9 0.2717391304347826 0.28170289855072467 0.427536231884058 0.16032608695652173
17 0.357487922705314 0.1503623188405797 0.5909822866344605 0.03170289855072464
8 0.12318840579710146 0.07359601449275363 0.037037037037037035 0.021286231884057972
7 0.500805152979066 0.07382246376811594 0.8856682769726248 0.06521739130434782
20 0.500402576489533 0.011096014492753624 0.999194847020934 0.021286231884057972
