17 0.5632045088566827 0.17278079710144928 0.3115942028985507 0.013134057971014492
17 0.1497584541062802 0.2321105072463768 0.1932367149758454 0.016757246376811596
17 0.15619967793880837 0.17255434782608695 0.20772946859903382 0.017210144927536232
17 0.22262479871175522 0.34171195652173914 0.33735909822866345 0.021286231884057972
8 0.9408212560386473 0.3389945652173913 0.023349436392914653 0.021286231884057972
17 0.10909822866344605 0.11548913043478261 0.13123993558776167 0.016304347826086956
8 0.051932367149758456 0.05865036231884058 0.04428341384863124 0.024909420289855072
17 0.500402576489533 0.059556159420289856 0.1280193236714976 0.024003623188405796
8 0.927536231884058 0.05706521739130435 0.0499194847020934 0.01992753623188406
7 0.500805152979066 0.24230072463768115 0.9420289855072463 0.03894927536231884
7 0.501610305958132 0.18297101449275363 0.9420289855072463 0.03804347826086957
20 0.500402576489533 0.011322463768115942 0.999194847020934 0.021739130434782608
