20 0.500402576489533 0.011096014492753624 0.999194847020934 0.021286231884057972
9 0.500805152979066 0.28283514492753625 0.3107890499194847 0.23596014492753623
17 0.499194847020934 0.458786231884058 0.5974235104669887 0.06521739130434782
17 0.500805152979066 0.5190217391304348 0.3977455716586151 0.022644927536231884
5 0.46256038647342995 0.6471920289855072 0.788244766505636 0.050724637681159424
17 0.5076489533011272 0.6494565217391305 0.6980676328502415 0.04619565217391305
5 0.428743961352657 0.7096920289855072 0.7206119162640902 0.028079710144927536
17 0.4742351046698873 0.7101449275362319 0.6296296296296297 0.01992753623188406
5 0.4891304347826087 0.7690217391304348 0.8413848631239935 0.050724637681159424
17 0.534219001610306 0.771286231884058 0.751207729468599 0.04619565217391305
18 0.500402576489533 0.9347826086956522 0.8075684380032206 0.0661231884057971
20 0.500402576489533 0.011322463768115942 0.999194847020934 0.021739130434782608
