17 0.45611916264090174 0.058876811594202896 0.5579710144927537 0.020833333333333332
17 0.10064412238325282 0.9907155797101449 0.08695652173913043 0.013134057971014492
17 0.3007246376811594 0.9895833333333334 0.1457326892109501 0.010869565217391304
17 0.499194847020934 0.9907155797101449 0.12721417069243157 0.013134057971014492
17 0.7000805152979066 0.9909420289855072 0.107085346215781 0.01358695652173913
17 0.8985507246376812 0.9898097826086957 0.0966183574879227 0.010416666666666666
8 0.9001610305958132 0.9590126811594203 0.05475040257648953 0.034873188405797104
8 0.6992753623188406 0.9585597826086957 0.04911433172302738 0.03215579710144927
8 0.499194847020934 0.9592391304347826 0.05958132045088567 0.03351449275362319
8 0.30112721417069244 0.9585597826086957 0.0499194847020934 0.034873188405797104
8 0.10104669887278583 0.9594655797101449 0.05877616747181964 0.03306159420289855
17 0.13969404186795492 0.7943840579710145 0.09903381642512077 0.016304347826086956
8 0.07125603864734299 0.7932518115942029 0.020128824476650563 0.014039855072463768
9 0.4883252818035427 0.8496376811594203 0.926731078904992 0.16757246376811594
17 0.2278582930756844 0.7253170289855072 0.40096618357487923 0.024003623188405796
17 0.3615136876006441 0.5233242753623188 0.5893719806763285 0.030344202898550724
17 0.48188405797101447 0.5966938405797102 0.8349436392914654 0.04121376811594203
9 0.4883252818035427 0.401268115942029 0.926731078904992 0.4773550724637681
17 0.2069243156199678 0.12477355072463768 0.36231884057971014 0.03125
7 0.45169082125603865 0.057518115942028984 0.8260869565217391 0.043478260869565216
8 0.10587761674718196 0.05706521739130435 0.04750402576489533 0.026268115942028984
8 0.9311594202898551 0.057744565217391304 0.05394524959742351 0.029438405797101448
20 0.500402576489533 0.011096014492753624 0.999194847020934 0.021286231884057972
