17 0.11674718196457327 0.10597826086956522 0.1320450885668277 0.007246376811594203
17 0.11634460547504026 0.07721920289855072 0.12962962962962962 0.014945652173913044
17 0.5434782608695652 0.08876811594202899 0.4669887278582931 0.012681159420289856
8 0.26811594202898553 0.08831521739130435 0.030595813204508857 0.017210144927536232
20 0.500402576489533 0.011096014492753624 0.999194847020934 0.021286231884057972
9 0.3506441223832528 0.7262228260869565 0.6030595813204509 0.389945652173913
9 0.8502415458937198 0.7262228260869565 0.2995169082125604 0.389945652173913
7 0.533816425120773 0.08922101449275363 0.6280193236714976 0.08242753623188406
8 0.9049919484702094 0.08831521739130435 0.040257648953301126 0.01992753623188406
8 0.9685990338164251 0.5038496376811594 0.014492753623188406 0.014039855072463768
8 0.10144927536231885 0.9451992753623188 0.04508856682769726 0.026268115942028984
9 0.3027375201288245 0.9454257246376812 0.04830917874396135 0.023097826086956524
8 0.5 0.9449728260869565 0.04830917874396135 0.023097826086956524
9 0.6976650563607085 0.9449728260869565 0.03140096618357488 0.026721014492753624
9 0.8985507246376812 0.9440670289855072 0.061191626409017714 0.024003623188405796
17 0.33172302737520126 0.19293478260869565 0.4750402576489533 0.04528985507246377
17 0.21336553945249598 0.5038496376811594 0.3252818035426731 0.014039855072463768
17 0.8719806763285024 0.5040760869565217 0.15458937198067632 0.01358695652173913
17 0.10144927536231885 0.9789402173913043 0.06924315619967794 0.011322463768115942
17 0.3035426731078905 0.980072463768116 0.10466988727858292 0.014492753623188406
17 0.501207729468599 0.9789402173913043 0.11996779388083736 0.011322463768115942
17 0.6980676328502415 0.978713768115942 0.06924315619967794 0.01177536231884058
17 0.9001610305958132 0.9802989130434783 0.1320450885668277 0.014039855072463768
18 0.48470209339774556 0.36231884057971014 0.27375201288244766 0.036231884057971016
9 0.500402576489533 0.27445652173913043 0.999194847020934 0.24456521739130435
13 0.5076489533011272 0.42504528985507245 0.04750402576489533 0.010416666666666666
