17 0.35829307568438 0.07586050724637682 0.34782608695652173 0.021286231884057972
17 0.10064412238325282 0.9814311594202899 0.10466988727858292 0.010869565217391304
17 0.2999194847020934 0.9814311594202899 0.07809983896940419 0.010869565217391304
17 0.500402576489533 0.9816576086956522 0.06521739130434782 0.010416666666666666
17 0.7000805152979066 0.9814311594202899 0.07326892109500806 0.010869565217391304
17 0.8997584541062802 0.9816576086956522 0.09420289855072464 0.011322463768115942
8 0.9001610305958132 0.9497282608695652 0.057971014492753624 0.03351449275362319
8 0.7000805152979066 0.9492753623188406 0.05394524959742351 0.029891304347826088
9 0.5 0.9497282608695652 0.05152979066022544 0.03170289855072464
8 0.3007246376811594 0.9501811594202899 0.05877616747181964 0.028985507246376812
8 0.10144927536231885 0.9501811594202899 0.0499194847020934 0.030797101449275364
18 0.5 0.8820199275362319 0.8840579710144928 0.06567028985507246
8 0.5801127214170693 0.7941576086956522 0.13123993558776167 0.014039855072463768
17 0.6706924315619968 0.7950634057971014 0.030595813204508857 0.012228260869565218
17 0.6296296296296297 0.7710597826086957 0.22544283413848631 0.020380434782608696
17 0.6904186795491143 0.744338768115942 0.3502415458937198 0.01947463768115942
17 0.6594202898550725 0.7182971014492754 0.2882447665056361 0.014492753623188406
17 0.5768921095008052 0.6956521739130435 0.12318840579710146 0.010869565217391304
8 0.12399355877616747 0.7697010869565217 0.1320450885668277 0.014039855072463768
17 0.21537842190016104 0.7706068840579711 0.03140096618357488 0.012228260869565218
17 0.17592592592592593 0.7461503623188406 0.23107890499194847 0.020380434782608696
17 0.2556360708534622 0.7180706521739131 0.392109500805153 0.014945652173913044
17 0.14774557165861513 0.6951992753623188 0.177938808373591 0.010869565217391304
8 0.4472624798711755 0.5391757246376812 0.039452495974235106 0.01947463768115942
8 0.9029790660225443 0.5389492753623188 0.039452495974235106 0.01992753623188406
9 0.7282608695652174 0.5991847826086957 0.427536231884058 0.16032608695652173
9 0.2721417069243156 0.5991847826086957 0.42673107890499196 0.16032608695652173
8 0.5801127214170693 0.4748641304347826 0.13123993558776167 0.014039855072463768
17 0.6714975845410628 0.47622282608695654 0.030595813204508857 0.012228260869565218
17 0.6296296296296297 0.45153985507246375 0.22544283413848631 0.01992753623188406
17 0.5893719806763285 0.42368659420289856 0.14653784219001612 0.014945652173913044
17 0.6553945249597424 0.3990036231884058 0.2785829307568438 0.015398550724637682
17 0.6042673107890499 0.3763586956521739 0.177938808373591 0.010869565217391304
8 0.12359098228663445 0.4746376811594203 0.13123993558776167 0.014492753623188406
17 0.22262479871175522 0.47599637681159424 0.04589371980676329 0.012681159420289856
17 0.17351046698872785 0.45153985507246375 0.22624798711755234 0.020833333333333332
17 0.13808373590982287 0.42346014492753625 0.1570048309178744 0.015398550724637682
17 0.2644927536231884 0.400588768115942 0.4114331723027375 0.018568840579710144
17 0.12842190016103058 0.3763586956521739 0.1392914653784219 0.010869565217391304
8 0.4472624798711755 0.22033514492753623 0.039452495974235106 0.01947463768115942
8 0.9037842190016103 0.22010869565217392 0.039452495974235106 0.01992753623188406
9 0.7282608695652174 0.2803442028985507 0.427536231884058 0.16032608695652173
9 0.2725442834138486 0.2801177536231884 0.427536231884058 0.16077898550724637
17 0.3466183574879227 0.1487771739130435 0.57085346215781 0.03125
8 0.12278582930756844 0.07359601449275363 0.03784219001610306 0.021286231884057972
7 0.500402576489533 0.07382246376811594 0.8864734299516909 0.0661231884057971
17 0.500402576489533 0.011096014492753624 0.999194847020934 0.021286231884057972
