9 0.6984702093397746 0.9594655797101449 0.05233494363929146 0.029438405797101448
9 0.500805152979066 0.9590126811594203 0.05958132045088567 0.03306159420289855
8 0.30152979066022545 0.9581068840579711 0.04750402576489533 0.029438405797101448
8 0.0998389694041868 0.9594655797101449 0.0644122383252818 0.025815217391304348
17 0.10064412238325282 0.9918478260869565 0.05958132045088567 0.01358695652173913
17 0.3007246376811594 0.9907155797101449 0.07809983896940419 0.010416666666666666
17 0.499597423510467 0.9904891304347826 0.08454106280193237 0.010869565217391304
17 0.6988727858293076 0.9904891304347826 0.10466988727858292 0.010869565217391304
17 0.8989533011272142 0.9907155797101449 0.07004830917874397 0.011322463768115942
8 0.9001610305958132 0.958786231884058 0.0322061191626409 0.030797101449275364
9 0.17431561996779388 0.33061594202898553 0.3357487922705314 0.10869565217391304
9 0.17632850241545894 0.4936594202898551 0.322061191626409 0.10507246376811594
9 0.17632850241545894 0.7253170289855072 0.23027375201288244 0.0276268115942029
9 0.178743961352657 0.8888134057971014 0.32367149758454106 0.05298913043478261
9 0.5281803542673108 0.8770380434782609 0.2962962962962963 0.11277173913043478
9 0.8647342995169082 0.8768115942028986 0.27053140096618356 0.11322463768115942
9 0.8655394524959742 0.7205615942028986 0.2689210950080515 0.13134057971014493
9 0.5269726247987118 0.7205615942028986 0.29871175523349436 0.12590579710144928
17 0.2560386473429952 0.6209239130434783 0.45088566827697263 0.01992753623188406
9 0.5281803542673108 0.4898097826086957 0.29790660225442833 0.12545289855072464
9 0.8655394524959742 0.490036231884058 0.2689210950080515 0.125
9 0.8643317230273752 0.32631340579710144 0.2713365539452496 0.12545289855072464
9 0.5277777777777778 0.32653985507246375 0.29871175523349436 0.125
9 0.17592592592592593 0.166893115942029 0.2471819645732689 0.05389492753623189
9 0.5277777777777778 0.1634963768115942 0.29871175523349436 0.125
9 0.8655394524959742 0.1637228260869565 0.2689210950080515 0.12454710144927536
17 0.821256038647343 0.057291666666666664 0.16264090177133655 0.013134057971014492
17 0.5893719806763285 0.05865036231884058 0.0998389694041868 0.01585144927536232
17 0.33011272141706927 0.059103260869565216 0.21256038647342995 0.01585144927536232
17 0.09380032206119163 0.057518115942028984 0.05877616747181964 0.012681159420289856
20 0.500402576489533 0.011322463768115942 0.999194847020934 0.021739130434782608
