17 0.501610305958132 0.05683876811594203 0.10628019323671498 0.018568840579710144
17 0.500805152979066 0.48845108695652173 0.5797101449275363 0.07744565217391304
17 0.499194847020934 0.5606884057971014 0.5475040257648953 0.022644927536231884
17 0.10064412238325282 0.9852807971014493 0.07246376811594203 0.012228260869565218
17 0.30112721417069244 0.9848278985507246 0.08373590982286634 0.013134057971014492
17 0.499597423510467 0.9873188405797102 0.06038647342995169 0.016304347826086956
17 0.6996779388083736 0.9848278985507246 0.06602254428341385 0.013134057971014492
17 0.8989533011272142 0.985733695652174 0.10386473429951691 0.012228260869565218
8 0.8993558776167472 0.9592391304347826 0.0499194847020934 0.028079710144927536
8 0.6992753623188406 0.9596920289855072 0.04911433172302738 0.020833333333333332
8 0.499597423510467 0.9601449275362319 0.04911433172302738 0.024456521739130436
8 0.30112721417069244 0.9590126811594203 0.0499194847020934 0.024909420289855072
8 0.10144927536231885 0.9590126811594203 0.05475040257648953 0.029438405797101448
8 0.9303542673107891 0.057291666666666664 0.04428341384863124 0.030344202898550724
9 0.499597423510467 0.3385416666666667 0.2584541062801932 0.1272644927536232
18 0.500402576489533 0.6648550724637681 0.30515297906602257 0.0769927536231884
20 0.500402576489533 0.011322463768115942 0.999194847020934 0.021739130434782608
