17 0.2755895237520129 0.11433768614130434 0.3034431714975846 0.022273436594202892
9 0.7405367254428341 0.8852272864583334 0.44177024959742345 0.09553721331521742
20 0.500402576489533 0.011096014492753624 0.999194847020934 0.021286231884057972
17 0.5004061517713365 0.05884738926630435 0.3975727125603865 0.021804940670289853
17 0.21234946296296295 0.4271186607789855 0.33645797584541065 0.016820271739130463
17 0.08528294766505636 0.45223993500905796 0.08211198550724637 0.015419283061594223
17 0.6041787556360708 0.4255334053442029 0.1609598301127215 0.01361050815217392
17 0.5627270144927536 0.4522380138134058 0.07651670853462153 0.015472992300724676
17 0.20559205837359099 0.7679891173007246 0.3243999879227053 0.016829670289855107
17 0.08526382487922705 0.7931455527626812 0.08217465458937198 0.015404189764492779
17 0.6484227818035426 0.7680585557065217 0.247879347826087 0.016953951992753544
17 0.5655578514492754 0.7931269771286232 0.08212383494363927 0.01545571603260869
17 0.10098373188405797 0.9907209977355073 0.08625971014492755 0.013123221920289925
17 0.3000644307568438 0.9896985482336955 0.08045185507246376 0.010661691576087066
17 0.5000143985507246 0.9895925106431159 0.10546992914653784 0.01089875588768114
17 0.6990995297906603 0.9898079028532609 0.049950149758454125 0.010448953351449266
17 0.8998380161030596 0.9898063550724637 0.0330677858293075 0.010446741847826048
8 0.4308126698872786 0.4388849424818841 0.06365082286634462 0.02949747826086953
8 0.9110813603059582 0.4388995654438406 0.06369288808373594 0.02947635914855072
8 0.4307568438003221 0.7794384057971014 0.0644122383252818 0.029891304347826088
8 0.9110920241545893 0.7797644517663044 0.06376021417069247 0.02961382653985503
8 0.8986400656199678 0.9588069639945652 0.04351895088566834 0.02902365443840582
8 0.695939830515298 0.9594809492753622 0.06290871900161027 0.03398464039855074
8 0.4996031976650564 0.9599385468749999 0.06133320692431561 0.02862714719202895
8 0.29885207004830916 0.9590330815217392 0.05726972463768113 0.03305728170289842
8 0.10056881441223833 0.959462649682971 0.04848805233494364 0.029558817481883985
8 0.04624255877616747 0.05771923414855073 0.02982911433172303 0.028541143115942035
8 0.08726221658615137 0.11270826086956523 0.03793132850241544 0.021787277173913048
7 0.5004375752818035 0.11319330819746376 0.902909461352657 0.049059874547101444
9 0.7405458409822867 0.2811134241394928 0.44198593639291467 0.24637320425724638
9 0.26026753703703703 0.28111233220108695 0.4418556714975845 0.24633967346014493
9 0.26024141022544284 0.6208580681612319 0.4418836497584542 0.2486392033514493
9 0.7405107037037036 0.6208743772644928 0.4421519404186796 0.24878902717391307
9 0.26023074315619965 0.8852097884963768 0.4417829130434783 0.09556756521739136
