17 0.11996779388083736 0.620018115942029 0.11594202898550725 0.016304347826086956
17 0.1280193236714976 0.4273097826086957 0.13365539452495975 0.013134057971014492
17 0.1324476650563607 0.250679347826087 0.14090177133655393 0.012228260869565218
7 0.500402576489533 0.6270380434782609 0.8848631239935588 0.030344202898550724
7 0.500805152979066 0.43999094202898553 0.8856682769726248 0.0384963768115942
7 0.500402576489533 0.2608695652173913 0.8848631239935588 0.03260869565217391
17 0.249597423510467 0.1236413043478261 0.10466988727858292 0.021739130434782608
17 0.750402576489533 0.1236413043478261 0.1320450885668277 0.021739130434782608
17 0.4617552334943639 0.3688858695652174 0.8043478260869565 0.04030797101449275
17 0.8977455716586151 0.4304800724637681 0.08695652173913043 0.01585144927536232
17 0.49114331723027377 0.5532155797101449 0.8663446054750402 0.043931159420289856
17 0.4601449275362319 0.6895380434782609 0.8027375201288245 0.043931159420289856
17 0.394524959742351 0.7973278985507246 0.6731078904991948 0.09284420289855072
18 0.500805152979066 0.907608695652174 0.8840579710144928 0.06159420289855073
8 0.07206119162640902 0.057518115942028984 0.023349436392914653 0.022644927536231884
16 0.8864734299516909 0.7681159420289855 0.11272141706924316 0.044384057971014496
17 0.14130434782608695 0.19859601449275363 0.16344605475040258 0.014945652173913044
17 0.1360708534621578 0.32133152173913043 0.1529790660225443 0.01585144927536232
17 0.12761674718196458 0.5052083333333334 0.1360708534621578 0.01947463768115942
20 0.500402576489533 0.011322463768115942 0.999194847020934 0.021739130434782608
