17 0.500805152979066 0.059329710144927536 0.17391304347826086 0.022644927536231884
17 0.18035426731078905 0.11594202898550725 0.2689210950080515 0.017210144927536232
17 0.5897745571658615 0.24886775362318841 0.09581320450885668 0.012228260869565218
17 0.2069243156199678 0.311820652173913 0.33172302737520126 0.03215579710144927
17 0.5905797101449275 0.311820652173913 0.32286634460547503 0.03215579710144927
17 0.894122383252818 0.311820652173913 0.18115942028985507 0.03215579710144927
17 0.20652173913043478 0.3507699275362319 0.11352657004830918 0.016757246376811596
17 0.5905797101449275 0.3507699275362319 0.11352657004830918 0.016757246376811596
17 0.9516908212560387 0.3509963768115942 0.06763285024154589 0.016304347826086956
17 0.1823671497584541 0.473731884057971 0.2745571658615137 0.016304347826086956
17 0.20611916264090177 0.6610054347826088 0.2222222222222222 0.013134057971014492
17 0.5913848631239935 0.6610054347826088 0.15056360708534622 0.013134057971014492
17 0.9082125603864735 0.670516304347826 0.15458937198067632 0.03215579710144927
17 0.5913848631239935 0.7094655797101449 0.11352657004830918 0.016757246376811596
17 0.9524959742351047 0.7092391304347826 0.06763285024154589 0.016304347826086956
17 0.2471819645732689 0.8328804347826088 0.4025764895330113 0.017210144927536232
8 0.06843800322061191 0.05706521739130435 0.040257648953301126 0.014492753623188406
8 0.18317230273752014 0.057291666666666664 0.04750402576489533 0.03759057971014493
8 0.8184380032206119 0.05683876811594203 0.04428341384863124 0.024909420289855072
8 0.9323671497584541 0.05706521739130435 0.03542673107890499 0.01992753623188406
17 0.2069243156199678 0.7090126811594203 0.0966183574879227 0.016757246376811596
18 0.856682769726248 0.8326539855072463 0.20128824476650564 0.043931159420289856
18 0.20652173913043478 0.7495471014492754 0.20531400966183574 0.044384057971014496
18 0.5913848631239935 0.7495471014492754 0.20531400966183574 0.044384057971014496
18 0.92914653784219 0.7497735507246377 0.1143317230273752 0.043931159420289856
18 0.2069243156199678 0.391304347826087 0.20611916264090177 0.044384057971014496
18 0.5913848631239935 0.39107789855072467 0.20531400966183574 0.043931159420289856
18 0.928743961352657 0.391304347826087 0.11513687600644122 0.044384057971014496
18 0.856682769726248 0.473731884057971 0.20128824476650564 0.044384057971014496
18 0.855877616747182 0.11548913043478261 0.20128824476650564 0.044384057971014496
9 0.2069243156199678 0.21784420289855072 0.19162640901771336 0.06159420289855073
9 0.5929951690821256 0.20969202898550726 0.19243156199677938 0.0661231884057971
9 0.9327697262479872 0.21784420289855072 0.107085346215781 0.07246376811594203
9 0.9516908212560387 0.5763134057971014 0.06763285024154589 0.129981884057971
9 0.5909822866344605 0.5763134057971014 0.10950080515297907 0.129981884057971
9 0.20652173913043478 0.5763134057971014 0.11191626409017713 0.129981884057971
9 0.20611916264090177 0.9343297101449275 0.1111111111111111 0.1286231884057971
9 0.5909822866344605 0.9347826086956522 0.10950080515297907 0.12952898550724637
9 0.9528985507246377 0.9350090579710145 0.06682769726247988 0.129981884057971
20 0.500402576489533 0.011322463768115942 0.999194847020934 0.021739130434782608
