17 0.501610305958132 0.059103260869565216 0.14009661835748793 0.023097826086956524
17 0.14895330112721417 0.059329710144927536 0.1497584541062802 0.022644927536231884
17 0.3192431561996779 0.16508152173913043 0.32286634460547503 0.018568840579710144
17 0.2387278582930757 0.2246376811594203 0.16344605475040258 0.018115942028985508
17 0.24879227053140096 0.2846467391304348 0.18357487922705315 0.018568840579710144
17 0.25442834138486314 0.344429347826087 0.1932367149758454 0.018568840579710144
17 0.2214170692431562 0.40398550724637683 0.12560386473429952 0.018115942028985508
17 0.32045088566827695 0.46603260869565216 0.3252818035426731 0.022644927536231884
17 0.26610305958132047 0.5251358695652174 0.21658615136876005 0.022192028985507248
17 0.34017713365539454 0.5855978260869565 0.3663446054750403 0.022644927536231884
17 0.22705314009661837 0.6431159420289855 0.14009661835748793 0.018115942028985508
17 0.21578099838969403 0.7026721014492754 0.11594202898550725 0.018568840579710144
17 0.2359098228663446 0.7626811594202899 0.15619967793880837 0.018115942028985508
17 0.3506441223832528 0.8242753623188406 0.3856682769726248 0.021739130434782608
17 0.3103864734299517 0.8820199275362319 0.30515297906602257 0.018568840579710144
17 0.4581320450885668 0.9445199275362319 0.8180354267310789 0.03940217391304348
17 0.8820450885668277 0.16508152173913043 0.050724637681159424 0.018568840579710144
8 0.046296296296296294 0.057744565217391304 0.03140096618357488 0.029438405797101448
8 0.9424315619967794 0.16394927536231885 0.020128824476650563 0.018115942028985508
8 0.9424315619967794 0.22395833333333334 0.020128824476650563 0.018568840579710144
8 0.9424315619967794 0.28351449275362317 0.020128824476650563 0.018115942028985508
8 0.9424315619967794 0.343070652173913 0.020128824476650563 0.018568840579710144
8 0.9424315619967794 0.40307971014492755 0.020128824476650563 0.018115942028985508
8 0.9428341384863124 0.4626358695652174 0.01932367149758454 0.018568840579710144
8 0.9424315619967794 0.5224184782608696 0.020128824476650563 0.018568840579710144
8 0.9424315619967794 0.5822010869565217 0.020128824476650563 0.018568840579710144
8 0.9424315619967794 0.6422101449275363 0.020128824476650563 0.018115942028985508
8 0.9424315619967794 0.7015398550724637 0.020128824476650563 0.018115942028985508
8 0.9424315619967794 0.7617753623188406 0.020128824476650563 0.018115942028985508
8 0.9424315619967794 0.8211050724637681 0.020128824476650563 0.018115942028985508
8 0.9424315619967794 0.8813405797101449 0.020128824476650563 0.018115942028985508
9 0.08454106280193237 0.8813405797101449 0.07085346215780998 0.03985507246376812
9 0.08413848631239935 0.8215579710144928 0.071658615136876 0.03985507246376812
8 0.08413848631239935 0.7615489130434783 0.071658615136876 0.04030797101449275
8 0.08373590982286634 0.7019927536231884 0.07085346215780998 0.03985507246376812
8 0.08454106280193237 0.6422101449275363 0.07085346215780998 0.03985507246376812
9 0.08413848631239935 0.5822010869565217 0.071658615136876 0.04030797101449275
8 0.08454106280193237 0.5226449275362319 0.07085346215780998 0.03985507246376812
8 0.08454106280193237 0.4628623188405797 0.07085346215780998 0.03985507246376812
9 0.08373590982286634 0.40307971014492755 0.07085346215780998 0.03985507246376812
9 0.08454106280193237 0.343070652173913 0.07085346215780998 0.04030797101449275
9 0.08454106280193237 0.28351449275362317 0.07085346215780998 0.03985507246376812
9 0.08413848631239935 0.22395833333333334 0.071658615136876 0.04030797101449275
8 0.08454106280193237 0.16394927536231885 0.07085346215780998 0.03985507246376812
20 0.500402576489533 0.011322463768115942 0.999194847020934 0.021739130434782608
