17 0.5 0.059329710144927536 0.22705314009661837 0.024456521739130436
8 0.9198872785829307 0.05683876811594203 0.061996779388083734 0.034873188405797104
9 0.501207729468599 0.3428442028985507 0.3357487922705314 0.13677536231884058
17 0.501610305958132 0.4936594202898551 0.6231884057971014 0.07789855072463768
17 0.499597423510467 0.5812952898550725 0.6739130434782609 0.05298913043478261
18 0.500805152979066 0.7026721014492754 0.428341384863124 0.07653985507246377
17 0.10064412238325282 0.985733695652174 0.07246376811594203 0.012228260869565218
17 0.30112721417069244 0.9852807971014493 0.08373590982286634 0.013134057971014492
17 0.499597423510467 0.9873188405797102 0.06038647342995169 0.016304347826086956
17 0.6996779388083736 0.9852807971014493 0.06602254428341385 0.013134057971014492
17 0.8989533011272142 0.9852807971014493 0.10386473429951691 0.012228260869565218
8 0.8993558776167472 0.9592391304347826 0.0499194847020934 0.028079710144927536
8 0.6988727858293076 0.9596920289855072 0.0499194847020934 0.020833333333333332
8 0.499194847020934 0.9599184782608696 0.0499194847020934 0.024909420289855072
8 0.3007246376811594 0.9592391304347826 0.04911433172302738 0.024456521739130436
8 0.10104669887278583 0.9590126811594203 0.05555555555555555 0.029438405797101448
20 0.500402576489533 0.011322463768115942 0.999194847020934 0.021739130434782608
