17 0.4883252818035427 0.9234601449275363 0.8172302737520128 0.024456521739130436
9 0.48792270531400966 0.7706068840579711 0.9259259259259259 0.37273550724637683
17 0.13083735909822866 0.5584239130434783 0.1537842190016103 0.03170289855072464
8 0.6139291465378421 0.45991847826086957 0.1972624798711755 0.01585144927536232
17 0.892512077294686 0.4879981884057971 0.09742351046698873 0.016757246376811596
17 0.8578904991948471 0.46195652173913043 0.12962962962962962 0.01177536231884058
17 0.7033011272141707 0.41304347826086957 0.3776167471819646 0.01358695652173913
9 0.7214170692431562 0.27943840579710144 0.44605475040257647 0.20380434782608695
17 0.39895330112721417 0.4882246376811594 0.09742351046698873 0.016304347826086956
17 0.3828502415458937 0.46195652173913043 0.12962962962962962 0.01177536231884058
8 0.13848631239935588 0.46037137681159424 0.19806763285024154 0.01585144927536232
17 0.14371980676328502 0.42821557971014496 0.2069243156199678 0.016757246376811596
17 0.24033816425120774 0.40217391304347827 0.4001610305958132 0.017210144927536232
9 0.24557165861513688 0.27921195652173914 0.44605475040257647 0.20335144927536233
18 0.9021739130434783 0.14356884057971014 0.14895330112721417 0.041666666666666664
17 0.2995169082125604 0.1428894927536232 0.4927536231884058 0.025815217391304348
8 0.06159420289855073 0.057518115942028984 0.026570048309178744 0.02717391304347826
17 0.501610305958132 0.059329710144927536 0.2995169082125604 0.024456521739130436
8 0.9057971014492754 0.057518115942028984 0.04508856682769726 0.024456521739130436
8 0.7991143317230274 0.057518115942028984 0.04589371980676329 0.02355072463768116
20 0.500402576489533 0.011096014492753624 0.999194847020934 0.021286231884057972
