17 0.25925925925925924 0.7493206521739131 0.23349436392914655 0.018568840579710144
17 0.2938808373590982 0.6711956521739131 0.30112721417069244 0.015398550724637682
17 0.22745571658615138 0.5955615942028986 0.1682769726247987 0.015398550724637682
17 0.6892109500805152 0.9757699275362319 0.09178743961352658 0.01947463768115942
17 0.46296296296296297 0.9757699275362319 0.322061191626409 0.01947463768115942
17 0.499597423510467 0.885643115942029 0.05877616747181964 0.017663043478260868
18 0.500805152979066 0.822463768115942 0.2962962962962963 0.0625
7 0.500402576489533 0.7490942028985508 0.8107890499194848 0.0625
7 0.500402576489533 0.6730072463768116 0.8107890499194848 0.0625
7 0.500402576489533 0.5969202898550725 0.8107890499194848 0.0625
17 0.500805152979066 0.541213768115942 0.02576489533011272 0.009057971014492754
18 0.500402576489533 0.48097826086956524 0.8107890499194848 0.06340579710144928
18 0.500402576489533 0.40353260869565216 0.8107890499194848 0.06340579710144928
17 0.500805152979066 0.3120471014492754 0.27697262479871176 0.028079710144927536
20 0.500402576489533 0.011096014492753624 0.999194847020934 0.021286231884057972
9 0.500805152979066 0.1347373188405797 0.998389694041868 0.26856884057971014
