8 0.08655394524959742 0.057518115942028984 0.02818035426731079 0.028079710144927536
9 0.5 0.11979166666666667 0.08856682769726248 0.05480072463768116
9 0.499597423510467 0.3632246376811594 0.4774557165861514 0.2608695652173913
17 0.500805152979066 0.18546195652173914 0.6908212560386473 0.023097826086956524
17 0.5 0.5348731884057971 0.4557165861513688 0.03985507246376812
17 0.500805152979066 0.6616847826086957 0.028985507246376812 0.00996376811594203
17 0.501610305958132 0.860733695652174 0.43478260869565216 0.01947463768115942
18 0.500402576489533 0.6046195652173914 0.8848631239935588 0.0661231884057971
18 0.500805152979066 0.7149003623188406 0.8840579710144928 0.06567028985507246
18 0.500402576489533 0.7909873188405797 0.8848631239935588 0.06567028985507246
20 0.500402576489533 0.011322463768115942 0.999194847020934 0.021739130434782608
