8 0.8389694041867954 0.40670289855072467 0.008051529790660225 0.007246376811594203
8 0.8703703703703703 0.6850090579710145 0.008051529790660225 0.007699275362318841
17 0.3115942028985507 0.13156702898550726 0.5442834138486312 0.021286231884057972
17 0.6252012882447665 0.20765398550724637 0.177938808373591 0.012228260869565218
17 0.6940418679549114 0.259963768115942 0.3140096618357488 0.06521739130434782
17 0.7407407407407407 0.3290307971014493 0.40901771336553944 0.035778985507246376
17 0.7089371980676329 0.37205615942028986 0.3438003220611916 0.014945652173913044
17 0.6819645732689211 0.4048913043478261 0.2898550724637681 0.014492753623188406
17 0.6223832528180354 0.46716485507246375 0.1706924315619968 0.012228260869565218
17 0.7407407407407407 0.5076992753623188 0.4074074074074074 0.04076086956521739
17 0.7379227053140096 0.5874094202898551 0.40177133655394526 0.08242753623188406
17 0.7089371980676329 0.6503623188405797 0.3438003220611916 0.014492753623188406
17 0.6980676328502415 0.6836503623188406 0.322061191626409 0.014039855072463768
17 0.6252012882447665 0.7452445652173914 0.177938808373591 0.012228260869565218
17 0.6940418679549114 0.7980072463768116 0.3140096618357488 0.06521739130434782
17 0.6968599033816425 0.8686594202898551 0.3196457326892109 0.03894927536231884
17 0.7089371980676329 0.9098731884057971 0.3438003220611916 0.014492753623188406
17 0.12640901771336555 0.990036231884058 0.06763285024154589 0.010869565217391304
17 0.37600644122383253 0.990036231884058 0.10305958132045089 0.010869565217391304
17 0.6260064412238325 0.990036231884058 0.0748792270531401 0.010869565217391304
17 0.8756038647342995 0.990036231884058 0.09742351046698873 0.010869565217391304
8 0.8752012882447665 0.9592391304347826 0.05152979066022544 0.028985507246376812
9 0.6243961352657005 0.9578804347826088 0.05394524959742351 0.02355072463768116
9 0.3752012882447665 0.9599184782608696 0.05152979066022544 0.024909420289855072
8 0.1247987117552335 0.9581068840579711 0.05152979066022544 0.01947463768115942
9 0.2560386473429952 0.8072916666666666 0.17552334943639292 0.14356884057971014
9 0.2560386473429952 0.5228713768115942 0.3687600644122383 0.12273550724637682
9 0.2580515297906602 0.2774003623188406 0.35829307568438 0.12817028985507248
8 0.06602254428341385 0.05434782608695652 0.05475040257648953 0.025362318840579712
8 0.927938808373591 0.057744565217391304 0.05394524959742351 0.029438405797101448
20 0.500402576489533 0.011322463768115942 0.999194847020934 0.021739130434782608
