9 0.10144927536231885 0.9594655797101449 0.061191626409017714 0.028532608695652176
17 0.10104669887278583 0.9866394927536232 0.061996779388083734 0.009510869565217392
17 0.28784219001610306 0.9866394927536232 0.08776167471819646 0.009510869565217392
8 0.28784219001610306 0.9594655797101449 0.04106280193236715 0.029438405797101448
9 0.499597423510467 0.9639945652173914 0.1892109500805153 0.034873188405797104
8 0.711755233494364 0.9592391304347826 0.057971014492753624 0.024456521739130436
17 0.711755233494364 0.9864130434782609 0.09339774557165861 0.009057971014492754
17 0.8989533011272142 0.9868659420289855 0.11191626409017713 0.00996376811594203
8 0.8985507246376812 0.9592391304347826 0.04830917874396135 0.026268115942028984
8 0.9440418679549114 0.7339221014492754 0.015297906602254429 0.014039855072463768
8 0.9448470209339774 0.6739130434782609 0.015297906602254429 0.014492753623188406
8 0.9444444444444444 0.6141304347826088 0.014492753623188406 0.01358695652173913
8 0.9440418679549114 0.5276268115942029 0.015297906602254429 0.01358695652173913
17 0.39009661835748793 0.734375 0.48711755233494364 0.018568840579710144
8 0.07689210950080515 0.7346014492753623 0.04750402576489533 0.025362318840579712
8 0.07648953301127215 0.6743659420289855 0.05152979066022544 0.028985507246376812
17 0.2966988727858293 0.6734601449275363 0.29871175523349436 0.015398550724637682
9 0.07689210950080515 0.6148097826086957 0.05555555555555555 0.025815217391304348
17 0.2632850241545894 0.6139039855072463 0.2318840579710145 0.014945652173913044
8 0.07729468599033816 0.5287590579710145 0.0499194847020934 0.025815217391304348
17 0.25442834138486314 0.5280797101449275 0.21256038647342995 0.018115942028985508
17 0.250805152979066 0.4372735507246377 0.13285024154589373 0.014945652173913044
17 0.750402576489533 0.4372735507246377 0.17391304347826086 0.014945652173913044
9 0.7008856682769726 0.3340126811594203 0.026570048309178744 0.01585144927536232
17 0.7971014492753623 0.3340126811594203 0.14814814814814814 0.013134057971014492
9 0.5632045088566827 0.333786231884058 0.14251207729468598 0.02717391304347826
17 0.3305152979066023 0.3340126811594203 0.2181964573268921 0.010416666666666666
9 0.1529790660225443 0.333106884057971 0.04830917874396135 0.0276268115942029
17 0.501610305958132 0.2427536231884058 0.7906602254428341 0.07246376811594203
17 0.49879227053140096 0.15896739130434784 0.21658615136876005 0.01992753623188406
17 0.499194847020934 0.05683876811594203 0.19484702093397746 0.01585144927536232
20 0.500402576489533 0.011322463768115942 0.999194847020934 0.021739130434782608
