17 0.499597423510467 0.059329710144927536 0.1392914653784219 0.021739130434782608
8 0.9251207729468599 0.058197463768115944 0.0499194847020934 0.026721014492753624
8 0.08051529790660225 0.05706521739130435 0.04830917874396135 0.02717391304347826
8 0.500402576489533 0.20923913043478262 0.19404186795491143 0.08786231884057971
17 0.49879227053140096 0.2749094202898551 0.32930756843800324 0.020833333333333332
17 0.3747987117552335 0.4073822463768116 0.5885668276972624 0.021286231884057972
17 0.6078904991948471 0.6281702898550725 0.5571658615136876 0.06159420289855073
17 0.532608695652174 0.6782155797101449 0.11513687600644122 0.01585144927536232
17 0.39492753623188404 0.7085597826086957 0.13123993558776167 0.014945652173913044
17 0.45692431561996777 0.7434329710144928 0.1537842190016103 0.013134057971014492
17 0.15539452495974235 0.823143115942029 0.1529790660225443 0.014945652173913044
8 0.9142512077294686 0.8226902173913043 0.016908212560386472 0.01585144927536232
8 0.34822866344605474 0.7425271739130435 0.039452495974235106 0.017663043478260868
8 0.40136876006441224 0.677536231884058 0.1360708534621578 0.015398550724637682
9 0.16908212560386474 0.5067934782608696 0.1819645732689211 0.10960144927536232
9 0.3884863123993559 0.5015851449275363 0.17954911433172302 0.09827898550724638
9 0.6099033816425121 0.5015851449275363 0.17954911433172302 0.09827898550724638
9 0.8313204508856683 0.5015851449275363 0.17954911433172302 0.09827898550724638
9 0.18438003220611915 0.6743659420289855 0.214170692431562 0.09329710144927536
20 0.500402576489533 0.011322463768115942 0.999194847020934 0.021739130434782608
