17 0.500805152979066 0.05683876811594203 0.214170692431562 0.01947463768115942
17 0.8896940418679549 0.057518115942028984 0.12077294685990338 0.018115942028985508
17 0.21859903381642512 0.12318840579710146 0.392109500805153 0.01992753623188406
17 0.1610305958132045 0.22010869565217392 0.28019323671497587 0.017210144927536232
17 0.20450885668276972 0.4846014492753623 0.3671497584541063 0.018115942028985508
17 0.6163446054750402 0.4832427536231884 0.37922705314009664 0.014492753623188406
17 0.9150563607085346 0.4834692028985507 0.16505636070853463 0.014039855072463768
17 0.09903381642512077 0.5108695652173914 0.15458937198067632 0.016304347826086956
17 0.5193236714975845 0.5108695652173914 0.18357487922705315 0.016304347826086956
17 0.9162640901771336 0.510643115942029 0.16747181964573268 0.016757246376811596
17 0.13003220611916264 0.566802536231884 0.2181964573268921 0.016757246376811596
17 0.18840579710144928 0.8389945652173914 0.3333333333333333 0.017663043478260868
17 0.6103059581320451 0.838088768115942 0.36553945249597425 0.014039855072463768
17 0.9162640901771336 0.8376358695652174 0.16747181964573268 0.014945652173913044
17 0.5028180354267311 0.8652626811594203 0.15056360708534622 0.01585144927536232
17 0.9130434782608695 0.8652626811594203 0.1610305958132045 0.01585144927536232
17 0.10628019323671498 0.865036231884058 0.16747181964573268 0.016304347826086956
17 0.0998389694041868 0.9877717391304348 0.07890499194847021 0.010869565217391304
17 0.30152979066022545 0.9891304347826088 0.09259259259259259 0.01358695652173913
17 0.501610305958132 0.9879981884057971 0.033816425120772944 0.010416666666666666
17 0.6992753623188406 0.9875452898550725 0.1280193236714976 0.011322463768115942
17 0.9001610305958132 0.9879981884057971 0.05636070853462158 0.010416666666666666
8 0.8993558776167472 0.9553894927536232 0.057971014492753624 0.022192028985507248
8 0.6996779388083736 0.9556159420289855 0.040257648953301126 0.03351449275362319
8 0.501610305958132 0.9553894927536232 0.05958132045088567 0.03306159420289855
8 0.3007246376811594 0.9556159420289855 0.06038647342995169 0.03351449275362319
8 0.10104669887278583 0.9556159420289855 0.05877616747181964 0.03260869565217391
8 0.2942834138486312 0.7626811594202899 0.039452495974235106 0.03351449275362319
8 0.6863929146537843 0.7622282608695652 0.039452495974235106 0.03351449275362319
17 0.34500805152979064 0.7624547101449275 0.026570048309178744 0.022192028985507248
17 0.750402576489533 0.7626811594202899 0.05314009661835749 0.022644927536231884
9 0.9150563607085346 0.7081068840579711 0.16988727858293076 0.21784420289855072
9 0.6187600644122383 0.7081068840579711 0.38727858293075684 0.21784420289855072
9 0.21296296296296297 0.7081068840579711 0.38727858293075684 0.21784420289855072
8 0.6996779388083736 0.40783514492753625 0.040257648953301126 0.03306159420289855
8 0.28180354267310787 0.40783514492753625 0.040257648953301126 0.033967391304347824
17 0.3462157809983897 0.40828804347826086 0.05314009661835749 0.023097826086956524
17 0.749597423510467 0.40806159420289856 0.027375201288244767 0.022644927536231884
9 0.21296296296296297 0.3534873188405797 0.38727858293075684 0.21784420289855072
9 0.6187600644122383 0.3534873188405797 0.38727858293075684 0.21784420289855072
9 0.9154589371980676 0.3534873188405797 0.16908212560386474 0.21784420289855072
8 0.4440418679549114 0.12115036231884058 0.03140096618357488 0.011322463768115942
20 0.500402576489533 0.011322463768115942 0.999194847020934 0.021739130434782608
