8 0.07326892109500806 0.057744565217391304 0.024154589371980676 0.023097826086956524
17 0.500402576489533 0.05593297101449275 0.2890499194847021 0.01947463768115942
17 0.500402576489533 0.12001811594202899 0.1473429951690821 0.018115942028985508
17 0.24879227053140096 0.12047101449275363 0.15619967793880837 0.017210144927536232
17 0.7250402576489533 0.12047101449275363 0.10064412238325282 0.017210144927536232
17 0.9363929146537843 0.12296195652173914 0.12721417069243157 0.022192028985507248
17 0.03462157809983897 0.12318840579710146 0.06763285024154589 0.021739130434782608
17 0.9219001610305958 0.19067028985507248 0.11594202898550725 0.01992753623188406
5 0.2773752012882448 0.19180253623188406 0.4806763285024155 0.021286231884057972
17 0.31521739130434784 0.19112318840579712 0.40499194847020936 0.017210144927536232
17 0.4367954911433172 0.2427536231884058 0.6481481481481481 0.042572463768115944
17 0.9335748792270532 0.22894021739130435 0.09420289855072464 0.014039855072463768
5 0.38808373590982287 0.3245018115942029 0.7053140096618358 0.021286231884057972
17 0.9214975845410628 0.3242753623188406 0.11674718196457327 0.01992753623188406
17 0.42713365539452497 0.32404891304347827 0.6256038647342995 0.016757246376811596
17 0.44001610305958133 0.3759057971014493 0.6513687600644122 0.042572463768115944
17 0.9327697262479872 0.36231884057971014 0.09420289855072464 0.01358695652173913
5 0.2809983896940419 0.45720108695652173 0.4895330112721417 0.022192028985507248
17 0.9214975845410628 0.45720108695652173 0.11674718196457327 0.01947463768115942
17 0.31803542673107893 0.4569746376811594 0.4106280193236715 0.017210144927536232
17 0.4359903381642512 0.5090579710144928 0.6481481481481481 0.042572463768115944
17 0.9335748792270532 0.4952445652173913 0.09420289855072464 0.014039855072463768
17 0.9214975845410628 0.5901268115942029 0.11674718196457327 0.01992753623188406
5 0.23832528180354268 0.5910326086956522 0.4025764895330113 0.020833333333333332
17 0.27697262479871176 0.5903532608695652 0.3252818035426731 0.016757246376811596
17 0.4388083735909823 0.6422101449275363 0.6505636070853462 0.042572463768115944
17 0.9335748792270532 0.6286231884057971 0.09420289855072464 0.01358695652173913
17 0.9219001610305958 0.7232789855072463 0.11594202898550725 0.01992753623188406
17 0.2914653784219002 0.7384510869565217 0.357487922705314 0.04664855072463768
5 0.25483091787439616 0.7379981884057971 0.4355877616747182 0.04755434782608696
17 0.42995169082125606 0.7927989130434783 0.6344605475040258 0.018568840579710144
17 0.9331723027375202 0.7914402173913043 0.09500805152979067 0.014039855072463768
17 0.9219001610305958 0.8625452898550725 0.11594202898550725 0.01947463768115942
17 0.32971014492753625 0.8777173913043478 0.4307568438003221 0.04619565217391305
5 0.2926731078904992 0.8777173913043478 0.5112721417069244 0.04891304347826087
17 0.4001610305958132 0.9440670289855072 0.5780998389694042 0.04302536231884058
17 0.9327697262479872 0.9304800724637682 0.09420289855072464 0.014039855072463768
20 0.500402576489533 0.011322463768115942 0.999194847020934 0.021739130434782608
