20 0.500402576489533 0.011322463768115942 0.999194847020934 0.021739130434782608
17 0.2073268921095008 0.16168478260869565 0.3003220611916264 0.025362318840579712
17 0.1529790660225443 0.2053894927536232 0.18679549114331723 0.021286231884057972
17 0.7781803542673108 0.2882699275362319 0.36312399355877617 0.01947463768115942
17 0.09017713365539452 0.2871376811594203 0.0998389694041868 0.017210144927536232
17 0.08816425120772947 0.6881793478260869 0.09420289855072464 0.013134057971014492
17 0.18518518518518517 0.7078804347826088 0.286634460547504 0.01358695652173913
17 0.08776167471819646 0.751358695652174 0.0966183574879227 0.016304347826086956
17 0.5950080515297906 0.6881793478260869 0.14814814814814814 0.013134057971014492
17 0.7342995169082126 0.7182971014492754 0.43156199677938806 0.03351449275362319
17 0.5680354267310789 0.7708333333333334 0.09742351046698873 0.016304347826086956
17 0.5885668276972624 0.7937047101449275 0.13365539452495975 0.013134057971014492
17 0.10064412238325282 0.9907155797101449 0.06763285024154589 0.010416666666666666
17 0.30112721417069244 0.9918478260869565 0.11755233494363929 0.01358695652173913
17 0.499194847020934 0.9918478260869565 0.05958132045088567 0.01358695652173913
17 0.6984702093397746 0.9902626811594203 0.09581320450885668 0.011322463768115942
17 0.8989533011272142 0.9907155797101449 0.08132045088566828 0.011322463768115942
8 0.10024154589371981 0.958786231884058 0.05555555555555555 0.03170289855072464
9 0.30112721417069244 0.9599184782608696 0.05475040257648953 0.029438405797101448
9 0.5 0.9599184782608696 0.05475040257648953 0.029438405797101448
8 0.6988727858293076 0.9599184782608696 0.05475040257648953 0.029438405797101448
8 0.8969404186795491 0.958786231884058 0.04508856682769726 0.030797101449275364
8 0.04790660225442834 0.059782608695652176 0.021739130434782608 0.020833333333333332
8 0.8200483091787439 0.05683876811594203 0.033011272141706925 0.020380434782608696
8 0.9323671497584541 0.05661231884057971 0.03542673107890499 0.020833333333333332
9 0.2387278582930757 0.49796195652173914 0.35668276972624796 0.21331521739130435
9 0.7407407407407407 0.4997735507246377 0.26247987117552335 0.3328804347826087
