8 0.9231078904991948 0.05683876811594203 0.05555555555555555 0.03215579710144927
9 0.500402576489533 0.41032608695652173 0.21497584541062803 0.1286231884057971
17 0.500805152979066 0.5380434782608696 0.8486312399355878 0.06431159420289854
17 0.8997584541062802 0.9898097826086957 0.14090177133655393 0.010416666666666666
17 0.6988727858293076 0.9902626811594203 0.09178743961352658 0.010416666666666666
17 0.499597423510467 0.990036231884058 0.09098228663446055 0.00996376811594203
17 0.30112721417069244 0.990036231884058 0.08856682769726248 0.00996376811594203
17 0.0998389694041868 0.9898097826086957 0.11755233494363929 0.009510869565217392
8 0.09943639291465378 0.9599184782608696 0.071658615136876 0.04030797101449275
9 0.2995169082125604 0.9599184782608696 0.06763285024154589 0.04030797101449275
8 0.49879227053140096 0.9590126811594203 0.061996779388083734 0.029438405797101448
8 0.6980676328502415 0.9592391304347826 0.04508856682769726 0.035326086956521736
8 0.8985507246376812 0.9592391304347826 0.0644122383252818 0.03351449275362319
18 0.500805152979066 0.8711503623188406 0.9130434782608695 0.060235507246376815
18 0.500805152979066 0.7950634057971014 0.9130434782608695 0.060235507246376815
20 0.500402576489533 0.011322463768115942 0.999194847020934 0.021739130434782608
