17 0.5 0.06136775362318841 0.286634460547504 0.021286231884057972
17 0.500402576489533 0.5203804347826086 0.677133655394525 0.03260869565217391
17 0.500805152979066 0.5704257246376812 0.8840579710144928 0.024909420289855072
18 0.500402576489533 0.6483242753623188 0.9235104669887279 0.06567028985507246
17 0.499597423510467 0.8831521739130435 0.5499194847020934 0.020833333333333332
17 0.10064412238325282 0.9850543478260869 0.07890499194847021 0.010869565217391304
17 0.3003220611916264 0.9866394927536232 0.15619967793880837 0.014039855072463768
17 0.5 0.9850543478260869 0.1497584541062802 0.010869565217391304
17 0.7000805152979066 0.9866394927536232 0.11352657004830918 0.014039855072463768
17 0.8993558776167472 0.9866394927536232 0.15619967793880837 0.014039855072463768
8 0.9001610305958132 0.9578804347826088 0.05958132045088567 0.03351449275362319
9 0.6996779388083736 0.9581068840579711 0.05958132045088567 0.03306159420289855
8 0.499194847020934 0.9581068840579711 0.07246376811594203 0.03306159420289855
8 0.30112721417069244 0.9578804347826088 0.05475040257648953 0.03351449275362319
8 0.10185185185185185 0.9581068840579711 0.05877616747181964 0.03306159420289855
9 0.500402576489533 0.36186594202898553 0.5434782608695652 0.19655797101449277
20 0.500402576489533 0.011322463768115942 0.999194847020934 0.021739130434782608
