17 0.9118357487922706 0.06589673913043478 0.09581320450885668 0.016757246376811596
17 0.9170692431561996 0.041666666666666664 0.014492753623188406 0.010869565217391304
8 0.9460547504025765 0.04121376811594203 0.028985507246376812 0.017210144927536232
17 0.501610305958132 0.059782608695652176 0.44122383252818037 0.021739130434782608
17 0.20611916264090177 0.1535326086956522 0.3333333333333333 0.02717391304347826
17 0.10789049919484701 0.255661231884058 0.13687600644122383 0.026721014492753624
17 0.21739130434782608 0.35711050724637683 0.35909822866344604 0.026721014492753624
17 0.1529790660225443 0.4590126811594203 0.22705314009661837 0.026721014492753624
17 0.1107085346215781 0.5584239130434783 0.14251207729468598 0.021739130434782608
17 0.18679549114331723 0.6628170289855072 0.2962962962962963 0.026721014492753624
17 0.2781803542673108 0.7647192028985508 0.4806763285024155 0.026721014492753624
17 0.2721417069243156 0.8641304347826088 0.4669887278582931 0.021739130434782608
17 0.10064412238325282 0.9907155797101449 0.06763285024154589 0.010416666666666666
17 0.30112721417069244 0.9902626811594203 0.10628019323671498 0.011322463768115942
17 0.5 0.9916213768115942 0.1529790660225443 0.013134057971014492
17 0.6980676328502415 0.9907155797101449 0.08051529790660225 0.011322463768115942
17 0.8989533011272142 0.9904891304347826 0.09742351046698873 0.010869565217391304
8 0.9528985507246377 0.15194746376811594 0.023349436392914653 0.021286231884057972
8 0.9528985507246377 0.2538496376811594 0.023349436392914653 0.021286231884057972
8 0.9528985507246377 0.35529891304347827 0.023349436392914653 0.021286231884057972
8 0.9528985507246377 0.45720108695652173 0.023349436392914653 0.021286231884057972
8 0.9528985507246377 0.5593297101449275 0.023349436392914653 0.020833333333333332
8 0.9528985507246377 0.6612318840579711 0.023349436392914653 0.020833333333333332
8 0.9528985507246377 0.7631340579710145 0.023349436392914653 0.020833333333333332
8 0.9528985507246377 0.865036231884058 0.023349436392914653 0.020833333333333332
8 0.10064412238325282 0.9594655797101449 0.04508856682769726 0.024909420289855072
8 0.3003220611916264 0.9594655797101449 0.0499194847020934 0.024003623188405796
8 0.499194847020934 0.9592391304347826 0.04508856682769726 0.025362318840579712
8 0.6976650563607085 0.9590126811594203 0.04750402576489533 0.026721014492753624
8 0.8993558776167472 0.9592391304347826 0.0499194847020934 0.028079710144927536
9 0.8256843800322061 0.151268115942029 0.11674718196457327 0.03985507246376812
9 0.8385668276972624 0.25181159420289856 0.0861513687600644 0.06159420289855073
9 0.8264895330112721 0.3548460144927536 0.11030595813204509 0.050271739130434784
9 0.8397745571658615 0.4569746376811594 0.07085346215780998 0.0625
9 0.8353462157809984 0.5586503623188406 0.07648953301127215 0.05480072463768116
9 0.8071658615136876 0.6598731884057971 0.10869565217391304 0.0625
9 0.8007246376811594 0.7620018115942029 0.1215780998389694 0.06748188405797101
9 0.8301127214170693 0.8643568840579711 0.1111111111111111 0.05298913043478261
20 0.500402576489533 0.011322463768115942 0.999194847020934 0.021739130434782608
