17 0.20974235104669886 0.7321105072463768 0.05394524959742351 0.018568840579710144
17 0.6964573268921095 0.7321105072463768 0.06280193236714976 0.018568840579710144
17 0.6964573268921095 0.3245018115942029 0.05475040257648953 0.018568840579710144
17 0.20933977455716585 0.3245018115942029 0.061191626409017714 0.018568840579710144
18 0.25644122383252815 0.380661231884058 0.464573268921095 0.05480072463768116
18 0.7443639291465378 0.380661231884058 0.464573268921095 0.05480072463768116
18 0.7443639291465378 0.7882699275362319 0.464573268921095 0.05480072463768116
18 0.25644122383252815 0.7882699275362319 0.464573268921095 0.05480072463768116
17 0.2946859903381642 0.7323369565217391 0.07085346215780998 0.014492753623188406
17 0.7866344605475041 0.7323369565217391 0.07085346215780998 0.014492753623188406
17 0.782608695652174 0.3245018115942029 0.07085346215780998 0.014945652173913044
17 0.29790660225442833 0.32472826086956524 0.07085346215780998 0.014492753623188406
9 0.7443639291465378 0.9250452898550725 0.464573268921095 0.14990942028985507
9 0.25684380032206117 0.9309329710144928 0.463768115942029 0.1381340579710145
9 0.7443639291465378 0.5735960144927537 0.464573268921095 0.26132246376811596
9 0.25644122383252815 0.5735960144927537 0.464573268921095 0.26132246376811596
9 0.7443639291465378 0.15828804347826086 0.464573268921095 0.24592391304347827
9 0.25644122383252815 0.1659873188405797 0.464573268921095 0.26132246376811596
