20 0.500402576489533 0.011322463768115942 0.999194847020934 0.021739130434782608
8 0.10104669887278583 0.9676177536231885 0.04589371980676329 0.026721014492753624
8 0.3003220611916264 0.9669384057971014 0.04669887278582931 0.026268115942028984
8 0.499597423510467 0.9676177536231885 0.036231884057971016 0.026721014492753624
8 0.6996779388083736 0.967391304347826 0.05314009661835749 0.026268115942028984
8 0.8993558776167472 0.9676177536231885 0.04669887278582931 0.026721014492753624
8 0.8019323671497585 0.22282608695652173 0.040257648953301126 0.022644927536231884
8 0.9086151368760065 0.22282608695652173 0.039452495974235106 0.01992753623188406
8 0.8019323671497585 0.41281702898550726 0.040257648953301126 0.022192028985507248
8 0.9086151368760065 0.41259057971014496 0.039452495974235106 0.01992753623188406
8 0.8019323671497585 0.6028079710144928 0.040257648953301126 0.022644927536231884
8 0.9082125603864735 0.6030344202898551 0.040257648953301126 0.01947463768115942
8 0.8019323671497585 0.7932518115942029 0.040257648953301126 0.022192028985507248
8 0.9082125603864735 0.7930253623188406 0.040257648953301126 0.01992753623188406
17 0.500805152979066 0.060235507246376815 0.14653784219001612 0.020833333333333332
17 0.607487922705314 0.9098731884057971 0.5692431561996779 0.02717391304347826
17 0.47383252818035426 0.11231884057971014 0.30676328502415456 0.018115942028985508
17 0.47946859903381644 0.8727355072463768 0.3196457326892109 0.018115942028985508
17 0.6030595813204509 0.16779891304347827 0.5652173913043478 0.06204710144927536
17 0.5285829307568438 0.22078804347826086 0.4178743961352657 0.018568840579710144
17 0.4742351046698873 0.302536231884058 0.3059581320450886 0.018115942028985508
17 0.4537037037037037 0.34035326086956524 0.26972624798711753 0.025815217391304348
17 0.4142512077294686 0.37341485507246375 0.18760064412238325 0.014945652173913044
17 0.5591787439613527 0.4927536231884058 0.47906602254428343 0.018115942028985508
17 0.4033816425120773 0.5280797101449275 0.1610305958132045 0.020833333333333332
17 0.40418679549114334 0.5636322463768116 0.16747181964573268 0.014945652173913044
17 0.5587761674718197 0.6829710144927537 0.4782608695652174 0.018115942028985508
17 0.6042673107890499 0.7382246376811594 0.57085346215781 0.06159420289855073
17 0.4110305958132045 0.7914402173913043 0.17954911433172302 0.018568840579710144
9 0.16022544283413848 0.8969655797101449 0.24154589371980675 0.07291666666666667
9 0.15982286634460546 0.738677536231884 0.24074074074074073 0.13496376811594202
9 0.16022544283413848 0.5486865942028986 0.24154589371980675 0.13632246376811594
9 0.15982286634460546 0.3584692028985507 0.24235104669887278 0.13632246376811594
9 0.16022544283413848 0.16870471014492755 0.24154589371980675 0.13632246376811594
