17 0.17149758454106281 0.31884057971014496 0.2431561996779388 0.021739130434782608
17 0.17310789049919484 0.38224637681159424 0.2463768115942029 0.018115942028985508
17 0.17632850241545894 0.4472373188405797 0.25120772946859904 0.017663043478260868
17 0.15217391304347827 0.5122282608695652 0.2028985507246377 0.018115942028985508
17 0.1928341384863124 0.5774456521739131 0.285829307568438 0.018115942028985508
17 0.17028985507246377 0.6442481884057971 0.2391304347826087 0.021286231884057972
17 0.18760064412238325 0.7081068840579711 0.2753623188405797 0.017663043478260868
8 0.9404186795491143 0.7083333333333334 0.020933977455716585 0.01992753623188406
8 0.9404186795491143 0.6431159420289855 0.020933977455716585 0.01992753623188406
8 0.9412238325281803 0.5778985507246377 0.020933977455716585 0.01992753623188406
8 0.9408212560386473 0.5126811594202899 0.021739130434782608 0.01992753623188406
8 0.9404186795491143 0.447463768115942 0.020933977455716585 0.01992753623188406
8 0.9408212560386473 0.38224637681159424 0.020128824476650563 0.01992753623188406
8 0.9408212560386473 0.3172554347826087 0.020128824476650563 0.01947463768115942
8 0.06521739130434782 0.05683876811594203 0.028985507246376812 0.028532608695652176
17 0.26851851851851855 0.18614130434782608 0.19887278582930756 0.012681159420289856
9 0.7330917874396136 0.18229166666666666 0.46296296296296297 0.13632246376811594
20 0.500402576489533 0.011322463768115942 0.999194847020934 0.021739130434782608
