17 0.9001610305958132 0.9904891304347826 0.10950080515297907 0.014492753623188406
17 0.6984702093397746 0.9893568840579711 0.09903381642512077 0.011322463768115942
17 0.5 0.9893568840579711 0.05475040257648953 0.011322463768115942
17 0.10064412238325282 0.9895833333333334 0.06280193236714976 0.01177536231884058
17 0.30152979066022545 0.9891304347826088 0.09903381642512077 0.01177536231884058
9 0.10064412238325282 0.9592391304347826 0.0499194847020934 0.03894927536231884
8 0.30112721417069244 0.9596920289855072 0.06763285024154589 0.03804347826086957
9 0.499194847020934 0.9592391304347826 0.06924315619967794 0.03894927536231884
8 0.6996779388083736 0.9599184782608696 0.05636070853462158 0.03759057971014493
9 0.9009661835748792 0.9596920289855072 0.05958132045088567 0.03804347826086957
8 0.06360708534621579 0.05298913043478261 0.028985507246376812 0.028079710144927536
17 0.500402576489533 0.059103260869565216 0.15861513687600645 0.024003623188405796
17 0.13325281803542674 0.12341485507246377 0.16666666666666666 0.024003623188405796
17 0.11030595813204509 0.1983695652173913 0.12399355877616747 0.01358695652173913
17 0.36191626409017713 0.23256340579710144 0.6288244766505636 0.03306159420289855
16 0.894927536231884 0.21082427536231885 0.1247987117552335 0.04302536231884058
20 0.500402576489533 0.011322463768115942 0.999194847020934 0.021739130434782608
