17 0.8746654859098227 0.9544577825520832 0.09706781561996779 0.01099286793154756
17 0.6255467608695652 0.9544470651041667 0.1379219581320451 0.010881333333333234
17 0.3756720012077295 0.9544387998511904 0.12419224235104664 0.010928199404761904
17 0.12512048993558778 0.9537124633556547 0.1571664275362319 0.008615402901785698
8 0.37534418276972625 0.9283962704613093 0.060775314009661824 0.030242102678571366
8 0.874961324879227 0.9281976337425595 0.06717651127214169 0.030687150669642786
8 0.6256577495974236 0.9285592578124998 0.072355998389694 0.027583167410714197
8 0.12563507045088568 0.9282360076264881 0.06286434380032206 0.02760296763392861
9 0.7428782979066023 0.8056175595238095 0.4659342254428341 0.2027529761904762
8 0.9371862733494364 0.722169194940476 0.07727109742351043 0.035829543898809504
8 0.44965330595813197 0.7221787090773809 0.0773527971014493 0.035800706845238055
9 0.25548694766505636 0.8056341352306547 0.4658853285024155 0.2027198247767857
17 0.1464389653784219 0.6797973087797619 0.22061191948470213 0.013461703124999924
17 0.09452614653784219 0.6307659375 0.11367463607085346 0.014905702380952318
8 0.44971703180354267 0.4231562161458333 0.07731134541062802 0.03586165104166662
9 0.2554211030595813 0.5096291359747024 0.46588482286634464 0.20876698251488096
17 0.6171497584541062 0.6798735119047619 0.18438003220611915 0.013020833333333332
17 0.6820831787439614 0.6305441629464286 0.3172934219001611 0.015387671130952353
9 0.7428169436392914 0.5096744583333334 0.46605693397745573 0.2086987723214286
8 0.9371980676328502 0.4232401393229166 0.07729468599033816 0.03576028906249995
17 0.6187585652173913 0.3806407338169642 0.19007060225442832 0.013272103794642873
17 0.6640911992753623 0.3406596752232143 0.2777612665056361 0.03356935863095237
9 0.7429087910628019 0.21072327529761906 0.46587323913043477 0.20864893154761904
8 0.9371980676328502 0.12425595238095237 0.07729468599033816 0.03571428571428571
17 0.1745171614331723 0.38079458184523807 0.27690351449275363 0.013484205357142813
17 0.1926638180354267 0.3298631623883928 0.3099656988727858 0.011999902157738078
8 0.44971822342995166 0.12423648158482141 0.0773538784219001 0.03569764174107143
9 0.25545397262479874 0.2107021808035714 0.4658193784219002 0.2086067425595238
17 0.500805152979066 0.07477678571428571 0.22705314009661837 0.012648809523809524
20 0.514153979468599 0.02549750688244047 0.8678676030595814 0.014002046502976189
