17 0.14895330112721417 0.059329710144927536 0.1497584541062802 0.022644927536231884
17 0.501610305958132 0.05683876811594203 0.4363929146537842 0.018568840579710144
17 0.3965378421900161 0.16666666666666666 0.4806763285024155 0.021739130434782608
17 0.8735909822866345 0.16485507246376813 0.06602254428341385 0.018115942028985508
17 0.3280998389694042 0.2246376811594203 0.3438003220611916 0.018115942028985508
17 0.13526570048309178 0.30978260869565216 0.1723027375201288 0.01358695652173913
17 0.10789049919484701 0.3530344202898551 0.11272141706924316 0.018568840579710144
17 0.4444444444444444 0.38134057971014496 0.78743961352657 0.017210144927536232
17 0.12077294685990338 0.4232336956521739 0.13687600644122383 0.018568840579710144
17 0.13123993558776167 0.45153985507246375 0.1610305958132045 0.017210144927536232
17 0.16747181964573268 0.5009057971014493 0.23510466988727857 0.018115942028985508
17 0.1968599033816425 0.6082427536231884 0.29066022544283415 0.018115942028985508
17 0.8796296296296297 0.608016304347826 0.0571658615136876 0.018568840579710144
8 0.04669887278582931 0.057744565217391304 0.030595813204508857 0.029438405797101448
9 0.08454106280193237 0.16394927536231885 0.07085346215780998 0.03985507246376812
8 0.9424315619967794 0.16394927536231885 0.020128824476650563 0.018115942028985508
16 0.8900966183574879 0.22395833333333334 0.1247987117552335 0.04302536231884058
9 0.08373590982286634 0.223731884057971 0.07085346215780998 0.03985507246376812
8 0.9420289855072463 0.3639039855072464 0.020933977455716585 0.018568840579710144
8 0.9424315619967794 0.43455615942028986 0.020128824476650563 0.018568840579710144
8 0.9424315619967794 0.4997735507246377 0.020128824476650563 0.018568840579710144
8 0.9420289855072463 0.6073369565217391 0.020933977455716585 0.018115942028985508
20 0.500402576489533 0.011322463768115942 0.999194847020934 0.021739130434782608
