17 0.8993558776167472 0.9866394927536232 0.11272141706924316 0.009510869565217392
17 0.711352657004831 0.9866394927536232 0.09420289855072464 0.009510869565217392
17 0.28784219001610306 0.9866394927536232 0.08776167471819646 0.009510869565217392
17 0.10104669887278583 0.9866394927536232 0.061996779388083734 0.009510869565217392
9 0.10104669887278583 0.9596920289855072 0.061996779388083734 0.028985507246376812
8 0.28784219001610306 0.9594655797101449 0.04106280193236715 0.029438405797101448
9 0.5 0.9639945652173914 0.19001610305958133 0.034873188405797104
8 0.711755233494364 0.9592391304347826 0.057971014492753624 0.024456521739130436
8 0.8985507246376812 0.9594655797101449 0.04830917874396135 0.026721014492753624
8 0.9545088566827697 0.6600996376811594 0.015297906602254429 0.014039855072463768
8 0.9545088566827697 0.5516304347826086 0.015297906602254429 0.01358695652173913
8 0.9545088566827697 0.443161231884058 0.015297906602254429 0.014039855072463768
8 0.9516908212560387 0.24796195652173914 0.014492753623188406 0.013134057971014492
8 0.9516908212560387 0.140625 0.014492753623188406 0.013134057971014492
17 0.3896940418679549 0.15738224637681159 0.46215780998389694 0.014945652173913044
17 0.40619967793880835 0.12567934782608695 0.4935587761674718 0.018568840579710144
17 0.499597423510467 0.05661231884057971 0.16344605475040258 0.015398550724637682
17 0.4396135265700483 0.23301630434782608 0.5636070853462157 0.018568840579710144
17 0.4005636070853462 0.264945652173913 0.48389694041867953 0.015398550724637682
17 0.2914653784219002 0.35778985507246375 0.48148148148148145 0.01177536231884058
17 0.30434782608695654 0.6782155797101449 0.43478260869565216 0.01585144927536232
17 0.18276972624798712 0.6444746376811594 0.19162640901771336 0.018115942028985508
17 0.16143317230273752 0.5362318840579711 0.15056360708534622 0.017210144927536232
17 0.286634460547504 0.5695199275362319 0.3993558776167472 0.016757246376811596
17 0.28381642512077293 0.45969202898550726 0.393719806763285 0.01358695652173913
17 0.15901771336553946 0.4270833333333333 0.14251207729468598 0.01358695652173913
8 0.0853462157809984 0.24818840579710144 0.08856682769726248 0.049818840579710144
8 0.0853462157809984 0.14085144927536233 0.08856682769726248 0.049818840579710144
20 0.500402576489533 0.011322463768115942 0.999194847020934 0.021739130434782608
