20 0.5137279194847021 0.025530503534226187 0.8684991723027375 0.013923456473214283
8 0.910540594605475 0.892557144159226 0.060605158615136795 0.02782821688988098
8 0.4109094838969404 0.8924298967633928 0.061509726247987076 0.028083437872023775
17 0.5737858280998389 0.7876325334821428 0.09558454347826087 0.01574125744047619
17 0.7255612922705313 0.7563707261904761 0.400729267310789 0.029344649553571432
17 0.07482726328502416 0.7876383009672617 0.09672228502415459 0.015882491815476147
17 0.2491085458937198 0.7564298993675596 0.4469254734299517 0.029228846354166747
8 0.910918059178744 0.5391340710565476 0.06176089452495968 0.028478895089285687
8 0.4110686690821256 0.5390741484375 0.06160788888888889 0.02809420089285713
17 0.5734947314814814 0.4340455191592262 0.09545967230273754 0.01583753311011904
17 0.751801004025765 0.4027101653645833 0.4530624412238326 0.029237156622023804
17 0.08124713325281804 0.43398484728422615 0.10964744041867955 0.01574816034226194
17 0.24697411956521736 0.4027259010416667 0.4427585982286634 0.029207683779761916
8 0.910768518115942 0.18560953366815475 0.061472623993558816 0.02821311495535715
8 0.4114072250402577 0.18521057421874998 0.05783931159420291 0.026537021205357152
17 0.8962089303542674 0.07397501822916666 0.10669289291465377 0.014048508184523812
17 0.49997144806763283 0.0762808748139881 0.5242176884057972 0.017123977306547612
8 0.07806440096618357 0.07366292819940476 0.02590589855072463 0.020889066220238096
17 0.19352263003220613 0.12391863541666667 0.18617938405797102 0.012718223214285706
17 0.47910811352657007 0.12420862053571428 0.163682578099839 0.012065365327380942
17 0.7574488446054751 0.12570414657738094 0.1912261916264091 0.016537223214285704
8 0.8828991384863123 0.12445202325148809 0.015579690821256015 0.014705476562500002
9 0.7522888429951691 0.6204469771205358 0.44228221739130436 0.21113204947916664
9 0.25422781078904994 0.6221531004464286 0.45866579066022545 0.21497780952380957
9 0.7562462258454107 0.26841517857142855 0.4287565418679549 0.2154017857142857
9 0.25423783615136875 0.26849049051339285 0.4587370475040257 0.2149899460565476
17 0.8993558776167472 0.9547991071428571 0.13848631239935588 0.011532738095238094
17 0.6990820350241546 0.95330665234375 0.0901864710144927 0.009397960937500031
17 0.5000268317230274 0.9534456162574404 0.052550090177133635 0.008975982514880985
17 0.30081356119162644 0.9546015148809524 0.05993824315619965 0.011958803571428485
17 0.10094971296296296 0.9534731819196429 0.06863197504025766 0.009010042410714394
8 0.8978724086151368 0.9295117514880952 0.04544524396135275 0.015458787946428573
8 0.6990940261674718 0.9295209702380952 0.04686183011272144 0.02137601934523811
8 0.49802141908212555 0.9300034386160713 0.05497842431562003 0.022433598958333415
8 0.300127210547504 0.9287187031249999 0.06802255152979067 0.01979473660714282
8 0.09978927697262481 0.9301043011532737 0.05158477455716586 0.02244131882440468
