17 0.18947820652173913 0.5332680301177537 0.13114593800322058 0.01269133197463769
17 0.25585194847020937 0.5719827570199276 0.2638532238325281 0.038496985054347885
17 0.6658565744766506 0.343159136548913 0.185839421095008 0.013672870018115953
17 0.6963304158615137 0.381866192481884 0.24214636795491148 0.038526922101449236
17 0.21127997504025767 0.3431236295289855 0.17483117552334942 0.013650838768115917
17 0.24255665942028984 0.3807154807518116 0.23741697906602255 0.03620487726449277
17 0.3821754025764895 0.2716425190217391 0.6178342415458937 0.015487781702898527
17 0.4098959351851852 0.2032624744112319 0.673386345410628 0.04708689538043479
17 0.3237909633655394 0.14660828351449276 0.5011165209339774 0.0209400615942029
17 0.1106437463768116 0.06203354778079711 0.11982553784219 0.011749782155797106
20 0.5004338111916264 0.011187753849637681 0.9991323776167472 0.021469710597826087
