17 0.20128824476650564 0.3070652173913044 0.2222222222222222 0.014492753623188406
17 0.1638486312399356 0.37273550724637683 0.14895330112721417 0.014492753623188406
17 0.8176328502415459 0.5086050724637681 0.24396135265700483 0.016304347826086956
17 0.500402576489533 0.5495923913043478 0.026570048309178744 0.009510869565217392
17 0.500805152979066 0.916213768115942 0.8357487922705314 0.03260869565217391
18 0.5 0.670516304347826 0.8840579710144928 0.05480072463768116
18 0.7258454106280193 0.6028079710144928 0.4323671497584541 0.05434782608695652
18 0.2749597423510467 0.6028079710144928 0.4323671497584541 0.05434782608695652
18 0.500805152979066 0.45040760869565216 0.8840579710144928 0.05480072463768116
7 0.500805152979066 0.374320652173913 0.8840579710144928 0.05480072463768116
7 0.5 0.30910326086956524 0.8840579710144928 0.05480072463768116
17 0.499597423510467 0.23460144927536233 0.14090177133655393 0.024456521739130436
17 0.5 0.14583333333333334 0.2673107890499195 0.016304347826086956
9 0.501207729468599 0.09171195652173914 0.21658615136876005 0.04121376811594203
20 0.500402576489533 0.011548913043478262 0.999194847020934 0.022192028985507248
