17 0.3611111111111111 0.11390398550724638 0.4806763285024155 0.021286231884057972
8 0.9150563607085346 0.057518115942028984 0.04750402576489533 0.028985507246376812
9 0.500805152979066 0.057744565217391304 0.2962962962962963 0.034873188405797104
8 0.0853462157809984 0.11254528985507246 0.03542673107890499 0.01947463768115942
8 0.10104669887278583 0.967391304347826 0.04428341384863124 0.025362318840579712
8 0.30112721417069244 0.9671648550724637 0.06763285024154589 0.026721014492753624
8 0.500805152979066 0.9676177536231885 0.04669887278582931 0.0276268115942029
8 0.6992753623188406 0.9667119565217391 0.04911433172302738 0.026721014492753624
8 0.9001610305958132 0.9671648550724637 0.03864734299516908 0.025815217391304348
17 0.15901771336553946 0.8743206521739131 0.2181964573268921 0.017663043478260868
17 0.2572463768115942 0.6895380434782609 0.4146537842190016 0.017663043478260868
17 0.1968599033816425 0.5049818840579711 0.29871175523349436 0.018115942028985508
17 0.10789049919484701 0.32042572463768115 0.11594202898550725 0.017663043478260868
17 0.16706924315619967 0.1933876811594203 0.16183574879227053 0.016304347826086956
17 0.5 0.19316123188405798 0.0853462157809984 0.01585144927536232
17 0.8349436392914654 0.19293478260869565 0.09017713365539452 0.016304347826086956
7 0.500805152979066 0.11345108695652174 0.9033816425120773 0.049365942028985504
9 0.8498389694041868 0.31521739130434784 0.2584541062801932 0.13677536231884058
9 0.8196457326892109 0.5002264492753623 0.3107890499194847 0.11639492753623189
9 0.8743961352657005 0.6807065217391305 0.25120772946859904 0.15942028985507248
9 0.8820450885668277 0.859375 0.2359098228663446 0.1480978260869565
20 0.500402576489533 0.011322463768115942 0.999194847020934 0.021739130434782608
