17 0.49114331723027377 0.059329710144927536 0.5201288244766505 0.019021739130434784
8 0.2037037037037037 0.05706521739130435 0.033816425120772944 0.019021739130434784
8 0.6264090177133655 0.9549365942028986 0.04186795491143317 0.028532608695652176
8 0.3752012882447665 0.9547101449275363 0.03864734299516908 0.028985507246376812
8 0.12640901771336555 0.9549365942028986 0.057971014492753624 0.028532608695652176
17 0.12681159420289856 0.979393115942029 0.06521739130434782 0.010416666666666666
17 0.37600644122383253 0.9791666666666666 0.09339774557165861 0.010869565217391304
17 0.6256038647342995 0.9789402173913043 0.14009661835748793 0.011322463768115942
17 0.8747987117552335 0.9791666666666666 0.07004830917874397 0.010869565217391304
8 0.8743961352657005 0.9553894927536232 0.057971014492753624 0.024909420289855072
17 0.49798711755233493 0.5065670289855072 0.8333333333333334 0.01947463768115942
8 0.0785024154589372 0.057291666666666664 0.05877616747181964 0.03306159420289855
7 0.5591787439613527 0.057518115942028984 0.785024154589372 0.03804347826086957
20 0.500402576489533 0.011322463768115942 0.999194847020934 0.021739130434782608
