17 0.501207729468599 0.057291666666666664 0.11513687600644122 0.018568840579710144
17 0.14814814814814814 0.059329710144927536 0.1497584541062802 0.022644927536231884
17 0.2524154589371981 0.14266304347826086 0.40660225442834136 0.01358695652173913
17 0.27375201288244766 0.18704710144927536 0.23349436392914655 0.018115942028985508
17 0.27979066022544286 0.2160326086956522 0.2471819645732689 0.016304347826086956
17 0.27294685990338163 0.2644927536231884 0.2286634460547504 0.018115942028985508
17 0.27053140096618356 0.2932518115942029 0.22705314009661837 0.01585144927536232
17 0.3856682769726248 0.3491847826086957 0.4557165861513688 0.022644927536231884
17 0.27294685990338163 0.4071557971014493 0.2318840579710145 0.018115942028985508
17 0.42028985507246375 0.4676177536231884 0.7407407407407407 0.035778985507246376
17 0.18357487922705315 0.5409873188405797 0.26570048309178745 0.014039855072463768
17 0.18840579710144928 0.5908061594202899 0.27375201288244766 0.018568840579710144
17 0.48711755233494364 0.6426630434782609 0.8760064412238325 0.017210144927536232
17 0.1179549114331723 0.7026721014492754 0.1392914653784219 0.01585144927536232
17 0.25402576489533013 0.7547554347826088 0.40499194847020936 0.022192028985507248
17 0.1723027375201288 0.8147644927536232 0.24154589371980675 0.022644927536231884
17 0.16143317230273752 0.8725090579710145 0.2214170692431562 0.018568840579710144
17 0.4742351046698873 0.9350090579710145 0.8470209339774557 0.03940217391304348
17 0.8977455716586151 0.7533967391304348 0.01288244766505636 0.016757246376811596
16 0.8900966183574879 0.8718297101449275 0.1247987117552335 0.042572463768115944
16 0.8904991948470209 0.8120471014492754 0.12399355877616747 0.042572463768115944
8 0.9424315619967794 0.7520380434782609 0.020128824476650563 0.018568840579710144
16 0.8904991948470209 0.5899003623188406 0.12399355877616747 0.04302536231884058
16 0.8900966183574879 0.4060235507246377 0.1247987117552335 0.04302536231884058
9 0.08373590982286634 0.40625 0.07085346215780998 0.03985507246376812
8 0.08454106280193237 0.34646739130434784 0.07085346215780998 0.03985507246376812
16 0.8900966183574879 0.34669384057971014 0.1247987117552335 0.04302536231884058
8 0.9424315619967794 0.2787590579710145 0.020128824476650563 0.018568840579710144
8 0.9424315619967794 0.20108695652173914 0.020128824476650563 0.018115942028985508
9 0.08373590982286634 0.27694746376811596 0.07085346215780998 0.04030797101449275
9 0.08413848631239935 0.19972826086956522 0.071658615136876 0.03985507246376812
8 0.04669887278582931 0.057744565217391304 0.030595813204508857 0.029438405797101448
20 0.500402576489533 0.011322463768115942 0.999194847020934 0.021739130434782608
