17 0.13768115942028986 0.4051177536231884 0.2028985507246377 0.01947463768115942
17 0.18357487922705315 0.3172554347826087 0.29307568438003223 0.018568840579710144
17 0.1501610305958132 0.229393115942029 0.2278582930756844 0.017663043478260868
17 0.15177133655394526 0.14130434782608695 0.23107890499194847 0.018115942028985508
7 0.5 0.41304347826086957 0.9388083735909822 0.035326086956521736
7 0.500402576489533 0.32518115942028986 0.9380032206119162 0.035326086956521736
7 0.500402576489533 0.23799818840579712 0.9380032206119162 0.033967391304347824
7 0.500805152979066 0.14968297101449277 0.9388083735909822 0.034873188405797104
17 0.501207729468599 0.057744565217391304 0.46296296296296297 0.017663043478260868
8 0.0853462157809984 0.057291666666666664 0.05152979066022544 0.020380434782608696
18 0.500402576489533 0.5002264492753623 0.9380032206119162 0.07110507246376811
17 0.501610305958132 0.589447463768116 0.9307568438003221 0.03940217391304348
20 0.500402576489533 0.011322463768115942 0.999194847020934 0.021739130434782608
