8 0.04669887278582931 0.057744565217391304 0.030595813204508857 0.029438405797101448
8 0.9223027375201288 0.05706521739130435 0.04911433172302738 0.028079710144927536
17 0.22544283413848631 0.057291666666666664 0.30434782608695654 0.017663043478260868
17 0.500805152979066 0.057291666666666664 0.1497584541062802 0.017663043478260868
9 0.8140096618357487 0.12115036231884058 0.05636070853462158 0.034873188405797104
8 0.9347826086956522 0.12115036231884058 0.06280193236714976 0.034873188405797104
5 0.13526570048309178 0.12092391304347826 0.20933977455716585 0.028079710144927536
8 0.6936392914653784 0.1213768115942029 0.06360708534621579 0.028079710144927536
17 0.16948470209339775 0.1213768115942029 0.14090177133655393 0.015398550724637682
9 0.7608695652173914 0.30502717391304346 0.2608695652173913 0.17708333333333334
9 0.2665056360708535 0.3052536231884058 0.3107890499194847 0.1766304347826087
17 0.16022544283413848 0.41870471014492755 0.143317230273752 0.021286231884057972
17 0.6517713365539453 0.41870471014492755 0.13768115942028986 0.021286231884057972
8 0.18075684380032206 0.49818840579710144 0.1972624798711755 0.019021739130434784
8 0.6751207729468599 0.49841485507246375 0.1972624798711755 0.018568840579710144
17 0.31561996779388085 0.4988677536231884 0.03542673107890499 0.016757246376811596
17 0.821256038647343 0.499320652173913 0.05636070853462158 0.016757246376811596
17 0.25644122383252815 0.5384963768115942 0.34057971014492755 0.03804347826086957
17 0.7600644122383253 0.5407608695652174 0.357487922705314 0.04076086956521739
9 0.13003220611916264 0.7035778985507246 0.21336553945249598 0.12907608695652173
17 0.5881642512077294 0.6859148550724637 0.6642512077294686 0.04574275362318841
17 0.34500805152979064 0.734375 0.177938808373591 0.025815217391304348
9 0.13043478260869565 0.8625452898550725 0.143317230273752 0.12907608695652173
17 0.6211755233494364 0.8469202898550725 0.7302737520128825 0.049818840579710144
17 0.3466183574879227 0.8933423913043478 0.17954911433172302 0.025815217391304348
8 0.49879227053140096 0.9590126811594203 0.05555555555555555 0.03125
8 0.8997584541062802 0.9592391304347826 0.0571658615136876 0.03170289855072464
8 0.6988727858293076 0.9590126811594203 0.040257648953301126 0.030344202898550724
9 0.0998389694041868 0.9590126811594203 0.09339774557165861 0.026721014492753624
8 0.30112721417069244 0.958786231884058 0.04669887278582931 0.022644927536231884
17 0.3007246376811594 0.9825634057971014 0.07004830917874397 0.011322463768115942
17 0.10024154589371981 0.9839221014492754 0.05877616747181964 0.013134057971014492
17 0.6988727858293076 0.9827898550724637 0.07568438003220612 0.010869565217391304
17 0.8993558776167472 0.9827898550724637 0.0966183574879227 0.010869565217391304
17 0.500402576489533 0.9832427536231885 0.050724637681159424 0.010869565217391304
20 0.500402576489533 0.011322463768115942 0.999194847020934 0.021739130434782608
