17 0.27991805636070854 0.366166446557971 0.21585339774557166 0.014558239130434778
17 0.24445922302737522 0.4368339207427536 0.14504055233494365 0.014586739130434803
17 0.5013753796296296 0.5866322447916666 0.5840712101449275 0.021996373641304297
18 0.500402576489533 0.5197010869565217 0.9219001610305958 0.059329710144927536
8 0.10414081803542673 0.43775359442934786 0.05233494363929146 0.012797977807971003
8 0.10461270048309178 0.36712741847826086 0.03876171658615137 0.016363917572463766
17 0.8647342995169082 0.43953804347826086 0.10789049919484701 0.017663043478260868
7 0.5003952958937198 0.4377583489583334 0.9222162616747183 0.05988831476449274
7 0.5003693438003222 0.3671374528985507 0.9222506714975846 0.0598842509057971
17 0.5008353756038647 0.3118764904891304 0.0301047801932367 0.011022705615942065
17 0.49970577053140103 0.09250547576992754 0.28720719323671495 0.017887599184782613
8 0.07809983896940419 0.09284420289855072 0.03542673107890499 0.01992753623188406
20 0.500805152979066 0.010869565217391304 0.998389694041868 0.020833333333333332
18 0.5004490623993559 0.2530053317481884 0.922499314814815 0.06001223686594201
18 0.5003730277777778 0.18241894067028985 0.9224040974235104 0.05998261775362319
