17 0.3136070853462158 0.14492753623188406 0.19887278582930756 0.018115942028985508
17 0.499194847020934 0.432518115942029 0.12399355877616747 0.025362318840579712
17 0.499597423510467 0.786911231884058 0.19243156199677938 0.024909420289855072
17 0.10104669887278583 0.9866394927536232 0.071658615136876 0.011322463768115942
17 0.3007246376811594 0.9861865942028986 0.08293075684380032 0.012228260869565218
17 0.499194847020934 0.9884510869565217 0.05958132045088567 0.01585144927536232
17 0.6996779388083736 0.985733695652174 0.0644122383252818 0.012228260869565218
17 0.8985507246376812 0.9866394927536232 0.10305958132045089 0.011322463768115942
8 0.8989533011272142 0.9556159420289855 0.04911433172302738 0.02717391304347826
8 0.6992753623188406 0.9565217391304348 0.04911433172302738 0.01992753623188406
8 0.499597423510467 0.9562952898550725 0.04911433172302738 0.024003623188405796
8 0.3007246376811594 0.9553894927536232 0.04911433172302738 0.024003623188405796
8 0.10064412238325282 0.9553894927536232 0.05475040257648953 0.028532608695652176
9 0.961755233494364 0.7857789855072463 0.07648953301127215 0.24456521739130435
9 0.5 0.7860054347826088 0.750402576489533 0.2441123188405797
9 0.03864734299516908 0.7857789855072463 0.07568438003220612 0.24456521739130435
17 0.26972624798711753 0.6279438405797102 0.4396135265700483 0.024909420289855072
9 0.961755233494364 0.4313858695652174 0.07648953301127215 0.2441123188405797
9 0.5 0.4313858695652174 0.750402576489533 0.2441123188405797
9 0.03864734299516908 0.4311594202898551 0.07568438003220612 0.24456521739130435
17 0.23268921095008052 0.2740036231884058 0.3639291465378422 0.024456521739130436
7 0.500402576489533 0.1431159420289855 0.8059581320450886 0.06521739130434782
8 0.15499194847020933 0.14334239130434784 0.0426731078904992 0.024003623188405796
20 0.500402576489533 0.010869565217391304 0.999194847020934 0.020833333333333332
