17 0.32971014492753625 0.058197463768115944 0.26811594202898553 0.021286231884057972
17 0.8989533011272142 0.9895833333333334 0.09420289855072464 0.00996376811594203
17 0.7000805152979066 0.9895833333333334 0.05233494363929146 0.010869565217391304
17 0.499597423510467 0.9898097826086957 0.06038647342995169 0.010416666666666666
17 0.30152979066022545 0.9909420289855072 0.0571658615136876 0.012681159420289856
17 0.10104669887278583 0.9898097826086957 0.06521739130434782 0.009510869565217392
9 0.10064412238325282 0.9590126811594203 0.05475040257648953 0.030344202898550724
9 0.30152979066022545 0.9592391304347826 0.0748792270531401 0.03170289855072464
8 0.499597423510467 0.958786231884058 0.05394524959742351 0.029891304347826088
8 0.6988727858293076 0.9594655797101449 0.05152979066022544 0.026721014492753624
8 0.8985507246376812 0.9592391304347826 0.05636070853462158 0.03170289855072464
8 0.9130434782608695 0.7255434782608696 0.03864734299516908 0.01992753623188406
9 0.6960547504025765 0.8315217391304348 0.3743961352657005 0.20199275362318841
8 0.4424315619967794 0.7253170289855072 0.039452495974235106 0.01947463768115942
9 0.27012882447665054 0.8174818840579711 0.4243156199677939 0.2318840579710145
17 0.572463768115942 0.6451539855072463 0.12238325281803543 0.012228260869565218
17 0.6211755233494364 0.6141304347826088 0.21658615136876005 0.018115942028985508
8 0.5962157809983897 0.5842391304347826 0.17149758454106281 0.014492753623188406
17 0.7053140096618358 0.583786231884058 0.024154589371980676 0.012681159420289856
17 0.6553945249597424 0.5527626811594203 0.286634460547504 0.020380434782608696
17 0.6537842190016103 0.5203804347826086 0.28180354267310787 0.018115942028985508
17 0.605475040257649 0.4886775362318841 0.18518518518518517 0.014492753623188406
17 0.178743961352657 0.666213768115942 0.27697262479871176 0.018115942028985508
17 0.2028985507246377 0.6376811594202899 0.32045088566827695 0.018115942028985508
8 0.1247987117552335 0.6071105072463768 0.1723027375201288 0.014945652173913044
17 0.24838969404186795 0.6066576086956522 0.05233494363929146 0.013134057971014492
17 0.18397745571658616 0.5760869565217391 0.285829307568438 0.01992753623188406
17 0.15136876006441224 0.5432518115942029 0.21900161030595813 0.018568840579710144
17 0.13446054750402575 0.5120018115942029 0.18518518518518517 0.014039855072463768
17 0.17713365539452497 0.4891304347826087 0.27053140096618356 0.014492753623188406
9 0.24235104669887278 0.44542572463768115 0.07729468599033816 0.043931159420289856
9 0.1606280193236715 0.44565217391304346 0.07648953301127215 0.043478260869565216
9 0.07809983896940419 0.44542572463768115 0.07729468599033816 0.043931159420289856
17 0.9178743961352657 0.10733695652173914 0.08373590982286634 0.016304347826086956
8 0.8369565217391305 0.10869565217391304 0.033011272141706925 0.01358695652173913
17 0.7226247987117552 0.10778985507246377 0.07004830917874397 0.015398550724637682
8 0.645330112721417 0.1080163043478261 0.0426731078904992 0.024003623188405796
8 0.9122383252818035 0.18772644927536233 0.03864734299516908 0.01947463768115942
9 0.7359098228663447 0.28804347826086957 0.3397745571658615 0.23641304347826086
8 0.4428341384863124 0.18614130434782608 0.07729468599033816 0.043478260869565216
9 0.26529790660225444 0.2860054347826087 0.45169082125603865 0.25407608695652173
17 0.1324476650563607 0.109375 0.18276972624798712 0.01585144927536232
8 0.0426731078904992 0.059329710144927536 0.024154589371980676 0.025362318840579712
7 0.4186795491143317 0.057291666666666664 0.5942028985507246 0.049365942028985504
8 0.16706924315619967 0.057518115942028984 0.033011272141706925 0.018115942028985508
8 0.782608695652174 0.05683876811594203 0.05314009661835749 0.025815217391304348
8 0.9025764895330113 0.057291666666666664 0.0499194847020934 0.024003623188405796
20 0.500402576489533 0.011096014492753624 0.999194847020934 0.021286231884057972
