17 0.9174718196457327 0.03872282608695652 0.06682769726247988 0.014039855072463768
17 0.4923510466988728 0.13519021739130435 0.7946859903381642 0.07472826086956522
5 0.5104669887278583 0.25317028985507245 0.8196457326892109 0.028079710144927536
17 0.1823671497584541 0.25430253623188404 0.16344605475040258 0.017663043478260868
5 0.5104669887278583 0.34578804347826086 0.8196457326892109 0.028532608695652176
17 0.1473429951690821 0.3471467391304348 0.09339774557165861 0.017663043478260868
5 0.5108695652173914 0.4386322463768116 0.8188405797101449 0.028532608695652176
17 0.14814814814814814 0.43999094202898553 0.09339774557165861 0.017663043478260868
5 0.5104669887278583 0.5314764492753623 0.8196457326892109 0.028532608695652176
17 0.1719001610305958 0.5323822463768116 0.14251207729468598 0.017663043478260868
5 0.5104669887278583 0.6245471014492754 0.8196457326892109 0.028079710144927536
17 0.20571658615136876 0.6252264492753623 0.21014492753623187 0.017663043478260868
5 0.5112721417069244 0.7171648550724637 0.8180354267310789 0.028532608695652176
17 0.15217391304347827 0.7180706521739131 0.0998389694041868 0.017663043478260868
5 0.5104669887278583 0.8100090579710145 0.8196457326892109 0.028532608695652176
17 0.18397745571658616 0.8131793478260869 0.16666666666666666 0.020380434782608696
5 0.5108695652173914 0.9024003623188406 0.8188405797101449 0.028532608695652176
17 0.2777777777777778 0.9037590579710145 0.3526570048309179 0.017663043478260868
