18 0.5 0.5745018115942029 0.8840579710144928 0.06838768115942029
17 0.500805152979066 0.474411231884058 0.8663446054750402 0.043931159420289856
17 0.499194847020934 0.40919384057971014 0.7761674718196457 0.024909420289855072
17 0.10024154589371981 0.9895833333333334 0.17954911433172302 0.010869565217391304
17 0.3007246376811594 0.9904891304347826 0.16666666666666666 0.012681159420289856
17 0.499597423510467 0.9895833333333334 0.050724637681159424 0.010869565217391304
17 0.6984702093397746 0.9895833333333334 0.07971014492753623 0.010869565217391304
17 0.8993558776167472 0.9893568840579711 0.07407407407407407 0.010416666666666666
8 0.8993558776167472 0.9592391304347826 0.043478260869565216 0.024456521739130436
8 0.6976650563607085 0.9596920289855072 0.05555555555555555 0.02717391304347826
8 0.499597423510467 0.9592391304347826 0.05555555555555555 0.03170289855072464
8 0.3007246376811594 0.9590126811594203 0.04911433172302738 0.0276268115942029
8 0.10104669887278583 0.9599184782608696 0.04911433172302738 0.01947463768115942
9 0.500805152979066 0.057518115942028984 0.07729468599033816 0.03804347826086957
20 0.500402576489533 0.011096014492753624 0.999194847020934 0.021286231884057972
