17 0.5 0.6125452898550725 0.20128824476650564 0.014039855072463768
7 0.5 0.6123188405797102 0.7745571658615137 0.06884057971014493
17 0.500402576489533 0.21829710144927536 0.392109500805153 0.03170289855072464
17 0.5 0.2932518115942029 0.7648953301127214 0.04846014492753623
17 0.49879227053140096 0.5020380434782609 0.37278582930756843 0.024909420289855072
17 0.500402576489533 0.557518115942029 0.2181964573268921 0.015398550724637682
17 0.500402576489533 0.9635416666666666 0.2632850241545894 0.018568840579710144
18 0.5 0.7015398550724637 0.7729468599033816 0.05615942028985507
18 0.500805152979066 0.4014945652173913 0.7729468599033816 0.05480072463768116
20 0.500402576489533 0.011322463768115942 0.999194847020934 0.021739130434782608
