17 0.6964573268921095 0.7298460144927537 0.04186795491143317 0.018568840579710144
17 0.20933977455716585 0.7302989130434783 0.04186795491143317 0.018568840579710144
17 0.6968599033816425 0.3226902173913044 0.05394524959742351 0.018568840579710144
17 0.20933977455716585 0.322463768115942 0.0644122383252818 0.019021739130434784
18 0.25644122383252815 0.7864583333333334 0.464573268921095 0.05480072463768116
18 0.7443639291465378 0.7864583333333334 0.464573268921095 0.05480072463768116
18 0.7435587761674718 0.3786231884057971 0.464573268921095 0.0552536231884058
18 0.2560386473429952 0.37907608695652173 0.463768115942029 0.05434782608695652
17 0.2999194847020934 0.323143115942029 0.071658615136876 0.014945652173913044
17 0.782608695652174 0.3229166666666667 0.07085346215780998 0.014492753623188406
17 0.7753623188405797 0.7305253623188406 0.07085346215780998 0.014492753623188406
17 0.28784219001610306 0.7305253623188406 0.071658615136876 0.014492753623188406
9 0.25644122383252815 0.9243659420289855 0.464573268921095 0.151268115942029
9 0.7443639291465378 0.9241394927536232 0.464573268921095 0.15172101449275363
9 0.7544283413848631 0.5713315217391305 0.355877616747182 0.2296195652173913
9 0.25644122383252815 0.5643115942028986 0.464573268921095 0.2463768115942029
9 0.7439613526570048 0.16417572463768115 0.463768115942029 0.26132246376811596
9 0.26288244766505636 0.1691576086956522 0.42592592592592593 0.21965579710144928
