9 0.4194847020933977 0.9610507246376812 0.143317230273752 0.07789855072463768
9 0.9053945249597424 0.9737318840579711 0.13123993558776167 0.05253623188405797
9 0.8844605475040258 0.7674365942028986 0.17310789049919484 0.10099637681159421
9 0.8820450885668277 0.6247735507246377 0.177938808373591 0.11277173913043478
9 0.40458937198067635 0.7647192028985508 0.17310789049919484 0.10643115942028986
9 0.3675523349436393 0.6333786231884058 0.24557165861513688 0.09556159420289856
9 0.428341384863124 0.4927536231884058 0.12399355877616747 0.10416666666666667
9 0.8655394524959742 0.5081521739130435 0.21256038647342995 0.07155797101449275
9 0.8840579710144928 0.35643115942028986 0.1723027375201288 0.10144927536231885
9 0.40418679549114334 0.34420289855072467 0.1723027375201288 0.12590579710144928
9 0.41626409017713367 0.20629528985507248 0.1497584541062802 0.12635869565217392
9 0.8719806763285024 0.21761775362318841 0.19806763285024154 0.10371376811594203
8 0.5475040257648953 0.7943840579710145 0.02254428341384863 0.016304347826086956
8 0.06682769726247988 0.7943840579710145 0.02254428341384863 0.016304347826086956
8 0.06682769726247988 0.6567028985507246 0.02254428341384863 0.016304347826086956
8 0.5475040257648953 0.6567028985507246 0.02254428341384863 0.016304347826086956
8 0.5475040257648953 0.519927536231884 0.02254428341384863 0.016304347826086956
8 0.5483091787439613 0.38269927536231885 0.02254428341384863 0.016304347826086956
8 0.06682769726247988 0.38269927536231885 0.02254428341384863 0.016304347826086956
8 0.06682769726247988 0.245018115942029 0.02254428341384863 0.016304347826086956
17 0.15177133655394526 0.30095108695652173 0.1956521739130435 0.021286231884057972
17 0.1710950080515298 0.43795289855072467 0.24396135265700483 0.022644927536231884
17 0.15056360708534622 0.5751811594202899 0.1964573268921095 0.022644927536231884
17 0.15136876006441224 0.7121829710144928 0.19806763285024154 0.022192028985507248
17 0.16626409017713364 0.9420289855072463 0.23268921095008052 0.04800724637681159
17 0.17028985507246377 0.8826992753623188 0.28421900161030594 0.024456521739130436
17 0.6239935587761675 0.926177536231884 0.18035426731078905 0.018115942028985508
17 0.6095008051529791 0.7103713768115942 0.15942028985507245 0.016757246376811596
17 0.5942028985507246 0.5751811594202899 0.12399355877616747 0.021739130434782608
17 0.6473429951690821 0.4361413043478261 0.2286634460547504 0.017210144927536232
17 0.6099033816425121 0.29891304347826086 0.15861513687600645 0.016304347826086956
17 0.5664251207729468 0.161231884057971 0.06360708534621579 0.017210144927536232
17 0.09581320450885668 0.16168478260869565 0.0853462157809984 0.017210144927536232
17 0.19887278582930756 0.11752717391304347 0.3413848631239936 0.025815217391304348
17 0.856280193236715 0.057518115942028984 0.1892109500805153 0.017210144927536232
8 0.046296296296296294 0.058423913043478264 0.029790660225442835 0.028985507246376812
17 0.500402576489533 0.059103260869565216 0.22624798711755234 0.024003623188405796
17 0.1747181964573269 0.057518115942028984 0.1964573268921095 0.018115942028985508
20 0.500402576489533 0.011322463768115942 0.999194847020934 0.021739130434782608
