17 0.1823671497584541 0.19270833333333334 0.21175523349436393 0.01585144927536232
17 0.14935587761674718 0.25792572463768115 0.1457326892109501 0.01585144927536232
17 0.500402576489533 0.057291666666666664 0.15217391304347827 0.017663043478260868
17 0.8808373590982287 0.059103260869565216 0.13687600644122383 0.022192028985507248
17 0.499194847020934 0.1286231884057971 0.2673107890499195 0.018115942028985508
17 0.8389694041867954 0.3256340579710145 0.2028985507246377 0.014492753623188406
17 0.894524959742351 0.25792572463768115 0.0644122383252818 0.012228260869565218
17 0.11634460547504026 0.5806159420289855 0.13446054750402575 0.020833333333333332
17 0.500805152979066 0.6600996376811594 0.12721417069243157 0.014039855072463768
17 0.10144927536231885 0.9909420289855072 0.06280193236714976 0.010869565217391304
17 0.3007246376811594 0.9909420289855072 0.07004830917874397 0.010869565217391304
17 0.499597423510467 0.9907155797101449 0.09420289855072464 0.011322463768115942
17 0.6984702093397746 0.9909420289855072 0.036231884057971016 0.010869565217391304
17 0.8993558776167472 0.9923007246376812 0.07085346215780998 0.01358695652173913
8 0.9424315619967794 0.5776721014492754 0.020128824476650563 0.018568840579710144
8 0.11634460547504026 0.7047101449275363 0.026570048309178744 0.028079710144927536
8 0.3723832528180354 0.7047101449275363 0.04911433172302738 0.022644927536231884
9 0.6280193236714976 0.7047101449275363 0.03864734299516908 0.028079710144927536
8 0.8840579710144928 0.7049365942028986 0.0499194847020934 0.0276268115942029
8 0.10064412238325282 0.9592391304347826 0.06763285024154589 0.03894927536231884
8 0.30112721417069244 0.9592391304347826 0.06924315619967794 0.03894927536231884
8 0.499194847020934 0.9592391304347826 0.06924315619967794 0.036231884057971016
8 0.6988727858293076 0.9592391304347826 0.06924315619967794 0.03894927536231884
8 0.8993558776167472 0.9592391304347826 0.06924315619967794 0.03894927536231884
7 0.5 0.192481884057971 0.9033816425120773 0.05434782608695652
7 0.5 0.25769927536231885 0.9033816425120773 0.05434782608695652
18 0.500402576489533 0.38247282608695654 0.9041867954911433 0.060235507246376815
18 0.500402576489533 0.453125 0.9041867954911433 0.060235507246376815
20 0.500402576489533 0.011322463768115942 0.999194847020934 0.021739130434782608
