17 0.4887278582930757 0.921875 0.36553945249597425 0.024909420289855072
9 0.48792270531400966 0.7690217391304348 0.9259259259259259 0.37228260869565216
17 0.13003220611916264 0.5577445652173914 0.15217391304347827 0.030344202898550724
8 0.6139291465378421 0.4590126811594203 0.1972624798711755 0.01585144927536232
17 0.8739935587761675 0.48663949275362317 0.09742351046698873 0.016757246376811596
17 0.8578904991948471 0.46059782608695654 0.12962962962962962 0.01177536231884058
17 0.6876006441223832 0.426856884057971 0.3462157809983897 0.017663043478260868
17 0.7105475040257649 0.4010416666666667 0.393719806763285 0.017663043478260868
9 0.7206119162640902 0.27807971014492755 0.44605475040257647 0.20380434782608695
17 0.39895330112721417 0.48686594202898553 0.09742351046698873 0.016304347826086956
17 0.3828502415458937 0.46059782608695654 0.12962962962962962 0.01177536231884058
8 0.13848631239935588 0.4590126811594203 0.19806763285024154 0.01585144927536232
17 0.23752012882447665 0.4252717391304348 0.3961352657004831 0.014492753623188406
17 0.22946859903381642 0.4008152173913044 0.38164251207729466 0.017210144927536232
9 0.24557165861513688 0.27785326086956524 0.44605475040257647 0.20335144927536233
18 0.9017713365539453 0.14243659420289856 0.14653784219001612 0.04030797101449275
17 0.12278582930756844 0.14175724637681159 0.14895330112721417 0.025362318840579712
8 0.0607890499194847 0.057518115942028984 0.0249597423510467 0.026268115942028984
17 0.501610305958132 0.059329710144927536 0.2995169082125604 0.024456521739130436
8 0.9057971014492754 0.057518115942028984 0.04508856682769726 0.024456521739130436
8 0.7991143317230274 0.057518115942028984 0.04589371980676329 0.02355072463768116
20 0.500402576489533 0.011322463768115942 0.999194847020934 0.021739130434782608
