17 0.40499194847020936 0.6331521739130435 0.7310789049919485 0.06340579710144928
17 0.2689210950080515 0.7128623188405797 0.4557165861513688 0.017210144927536232
17 0.26610305958132047 0.7785326086956522 0.4533011272141707 0.015398550724637682
17 0.14210950080515297 0.9848278985507246 0.07971014492753623 0.012228260869565218
17 0.3808373590982287 0.9850543478260869 0.09339774557165861 0.01177536231884058
17 0.6191626409017713 0.9836956521739131 0.06280193236714976 0.00996376811594203
17 0.857085346215781 0.9836956521739131 0.11674718196457327 0.00996376811594203
8 0.8595008051529791 0.9585597826086957 0.05233494363929146 0.025815217391304348
8 0.6195652173913043 0.9599184782608696 0.039452495974235106 0.026721014492753624
8 0.38123993558776165 0.9585597826086957 0.039452495974235106 0.0276268115942029
9 0.143317230273752 0.9578804347826088 0.05636070853462158 0.021739130434782608
8 0.12640901771336555 0.8820199275362319 0.07246376811594203 0.04121376811594203
8 0.34863123993558776 0.8822463768115942 0.07246376811594203 0.034420289855072464
8 0.570450885668277 0.8824728260869565 0.07326892109500806 0.04121376811594203
9 0.500402576489533 0.29257246376811596 0.999194847020934 0.5407608695652174
20 0.500402576489533 0.011322463768115942 0.999194847020934 0.021739130434782608
