17 0.501610305958132 0.057744565217391304 0.0966183574879227 0.017663043478260868
17 0.1360708534621578 0.059556159420289856 0.12238325281803543 0.022192028985507248
17 0.23993558776167473 0.10960144927536232 0.22383252818035426 0.01992753623188406
17 0.3389694041867955 0.13994565217391305 0.42351046698872785 0.018115942028985508
17 0.19243156199677938 0.17753623188405798 0.12721417069243157 0.01992753623188406
17 0.40096618357487923 0.20765398550724637 0.5491143317230274 0.017663043478260868
17 0.23711755233494364 0.24365942028985507 0.21658615136876005 0.016304347826086956
17 0.3333333333333333 0.2758152173913043 0.41545893719806765 0.017210144927536232
17 0.22544283413848631 0.40330615942028986 0.1932367149758454 0.01947463768115942
17 0.2431561996779388 0.47101449275362317 0.2286634460547504 0.01992753623188406
17 0.26570048309178745 0.6148097826086957 0.27375201288244766 0.020380434782608696
17 0.25442834138486314 0.6809329710144928 0.25442834138486314 0.016757246376811596
17 0.2584541062801932 0.8265398550724637 0.2608695652173913 0.01992753623188406
17 0.2524154589371981 0.8928894927536232 0.250402576489533 0.016757246376811596
17 0.10104669887278583 0.9877717391304348 0.0861513687600644 0.01358695652173913
17 0.3007246376811594 0.9895833333333334 0.16666666666666666 0.017210144927536232
17 0.499597423510467 0.9893568840579711 0.1280193236714976 0.016757246376811596
17 0.6992753623188406 0.9891304347826088 0.07326892109500806 0.017210144927536232
17 0.8997584541062802 0.9882246376811594 0.061996779388083734 0.01358695652173913
8 0.046296296296296294 0.057518115942028984 0.03140096618357488 0.029891304347826088
8 0.0535426731078905 0.12092391304347826 0.06360708534621579 0.03804347826086957
9 0.05434782608695652 0.18885869565217392 0.06843800322061191 0.03894927536231884
9 0.05434782608695652 0.2570199275362319 0.06843800322061191 0.026721014492753624
8 0.05394524959742351 0.4010416666666667 0.0644122383252818 0.0384963768115942
8 0.05394524959742351 0.4689764492753623 0.06924315619967794 0.035778985507246376
9 0.05434782608695652 0.6127717391304348 0.05877616747181964 0.03894927536231884
9 0.05434782608695652 0.6809329710144928 0.06843800322061191 0.0384963768115942
9 0.05394524959742351 0.8249547101449275 0.06924315619967794 0.034873188405797104
9 0.05394524959742351 0.8928894927536232 0.04669887278582931 0.036684782608695655
8 0.09943639291465378 0.9592391304347826 0.05877616747181964 0.03260869565217391
8 0.3007246376811594 0.9592391304347826 0.05877616747181964 0.03170289855072464
8 0.500402576489533 0.9592391304347826 0.06521739130434782 0.03804347826086957
9 0.6988727858293076 0.9592391304347826 0.0644122383252818 0.036231884057971016
8 0.8993558776167472 0.9592391304347826 0.06602254428341385 0.030797101449275364
8 0.9420289855072463 0.8928894927536232 0.040257648953301126 0.022192028985507248
8 0.9420289855072463 0.8247282608695652 0.040257648953301126 0.022644927536231884
8 0.9424315619967794 0.6809329710144928 0.021739130434782608 0.022192028985507248
8 0.9428341384863124 0.6127717391304348 0.020933977455716585 0.022644927536231884
8 0.9424315619967794 0.46875 0.021739130434782608 0.022644927536231884
8 0.9428341384863124 0.4008152173913044 0.020933977455716585 0.022644927536231884
8 0.9428341384863124 0.2572463768115942 0.020933977455716585 0.022644927536231884
8 0.9428341384863124 0.18931159420289856 0.020933977455716585 0.022644927536231884
8 0.9424315619967794 0.1213768115942029 0.021739130434782608 0.022644927536231884
17 0.10104669887278583 0.34556159420289856 0.11835748792270531 0.01992753623188406
17 0.11231884057971014 0.5552536231884058 0.1457326892109501 0.016304347826086956
17 0.2041062801932367 0.7690217391304348 0.3244766505636071 0.01992753623188406
20 0.500402576489533 0.011322463768115942 0.999194847020934 0.021739130434782608
