17 0.4967793880837359 0.458786231884058 0.20450885668276972 0.015398550724637682
9 0.12600644122383253 0.9714673913043478 0.10064412238325282 0.03713768115942029
8 0.3808373590982287 0.9714673913043478 0.05314009661835749 0.03894927536231884
8 0.6348631239935588 0.9712409420289855 0.07809983896940419 0.04302536231884058
8 0.8607085346215781 0.9714673913043478 0.06763285024154589 0.03804347826086957
18 0.500805152979066 0.5446105072463768 0.5797101449275363 0.06838768115942029
17 0.5040257648953301 0.48709239130434784 0.6698872785829307 0.014945652173913044
17 0.501207729468599 0.05366847826086957 0.15056360708534622 0.025815217391304348
20 0.500402576489533 0.011322463768115942 0.999194847020934 0.021739130434782608
8 0.06723027375201288 0.057291666666666664 0.036231884057971016 0.03306159420289855
