17 0.6513687600644122 0.24094202898550726 0.16747181964573268 0.017210144927536232
17 0.20571658615136876 0.41440217391304346 0.15861513687600645 0.017210144927536232
17 0.24074074074074073 0.327445652173913 0.2286634460547504 0.017210144927536232
17 0.214170692431562 0.24048913043478262 0.17552334943639292 0.017210144927536232
7 0.500805152979066 0.4146286231884058 0.8647342995169082 0.07653985507246377
7 0.500805152979066 0.3276721014492754 0.8647342995169082 0.07653985507246377
7 0.7206119162640902 0.24071557971014493 0.42351046698872785 0.07653985507246377
7 0.27938808373590984 0.24071557971014493 0.42351046698872785 0.07653985507246377
8 0.5 0.05683876811594203 0.08695652173913043 0.043931159420289856
8 0.09742351046698873 0.05706521739130435 0.04508856682769726 0.025362318840579712
8 0.3892914653784219 0.7323369565217391 0.1360708534621578 0.0769927536231884
8 0.6111111111111112 0.7323369565217391 0.13687600644122383 0.0769927536231884
17 0.49879227053140096 0.9565217391304348 0.533816425120773 0.020833333333333332
17 0.500402576489533 0.6598731884057971 0.2745571658615137 0.017210144927536232
17 0.500805152979066 0.49184782608695654 0.782608695652174 0.04619565217391305
17 0.33132045088566825 0.1537590579710145 0.5241545893719807 0.030344202898550724
18 0.500805152979066 0.5865036231884058 0.4524959742351047 0.0769927536231884
20 0.500402576489533 0.011322463768115942 0.999194847020934 0.021739130434782608
