9 0.9178743961352657 0.06295289855072464 0.07890499194847021 0.044384057971014496
8 0.9424315619967794 0.6059782608695652 0.020128824476650563 0.018115942028985508
8 0.9424315619967794 0.5459692028985508 0.020128824476650563 0.018568840579710144
8 0.9420289855072463 0.48618659420289856 0.020933977455716585 0.018568840579710144
8 0.9420289855072463 0.4266304347826087 0.020933977455716585 0.018115942028985508
8 0.9424315619967794 0.36684782608695654 0.020128824476650563 0.018115942028985508
17 0.8747987117552335 0.9916213768115942 0.09742351046698873 0.014039855072463768
17 0.6252012882447665 0.9920742753623188 0.09259259259259259 0.013134057971014492
17 0.3756038647342995 0.9902626811594203 0.09259259259259259 0.011322463768115942
17 0.12640901771336555 0.9907155797101449 0.06602254428341385 0.011322463768115942
17 0.1964573268921095 0.6062047101449275 0.2914653784219002 0.017663043478260868
17 0.1710950080515298 0.548233695652174 0.2391304347826087 0.021286231884057972
17 0.09057971014492754 0.48845108695652173 0.07809983896940419 0.021286231884057972
17 0.13727858293075684 0.426856884057971 0.17149758454106281 0.017663043478260868
17 0.16223832528180354 0.36730072463768115 0.2214170692431562 0.017210144927536232
17 0.500402576489533 0.30480072463768115 0.19887278582930756 0.018115942028985508
17 0.1719001610305958 0.12681159420289856 0.2826086956521739 0.03894927536231884
8 0.8747987117552335 0.9590126811594203 0.061996779388083734 0.034873188405797104
8 0.6260064412238325 0.958786231884058 0.061996779388083734 0.035326086956521736
8 0.3752012882447665 0.9596920289855072 0.0644122383252818 0.03351449275362319
8 0.12600644122383253 0.9590126811594203 0.07648953301127215 0.034873188405797104
9 0.499597423510467 0.2284873188405797 0.44524959742351045 0.10099637681159421
9 0.500805152979066 0.05434782608695652 0.2318840579710145 0.049818840579710144
20 0.500402576489533 0.011548913043478262 0.999194847020934 0.022192028985507248
