17 0.18397745571658616 0.12273550724637682 0.285829307568438 0.018115942028985508
17 0.1719001610305958 0.20335144927536233 0.2616747181964573 0.020833333333333332
17 0.13083735909822866 0.2764945652173913 0.18115942028985507 0.018568840579710144
17 0.22061191626409019 0.32993659420289856 0.3607085346215781 0.042119565217391304
17 0.18115942028985507 0.41349637681159424 0.28180354267310787 0.018115942028985508
17 0.22061191626409019 0.46671195652173914 0.3607085346215781 0.042119565217391304
17 0.09782608695652174 0.5493659420289855 0.11352657004830918 0.014492753623188406
17 0.13003220611916264 0.5912590579710145 0.17632850241545894 0.01585144927536232
17 0.2210144927536232 0.6157155797101449 0.3615136876006441 0.018568840579710144
17 0.12721417069243157 0.6865942028985508 0.17552334943639292 0.014492753623188406
17 0.15901771336553946 0.728713768115942 0.2391304347826087 0.016304347826086956
17 0.22061191626409019 0.7529438405797102 0.3607085346215781 0.018568840579710144
17 0.0998389694041868 0.8251811594202899 0.11916264090177134 0.018115942028985508
17 0.13325281803542674 0.8668478260869565 0.18438003220611915 0.018115942028985508
17 0.22061191626409019 0.8903985507246377 0.3607085346215781 0.018115942028985508
17 0.12560386473429952 0.990036231884058 0.06763285024154589 0.010869565217391304
17 0.37600644122383253 0.990036231884058 0.10305958132045089 0.010869565217391304
17 0.6260064412238325 0.990036231884058 0.0748792270531401 0.010869565217391304
17 0.8756038647342995 0.990036231884058 0.09742351046698873 0.010869565217391304
17 0.8252818035426731 0.853713768115942 0.09339774557165861 0.014492753623188406
17 0.8252818035426731 0.7164855072463768 0.09339774557165861 0.014492753623188406
17 0.8248792270531401 0.5790307971014493 0.09420289855072464 0.014945652173913044
17 0.8305152979066023 0.4418025362318841 0.08293075684380032 0.014945652173913044
17 0.8285024154589372 0.30480072463768115 0.08695652173913043 0.014492753623188406
17 0.39090177133655396 0.058423913043478264 0.5 0.021739130434782608
8 0.10466988727858292 0.05706521739130435 0.033816425120772944 0.019021739130434784
8 0.9464573268921095 0.057971014492753624 0.05394524959742351 0.028985507246376812
8 0.9247181964573269 0.12115036231884058 0.07326892109500806 0.04121376811594203
8 0.9380032206119162 0.30502717391304346 0.011272141706924315 0.012228260869565218
8 0.9380032206119162 0.4422554347826087 0.011272141706924315 0.012228260869565218
8 0.9380032206119162 0.5792572463768116 0.011272141706924315 0.01177536231884058
8 0.9380032206119162 0.7164855072463768 0.011272141706924315 0.01177536231884058
8 0.9388083735909822 0.8539402173913043 0.011272141706924315 0.012228260869565218
8 0.8752012882447665 0.9592391304347826 0.05152979066022544 0.028985507246376812
9 0.6243961352657005 0.9578804347826088 0.05394524959742351 0.02355072463768116
9 0.3752012882447665 0.9599184782608696 0.05152979066022544 0.024909420289855072
8 0.1247987117552335 0.9581068840579711 0.05152979066022544 0.01947463768115942
7 0.46618357487922707 0.057518115942028984 0.7971014492753623 0.04891304347826087
20 0.500402576489533 0.011322463768115942 0.999194847020934 0.021739130434782608
