17 0.501207729468599 0.05683876811594203 0.0748792270531401 0.018568840579710144
17 0.14935587761674718 0.059329710144927536 0.14895330112721417 0.022644927536231884
17 0.23550724637681159 0.1080163043478261 0.37278582930756843 0.014039855072463768
17 0.2741545893719807 0.15285326086956522 0.23429951690821255 0.018568840579710144
17 0.27938808373590984 0.1816123188405797 0.24798711755233493 0.016304347826086956
17 0.2721417069243156 0.22984601449275363 0.2286634460547504 0.018568840579710144
17 0.20611916264090177 0.25905797101449274 0.0998389694041868 0.016304347826086956
17 0.27294685990338163 0.31295289855072467 0.2318840579710145 0.018115942028985508
17 0.15982286634460546 0.39787137681159424 0.2181964573268921 0.014039855072463768
17 0.8425925925925926 0.4476902173913044 0.12962962962962962 0.018568840579710144
17 0.12359098228663445 0.4479166666666667 0.14251207729468598 0.018115942028985508
17 0.2250402576489533 0.5092844202898551 0.34863123993558776 0.021286231884057972
17 0.18357487922705315 0.5690670289855072 0.2640901771336554 0.022192028985507248
17 0.14009661835748793 0.6290760869565217 0.17713365539452497 0.022644927536231884
17 0.1324476650563607 0.7121829710144928 0.16344605475040258 0.014039855072463768
17 0.8590982286634461 0.6272644927536232 0.09822866344605476 0.018115942028985508
17 0.23107890499194847 0.7640398550724637 0.3607085346215781 0.022644927536231884
17 0.24355877616747182 0.823822463768116 0.38405797101449274 0.022644927536231884
17 0.1388888888888889 0.916893115942029 0.177938808373591 0.014039855072463768
17 0.22987117552334943 0.96875 0.35829307568438 0.022644927536231884
8 0.046296296296296294 0.057971014492753624 0.029790660225442835 0.028985507246376812
8 0.9416264090177133 0.166893115942029 0.020128824476650563 0.018568840579710144
8 0.9424315619967794 0.2441123188405797 0.020128824476650563 0.018115942028985508
9 0.08413848631239935 0.16553442028985507 0.071658615136876 0.04030797101449275
9 0.08333333333333333 0.2427536231884058 0.071658615136876 0.03985507246376812
9 0.08413848631239935 0.3122735507246377 0.071658615136876 0.04030797101449275
16 0.8900966183574879 0.311820652173913 0.1247987117552335 0.04302536231884058
16 0.8900966183574879 0.5065670289855072 0.1247987117552335 0.04302536231884058
8 0.9424315619967794 0.5663496376811594 0.020128824476650563 0.018568840579710144
8 0.9424315619967794 0.6261322463768116 0.020128824476650563 0.018568840579710144
16 0.8900966183574879 0.7610960144927537 0.1247987117552335 0.04302536231884058
16 0.8900966183574879 0.8208786231884058 0.1247987117552335 0.04302536231884058
16 0.8900966183574879 0.9660326086956522 0.1247987117552335 0.042572463768115944
8 0.9424315619967794 0.4472373188405797 0.020128824476650563 0.018568840579710144
20 0.500402576489533 0.011322463768115942 0.999194847020934 0.021739130434782608
