17 0.3132045088566828 0.14470108695652173 0.1996779388083736 0.017663043478260868
17 0.49838969404186795 0.7903079710144928 0.15942028985507245 0.03260869565217391
17 0.499597423510467 0.4361413043478261 0.2584541062801932 0.03351449275362319
17 0.10104669887278583 0.9866394927536232 0.071658615136876 0.011322463768115942
17 0.30152979066022545 0.9859601449275363 0.08293075684380032 0.012681159420289856
17 0.499194847020934 0.9879981884057971 0.05958132045088567 0.01585144927536232
17 0.7000805152979066 0.9861865942028986 0.06521739130434782 0.012228260869565218
17 0.8985507246376812 0.9866394927536232 0.10305958132045089 0.011322463768115942
8 0.8989533011272142 0.9556159420289855 0.04911433172302738 0.02717391304347826
8 0.6984702093397746 0.9565217391304348 0.04911433172302738 0.01992753623188406
8 0.499597423510467 0.9560688405797102 0.04911433172302738 0.024456521739130436
8 0.3007246376811594 0.9558423913043478 0.04911433172302738 0.024003623188405796
8 0.10144927536231885 0.9556159420289855 0.05475040257648953 0.028985507246376812
9 0.961755233494364 0.7857789855072463 0.07648953301127215 0.24456521739130435
9 0.500402576489533 0.7860054347826088 0.751207729468599 0.2441123188405797
9 0.03864734299516908 0.7857789855072463 0.07568438003220612 0.24456521739130435
17 0.27053140096618356 0.6281702898550725 0.4396135265700483 0.02355072463768116
9 0.961755233494364 0.4311594202898551 0.07648953301127215 0.24456521739130435
9 0.499597423510467 0.4313858695652174 0.751207729468599 0.2441123188405797
9 0.03904991948470209 0.4316123188405797 0.0748792270531401 0.24456521739130435
17 0.23349436392914655 0.27355072463768115 0.36231884057971014 0.024456521739130436
7 0.5 0.14334239130434784 0.8067632850241546 0.06567028985507246
8 0.15499194847020933 0.14334239130434784 0.0426731078904992 0.024003623188405796
20 0.5 0.011096014492753624 0.998389694041868 0.021286231884057972
