9 0.08937926288244767 0.07733127332427536 0.06163155797101449 0.034383151721014485
20 0.5004025768921095 0.010897836730072465 0.9991948462157809 0.020889876358695655
17 0.7296855636070854 0.7125819938858696 0.09014008051529791 0.02088856385869569
17 0.44696452818035426 0.7126684048913043 0.4465025378421899 0.02029689855072465
18 0.5004421578099839 0.6233466879528985 0.8834101304347826 0.06529755525362314
13 0.500802327294686 0.5543241086956521 0.09419056441223835 0.009556977355072417
17 0.4718262431561997 0.3791140264945652 0.8262215829307569 0.05664828215579708
17 0.5030157544283413 0.24313539017210148 0.8788182479871175 0.14575224320652175
17 0.24140336151368758 0.07852378102355072 0.21401170370370373 0.024004134510869562
9 0.5009963035426732 0.9244034807518116 0.9975745442834139 0.15119303849637683
