17 0.16304347826086957 0.45606884057971014 0.1892109500805153 0.018115942028985508
17 0.14452495974235105 0.3523550724637681 0.15217391304347827 0.01358695652173913
17 0.14452495974235105 0.24932065217391305 0.1537842190016103 0.014039855072463768
7 0.501207729468599 0.45538949275362317 0.9041867954911433 0.04121376811594203
7 0.5 0.3521286231884058 0.9033816425120773 0.04121376811594203
7 0.5 0.24886775362318841 0.9033816425120773 0.04121376811594203
17 0.501610305958132 0.059782608695652176 0.33172302737520126 0.021739130434782608
17 0.2975040257648953 0.12228260869565218 0.4919484702093398 0.025362318840579712
17 0.44082125603864736 0.16304347826086957 0.7818035426731079 0.019021739130434784
17 0.14090177133655393 0.20516304347826086 0.178743961352657 0.016304347826086956
17 0.13969404186795492 0.3088768115942029 0.17632850241545894 0.015398550724637682
17 0.1570048309178744 0.4116847826086957 0.20933977455716585 0.016304347826086956
17 0.4557165861513688 0.5274003623188406 0.8099838969404187 0.04121376811594203
18 0.500402576489533 0.9676177536231885 0.8075684380032206 0.049365942028985504
8 0.07568438003220612 0.05706521739130435 0.0322061191626409 0.029891304347826088
20 0.500402576489533 0.011322463768115942 0.999194847020934 0.021739130434782608
