17 0.2604669887278583 0.978713768115942 0.21336553945249598 0.01358695652173913
17 0.2665056360708535 0.8428442028985508 0.23027375201288244 0.012681159420289856
17 0.2608695652173913 0.7069746376811594 0.10950080515297907 0.01358695652173913
17 0.2693236714975845 0.5711050724637681 0.4082125603864734 0.01358695652173913
17 0.2612721417069243 0.43546195652173914 0.23752012882447665 0.013134057971014492
17 0.2669082125603865 0.29959239130434784 0.16022544283413848 0.013134057971014492
17 0.2608695652173913 0.16394927536231885 0.0853462157809984 0.01358695652173913
17 0.500402576489533 0.05593297101449275 0.31803542673107893 0.021286231884057972
17 0.10789049919484701 0.07155797101449275 0.06602254428341385 0.014492753623188406
8 0.10789049919484701 0.04642210144927536 0.05475040257648953 0.023097826086956524
9 0.7355072463768116 0.9569746376811594 0.4677938808373591 0.08605072463768117
9 0.7355072463768116 0.8396739130434783 0.4677938808373591 0.12318840579710146
9 0.7355072463768116 0.7035778985507246 0.4677938808373591 0.12273550724637682
9 0.7351046698872786 0.5677083333333334 0.4669887278582931 0.12273550724637682
9 0.7342995169082126 0.431838768115942 0.46537842190016104 0.12273550724637682
9 0.7355072463768116 0.296195652173913 0.4677938808373591 0.12318840579710146
9 0.7355072463768116 0.16009963768115942 0.4677938808373591 0.12273550724637682
20 0.500402576489533 0.011322463768115942 0.999194847020934 0.021739130434782608
