8 0.09863123993558776 0.08808876811594203 0.1392914653784219 0.07835144927536232
8 0.09541062801932366 0.8414855072463768 0.11674718196457327 0.06521739130434782
9 0.24919484702093397 0.8414855072463768 0.11674718196457327 0.0661231884057971
9 0.4037842190016103 0.8417119565217391 0.11674718196457327 0.06567028985507246
8 0.5579710144927537 0.8414855072463768 0.11755233494363929 0.0661231884057971
9 0.7121578099838969 0.8417119565217391 0.11674718196457327 0.06567028985507246
8 0.8675523349436393 0.8417119565217391 0.11674718196457327 0.06567028985507246
9 0.9814814814814815 0.8417119565217391 0.037037037037037035 0.06567028985507246
8 0.927133655394525 0.916893115942029 0.036231884057971016 0.020380434782608696
17 0.500805152979066 0.9193840579710145 0.6360708534621579 0.01992753623188406
17 0.499597423510467 0.9590126811594203 0.3244766505636071 0.021286231884057972
17 0.499194847020934 0.6845561594202899 0.6360708534621579 0.049365942028985504
17 0.500805152979066 0.7631340579710145 0.286634460547504 0.020833333333333332
0 0.500402576489533 0.5002264492753623 0.999194847020934 0.9995471014492754
20 0.500402576489533 0.011322463768115942 0.999194847020934 0.021739130434782608
