17 0.5 0.9501811594202899 0.357487922705314 0.016304347826086956
17 0.501610305958132 0.8066123188405797 0.027375201288244767 0.00996376811594203
18 0.500805152979066 0.6628170289855072 0.9033816425120773 0.06838768115942029
18 0.500402576489533 0.7416213768115942 0.9041867954911433 0.06838768115942029
18 0.500402576489533 0.869338768115942 0.9041867954911433 0.06838768115942029
17 0.4963768115942029 0.5625 0.892914653784219 0.022644927536231884
17 0.20088566827697263 0.5024909420289855 0.30193236714975846 0.030344202898550724
9 0.500402576489533 0.08106884057971014 0.2809983896940419 0.029891304347826088
9 0.500402576489533 0.30117753623188404 0.999194847020934 0.6014492753623188
20 0.500402576489533 0.011322463768115942 0.999194847020934 0.021739130434782608
