17 0.1461352657004831 0.769927536231884 0.20853462157809985 0.020833333333333332
17 0.18397745571658616 0.389945652173913 0.2826086956521739 0.020833333333333332
17 0.9408212560386473 0.06227355072463768 0.11835748792270531 0.020380434782608696
17 0.7226247987117552 0.0625 0.20531400966183574 0.020833333333333332
17 0.04669887278582931 0.0625 0.0821256038647343 0.01992753623188406
17 0.2528180354267311 0.06227355072463768 0.24798711755233493 0.020380434782608696
17 0.5024154589371981 0.06272644927536232 0.15619967793880837 0.030344202898550724
17 0.3188405797101449 0.35982789855072467 0.5539452495974235 0.025815217391304348
17 0.2773752012882448 0.740036231884058 0.47101449275362317 0.026268115942028984
8 0.8607085346215781 0.9714673913043478 0.06763285024154589 0.03804347826086957
8 0.6344605475040258 0.9710144927536232 0.07890499194847021 0.042572463768115944
8 0.3808373590982287 0.9714673913043478 0.05314009661835749 0.03894927536231884
9 0.12600644122383253 0.9714673913043478 0.09742351046698873 0.03713768115942029
8 0.9299516908212561 0.896286231884058 0.057971014492753624 0.030797101449275364
8 0.9299516908212561 0.5158514492753623 0.057971014492753624 0.030797101449275364
8 0.929549114331723 0.13519021739130435 0.05555555555555555 0.029438405797101448
18 0.7902576489533011 0.3290307971014493 0.3389694041867955 0.06838768115942029
18 0.8132045088566827 0.7774003623188406 0.29307568438003223 0.04121376811594203
18 0.7898550724637681 0.7094655797101449 0.33816425120772947 0.06838768115942029
18 0.8132045088566827 0.39696557971014496 0.29307568438003223 0.04121376811594203
9 0.5 0.8960597826086957 0.998389694041868 0.07472826086956522
9 0.500402576489533 0.5942028985507246 0.999194847020934 0.23097826086956522
9 0.500805152979066 0.213768115942029 0.998389694041868 0.23097826086956522
20 0.500402576489533 0.011322463768115942 0.999194847020934 0.021739130434782608
