17 0.26529790660225444 0.4721467391304348 0.15217391304347827 0.01585144927536232
17 0.40660225442834136 0.41915760869565216 0.43478260869565216 0.01585144927536232
7 0.5 0.473731884057971 0.7246376811594203 0.05434782608695652
7 0.5 0.4207427536231884 0.7246376811594203 0.05434782608695652
17 0.501207729468599 0.057291666666666664 0.10386473429951691 0.01947463768115942
17 0.499597423510467 0.14379528985507248 0.5805152979066023 0.017663043478260868
17 0.500402576489533 0.3523550724637681 0.0426731078904992 0.014492753623188406
17 0.500805152979066 0.620018115942029 0.27697262479871176 0.015398550724637682
8 0.10185185185185185 0.057291666666666664 0.0426731078904992 0.024003623188405796
18 0.5 0.21105072463768115 0.7246376811594203 0.05434782608695652
18 0.5 0.28442028985507245 0.7246376811594203 0.05434782608695652
18 0.5 0.5471014492753623 0.7246376811594203 0.05434782608695652
20 0.500402576489533 0.011322463768115942 0.999194847020934 0.021739130434782608
