8 0.9493506980676327 0.7080212468297101 0.01931531723027379 0.013577668478260842
8 0.9493594456521739 0.612948127490942 0.019297232689210974 0.013566003170289878
8 0.9493455869565217 0.5178625135869566 0.019315317230273608 0.013577668478260944
8 0.9493109907407408 0.4228270018115942 0.019297232689210974 0.013566030797101454
8 0.9492907439613526 0.3277534125905797 0.01931531723027379 0.013577696557971019
8 0.9493358570853463 0.23269890353260875 0.019282883252818038 0.013596147644927552
8 0.9493130547504026 0.13762320629528987 0.019282882447665153 0.013596161684782615
8 0.0913232536231884 0.13784587545289856 0.060353763285024155 0.03304695742753622
8 0.09130673268921095 0.23290746105072466 0.06035650885668277 0.03395387409420286
8 0.0912940382447665 0.32819434193840585 0.06056016183574879 0.03167395652173914
8 0.09130491747181964 0.4232897273550725 0.06045203623188405 0.029775259963768078
8 0.09124367632850242 0.5181567703804348 0.059095888888888885 0.026784537137681218
8 0.09128102173913043 0.6122529954710144 0.060387610305958135 0.02682793659420285
8 0.09133313123993558 0.7082813095561594 0.06040145571658615 0.028546208786231892
17 0.1106437463768116 0.06203354778079711 0.11982553784219 0.011749782155797106
20 0.5004338111916264 0.011187753849637681 0.9991323776167472 0.021469710597826087
