17 0.2809983896940419 0.07291666666666667 0.1932367149758454 0.016304347826086956
17 0.10024154589371981 0.9814311594202899 0.10386473429951691 0.010869565217391304
17 0.2999194847020934 0.9816576086956522 0.07809983896940419 0.010416666666666666
17 0.500805152979066 0.9816576086956522 0.0644122383252818 0.010416666666666666
17 0.7000805152979066 0.9814311594202899 0.0748792270531401 0.010869565217391304
17 0.8997584541062802 0.9816576086956522 0.09420289855072464 0.010416666666666666
8 0.9005636070853462 0.9497282608695652 0.05877616747181964 0.03351449275362319
8 0.7000805152979066 0.9492753623188406 0.05394524959742351 0.029891304347826088
9 0.5 0.9499547101449275 0.05152979066022544 0.03125
8 0.3007246376811594 0.9506340579710145 0.05877616747181964 0.028985507246376812
8 0.10144927536231885 0.9501811594202899 0.0499194847020934 0.030797101449275364
18 0.500402576489533 0.8799818840579711 0.8832528180354268 0.06521739130434782
17 0.570450885668277 0.6933876811594203 0.11030595813204509 0.010869565217391304
17 0.6461352657004831 0.7180706521739131 0.26006441223832527 0.018568840579710144
17 0.6107085346215781 0.7425271739130435 0.18760064412238325 0.018568840579710144
17 0.6288244766505636 0.7690217391304348 0.22544283413848631 0.01992753623188406
8 0.12359098228663445 0.7923460144927537 0.13123993558776167 0.014039855072463768
17 0.21215780998389694 0.7932518115942029 0.0249597423510467 0.012228260869565218
17 0.17270531400966183 0.7690217391304348 0.2246376811594203 0.01992753623188406
17 0.16223832528180354 0.7427536231884058 0.2037037037037037 0.019021739130434784
17 0.2636876006441224 0.7180706521739131 0.4082125603864734 0.018568840579710144
17 0.1388888888888889 0.6936141304347826 0.16022544283413848 0.011322463768115942
17 0.6026570048309179 0.3745471014492754 0.1747181964573269 0.010869565217391304
17 0.644524959742351 0.39741847826086957 0.25523349436392917 0.014945652173913044
17 0.7004830917874396 0.4232336956521739 0.3687600644122383 0.018568840579710144
17 0.6388888888888888 0.44995471014492755 0.24557165861513688 0.020380434782608696
17 0.6626409017713365 0.4741847826086957 0.014492753623188406 0.012681159420289856
8 0.5801127214170693 0.4732789855072464 0.13123993558776167 0.014492753623188406
8 0.12359098228663445 0.47282608695652173 0.13123993558776167 0.01358695652173913
17 0.21215780998389694 0.4741847826086957 0.026570048309178744 0.01177536231884058
17 0.17552334943639292 0.45018115942028986 0.23027375201288244 0.01992753623188406
17 0.2037037037037037 0.42391304347826086 0.2898550724637681 0.018115942028985508
17 0.19162640901771336 0.39719202898550726 0.26247987117552335 0.014492753623188406
17 0.1143317230273752 0.3745471014492754 0.10950080515297907 0.00996376811594203
8 0.4476650563607085 0.5378170289855072 0.040257648953301126 0.020380434782608696
8 0.9037842190016103 0.5375905797101449 0.039452495974235106 0.01992753623188406
9 0.7282608695652174 0.5978260869565217 0.427536231884058 0.16032608695652173
9 0.2725442834138486 0.5978260869565217 0.427536231884058 0.16032608695652173
8 0.9033816425120773 0.2185235507246377 0.040257648953301126 0.020380434782608696
9 0.7286634460547504 0.27853260869565216 0.42673107890499196 0.16032608695652173
8 0.4468599033816425 0.21807065217391305 0.040257648953301126 0.020380434782608696
9 0.27294685990338163 0.27853260869565216 0.42673107890499196 0.16032608695652173
17 0.3671497584541063 0.14696557971014493 0.6119162640901772 0.03125
7 0.500805152979066 0.07382246376811594 0.8856682769726248 0.06521739130434782
8 0.1215780998389694 0.07359601449275363 0.02254428341384863 0.022192028985507248
20 0.500402576489533 0.010869565217391304 0.999194847020934 0.020833333333333332
