9 0.5 0.20425724637681159 0.20128824476650564 0.11322463768115942
9 0.500805152979066 0.4266304347826087 0.20128824476650564 0.11322463768115942
8 0.5 0.6490036231884058 0.1996779388083736 0.11322463768115942
9 0.500402576489533 0.8496376811594203 0.20048309178743962 0.11322463768115942
9 0.9005636070853462 0.9599184782608696 0.06038647342995169 0.03759057971014493
8 0.6992753623188406 0.9599184782608696 0.05555555555555555 0.03759057971014493
9 0.499597423510467 0.9594655797101449 0.06843800322061191 0.0384963768115942
8 0.3007246376811594 0.9596920289855072 0.06682769726247988 0.03804347826086957
9 0.10064412238325282 0.9594655797101449 0.0499194847020934 0.0384963768115942
17 0.9001610305958132 0.9909420289855072 0.10950080515297907 0.014492753623188406
17 0.6988727858293076 0.9893568840579711 0.0998389694041868 0.011322463768115942
17 0.499194847020934 0.9893568840579711 0.05475040257648953 0.011322463768115942
17 0.30152979066022545 0.9891304347826088 0.09903381642512077 0.01177536231884058
17 0.10064412238325282 0.9893568840579711 0.06280193236714976 0.011322463768115942
17 0.500805152979066 0.9221014492753623 0.5893719806763285 0.017210144927536232
17 0.501207729468599 0.7327898550724637 0.6111111111111112 0.03894927536231884
17 0.5 0.521286231884058 0.6940418679549114 0.06068840579710145
17 0.499194847020934 0.2982336956521739 0.6505636070853462 0.06114130434782609
17 0.8087761674718197 0.11639492753623189 0.1682769726247987 0.017210144927536232
17 0.5539452495974235 0.11458333333333333 0.11594202898550725 0.01358695652173913
17 0.34017713365539454 0.11435688405797102 0.08776167471819646 0.014039855072463768
17 0.1469404186795491 0.11458333333333333 0.0748792270531401 0.01358695652173913
17 0.501207729468599 0.05706521739130435 0.16666666666666666 0.019021739130434784
20 0.500805152979066 0.011548913043478262 0.998389694041868 0.022192028985507248
