8 0.5048309178743962 0.3532608695652174 0.23349436392914655 0.022644927536231884
8 0.5052334943639292 0.5910326086956522 0.23429951690821255 0.022644927536231884
8 0.5052334943639292 0.8292572463768116 0.23429951690821255 0.022644927536231884
17 0.42028985507246375 0.9166666666666666 0.06924315619967794 0.01358695652173913
17 0.6634460547504025 0.8297101449275363 0.0499194847020934 0.012681159420289856
17 0.5201288244766505 0.7971014492753623 0.27053140096618356 0.018115942028985508
17 0.5076489533011272 0.7590579710144928 0.24074074074074073 0.028985507246376812
17 0.47624798711755234 0.7110507246376812 0.177938808373591 0.017210144927536232
17 0.537842190016103 0.6786684782608696 0.30434782608695654 0.013134057971014492
17 0.6634460547504025 0.5917119565217391 0.0499194847020934 0.013134057971014492
17 0.5209339774557166 0.5593297101449275 0.2689210950080515 0.018115942028985508
17 0.4883252818035427 0.5208333333333334 0.20209339774557167 0.028985507246376812
17 0.4557165861513688 0.4732789855072464 0.13687600644122383 0.017210144927536232
17 0.4210950080515298 0.44021739130434784 0.06924315619967794 0.01358695652173913
17 0.6634460547504025 0.3534873188405797 0.0499194847020934 0.013134057971014492
17 0.5209339774557166 0.3211050724637681 0.2689210950080515 0.018115942028985508
17 0.4883252818035427 0.2826086956521739 0.20209339774557167 0.028985507246376812
17 0.4557165861513688 0.23505434782608695 0.13687600644122383 0.017210144927536232
17 0.4210950080515298 0.20221920289855072 0.06924315619967794 0.013134057971014492
8 0.8752012882447665 0.9735054347826088 0.040257648953301126 0.029438405797101448
8 0.6256038647342995 0.9646739130434783 0.05475040257648953 0.030797101449275364
9 0.3756038647342995 0.9660326086956522 0.07326892109500806 0.025362318840579712
9 0.12600644122383253 0.967391304347826 0.07326892109500806 0.025362318840579712
9 0.19847020933977455 0.7472826086956522 0.2632850241545894 0.11322463768115942
9 0.1972624798711755 0.5092844202898551 0.2640901771336554 0.10009057971014493
9 0.19766505636070852 0.2710597826086957 0.24074074074074073 0.1480978260869565
17 0.9158615136876006 0.11820652173913043 0.07326892109500806 0.01358695652173913
17 0.18760064412238325 0.11730072463768117 0.2721417069243156 0.01358695652173913
8 0.04669887278582931 0.057744565217391304 0.030595813204508857 0.029438405797101448
17 0.501207729468599 0.057971014492753624 0.5950080515297906 0.017210144927536232
20 0.500402576489533 0.011322463768115942 0.999194847020934 0.021739130434782608
