8 0.08051529790660225 0.057291666666666664 0.08373590982286634 0.04664855072463768
8 0.2105475040257649 0.9551630434782609 0.023349436392914653 0.009057971014492754
17 0.11835748792270531 0.954483695652174 0.07568438003220612 0.017663043478260868
17 0.7278582930756844 0.8731884057971014 0.06280193236714976 0.01992753623188406
17 0.357487922705314 0.8260869565217391 0.5958132045088567 0.02355072463768116
17 0.21618357487922704 0.8539402173913043 0.30998389694041867 0.01585144927536232
18 0.6304347826086957 0.9549365942028986 0.6618357487922706 0.057518115942028984
18 0.1501610305958132 0.9553894927536232 0.22302737520128824 0.057518115942028984
8 0.8578904991948471 0.8720561594202899 0.16666666666666666 0.016757246376811596
9 0.8743961352657005 0.7835144927536232 0.178743961352657 0.10054347826086957
13 0.500402576489533 0.7697010869565217 0.17632850241545894 0.012228260869565218
9 0.5064412238325282 0.38654891304347827 0.8969404186795491 0.636322463768116
