17 0.2886473429951691 0.24456521739130435 0.19243156199677938 0.01992753623188406
17 0.24436392914653784 0.15466485507246377 0.10386473429951691 0.020380434782608696
17 0.500402576489533 0.5260416666666666 0.21658615136876005 0.023097826086956524
17 0.500402576489533 0.49071557971014496 0.33735909822866345 0.022192028985507248
17 0.501207729468599 0.40896739130434784 0.32608695652173914 0.022644927536231884
18 0.5 0.33446557971014496 0.9033816425120773 0.06838768115942029
8 0.11634460547504026 0.24479166666666666 0.05233494363929146 0.03306159420289855
7 0.5 0.24479166666666666 0.9033816425120773 0.06838768115942029
8 0.11674718196457327 0.15534420289855072 0.04830917874396135 0.02717391304347826
7 0.5 0.15511775362318841 0.9033816425120773 0.06838768115942029
17 0.501207729468599 0.058876811594202896 0.11030595813204509 0.022644927536231884
8 0.07447665056360708 0.05638586956521739 0.02818035426731079 0.028532608695652176
20 0.500402576489533 0.010869565217391304 0.999194847020934 0.020833333333333332
