17 0.5000909508856684 0.32708606159420295 0.28162164090177133 0.013400340579710132
17 0.49972942069243154 0.38577726630434783 0.5776108703703704 0.07382246376811594
17 0.5023928780193238 0.06464906544384058 0.4097367190016103 0.02284500226449275
17 0.5205186976650563 0.5980672697010869 0.5924209380032206 0.016727779438405792
17 0.5313357540257649 0.4492466829710145 0.11879181078904995 0.01342687771739133
8 0.4358682926731079 0.4504514639945652 0.040389498389694065 0.021981142663043473
8 0.1959104001610306 0.594616765625 0.0267978115942029 0.017865498641304326
18 0.5003422781803543 0.6723091014492754 0.4461848800322061 0.06839442572463775
17 0.4995916493558776 0.7677648793025362 0.09838567391304351 0.01464932201086965
17 0.5011675801127214 0.9698586394927537 0.48463653703703696 0.01684360235507244
20 0.500402576489533 0.011096014492753624 0.999194847020934 0.021286231884057972
9 0.5006236936392914 0.23131926856884055 0.14634564492753616 0.08174740036231885
