17 0.9114331723027376 0.06567028985507246 0.0966183574879227 0.017210144927536232
17 0.9162640901771336 0.04121376811594203 0.014492753623188406 0.010869565217391304
8 0.9456521739130435 0.04121376811594203 0.02818035426731079 0.017210144927536232
8 0.05152979066022544 0.060009057971014496 0.040257648953301126 0.022192028985507248
8 0.45169082125603865 0.27219202898550726 0.0499194847020934 0.028079710144927536
8 0.9524959742351047 0.27219202898550726 0.0499194847020934 0.028079710144927536
8 0.45169082125603865 0.6920289855072463 0.0499194847020934 0.028079710144927536
8 0.9524959742351047 0.6920289855072463 0.0499194847020934 0.028079710144927536
8 0.10064412238325282 0.9594655797101449 0.04508856682769726 0.024909420289855072
8 0.30112721417069244 0.9594655797101449 0.0499194847020934 0.024003623188405796
8 0.5 0.9592391304347826 0.04508856682769726 0.025362318840579712
8 0.6984702093397746 0.9594655797101449 0.04750402576489533 0.026721014492753624
8 0.8993558776167472 0.9594655797101449 0.0499194847020934 0.0276268115942029
17 0.501207729468599 0.059329710144927536 0.3115942028985507 0.022644927536231884
17 0.1888083735909823 0.12001811594202899 0.3035426731078905 0.015398550724637682
17 0.500402576489533 0.12001811594202899 0.17149758454106281 0.015398550724637682
17 0.7604669887278583 0.12001811594202899 0.19887278582930756 0.015398550724637682
17 0.96658615136876 0.12115036231884058 0.06682769726247988 0.018568840579710144
17 0.10426731078904992 0.2090126811594203 0.15539452495974235 0.014945652173913044
17 0.8361513687600645 0.20946557971014493 0.23107890499194847 0.01947463768115942
17 0.07206119162640902 0.4975090579710145 0.09098228663446055 0.01585144927536232
17 0.23953301127214172 0.5450634057971014 0.42592592592592593 0.05661231884057971
17 0.572866344605475 0.4975090579710145 0.09098228663446055 0.01585144927536232
17 0.749194847020934 0.5452898550724637 0.4436392914653784 0.05615942028985507
17 0.06964573268921095 0.917572463768116 0.0861513687600644 0.016304347826086956
17 0.572866344605475 0.9177989130434783 0.09098228663446055 0.01585144927536232
17 0.10144927536231885 0.9909420289855072 0.06763285024154589 0.010869565217391304
17 0.30112721417069244 0.9902626811594203 0.10628019323671498 0.011322463768115942
17 0.5 0.9918478260869565 0.1529790660225443 0.01358695652173913
17 0.6984702093397746 0.9907155797101449 0.08132045088566828 0.011322463768115942
17 0.8989533011272142 0.9907155797101449 0.09742351046698873 0.010416666666666666
9 0.24758454106280192 0.35280797101449274 0.1747181964573269 0.17300724637681159
9 0.750805152979066 0.3532608695652174 0.1956521739130435 0.1693840579710145
9 0.24838969404186795 0.7733242753623188 0.2922705314009662 0.15715579710144928
9 0.7528180354267311 0.7735507246376812 0.2608695652173913 0.17753623188405798
18 0.3892914653784219 0.6295289855072463 0.1457326892109501 0.041666666666666664
18 0.8909017713365539 0.6297554347826088 0.1457326892109501 0.04121376811594203
20 0.500402576489533 0.011322463768115942 0.999194847020934 0.021739130434782608
