17 0.15780998389694043 0.4601449275362319 0.19484702093397746 0.01358695652173913
17 0.13285024154589373 0.5867300724637681 0.14492753623188406 0.013134057971014492
17 0.1320450885668277 0.7115036231884058 0.14170692431561996 0.012681159420289856
17 0.1280193236714976 0.8924365942028986 0.13526570048309178 0.014039855072463768
7 0.500402576489533 0.9001358695652174 0.8848631239935588 0.036684782608695655
7 0.500402576489533 0.7207880434782609 0.8848631239935588 0.03125
7 0.500402576489533 0.5969202898550725 0.8848631239935588 0.03351449275362319
7 0.500402576489533 0.4721467391304348 0.8848631239935588 0.036684782608695655
17 0.249597423510467 0.1236413043478261 0.10466988727858292 0.021739130434782608
17 0.750402576489533 0.1236413043478261 0.1320450885668277 0.021739130434782608
17 0.4355877616747182 0.21988224637681159 0.7536231884057971 0.03215579710144927
17 0.499194847020934 0.35665760869565216 0.32367149758454106 0.01947463768115942
17 0.8981481481481481 0.8897192028985508 0.0861513687600644 0.01585144927536232
17 0.4617552334943639 0.8278985507246377 0.8043478260869565 0.03985507246376812
8 0.07206119162640902 0.057518115942028984 0.023349436392914653 0.022644927536231884
18 0.2745571658615137 0.29030797101449274 0.4331723027375201 0.06159420289855073
18 0.7262479871175523 0.29008152173913043 0.4331723027375201 0.06204710144927536
17 0.16988727858293076 0.4114583333333333 0.22061191626409019 0.01585144927536232
17 0.14371980676328502 0.5341938405797102 0.16666666666666666 0.01585144927536232
17 0.14130434782608695 0.6580615942028986 0.16344605475040258 0.014492753623188406
17 0.1356682769726248 0.7801177536231885 0.15217391304347827 0.01585144927536232
17 0.12761674718196458 0.964447463768116 0.1360708534621578 0.01947463768115942
20 0.500402576489533 0.011322463768115942 0.999194847020934 0.021739130434782608
