17 0.501610305958132 0.059782608695652176 0.19162640901771336 0.021739130434782608
17 0.14895330112721417 0.059329710144927536 0.1497584541062802 0.022644927536231884
17 0.24919484702093397 0.14515398550724637 0.3969404186795491 0.018568840579710144
17 0.3663446054750403 0.19769021739130435 0.6328502415458938 0.017663043478260868
17 0.28421900161030594 0.27219202898550726 0.4685990338164251 0.022644927536231884
17 0.49838969404186795 0.3326539855072464 0.8985507246376812 0.03940217391304348
17 0.23470209339774556 0.41779891304347827 0.3663446054750403 0.022192028985507248
17 0.49516908212560384 0.4784873188405797 0.8904991948470209 0.03940217391304348
17 0.17149758454106281 0.5622735507246377 0.24154589371980675 0.018568840579710144
17 0.42391304347826086 0.6247735507246377 0.7479871175523349 0.03940217391304348
17 0.19363929146537842 0.7090126811594203 0.28743961352657005 0.018568840579710144
17 0.7942834138486312 0.708786231884058 0.22624798711755234 0.018115942028985508
17 0.1252012882447665 0.7946105072463768 0.14895330112721417 0.016757246376811596
17 0.20249597423510468 0.8457880434782609 0.30193236714975846 0.023097826086956524
17 0.2105475040257649 0.9053442028985508 0.321256038647343 0.022644927536231884
17 0.22423510466988728 0.9646739130434783 0.34863123993558776 0.022644927536231884
16 0.8904991948470209 0.9621829710144928 0.12399355877616747 0.04302536231884058
16 0.8900966183574879 0.9026268115942029 0.1247987117552335 0.042572463768115944
16 0.8904991948470209 0.8426177536231885 0.12399355877616747 0.04302536231884058
8 0.9424315619967794 0.7078804347826088 0.020128824476650563 0.018115942028985508
16 0.8900966183574879 0.5613677536231884 0.1247987117552335 0.04302536231884058
16 0.8904991948470209 0.41508152173913043 0.12399355877616747 0.04302536231884058
8 0.9424315619967794 0.2690217391304348 0.020128824476650563 0.018115942028985508
16 0.8904991948470209 0.14492753623188406 0.12399355877616747 0.042572463768115944
8 0.046296296296296294 0.057744565217391304 0.03140096618357488 0.029438405797101448
20 0.500402576489533 0.011322463768115942 0.999194847020934 0.021739130434782608
