20 0.500402576489533 0.011322463768115942 0.999194847020934 0.021739130434782608
9 0.3144122383252818 0.06884057971014493 0.09259259259259259 0.029891304347826088
17 0.5523349436392915 0.06838768115942029 0.33172302737520126 0.022644927536231884
17 0.15619967793880837 0.14968297101449277 0.20933977455716585 0.014039855072463768
17 0.2914653784219002 0.2028985507246377 0.43478260869565216 0.021739130434782608
17 0.3007246376811594 0.2801177536231884 0.32286634460547503 0.014039855072463768
5 0.25523349436392917 0.2801177536231884 0.4138486312399356 0.035778985507246376
17 0.1215780998389694 0.37771739130434784 0.14170692431561996 0.01358695652173913
17 0.14814814814814814 0.42821557971014496 0.14653784219001612 0.017663043478260868
8 0.8965378421900161 0.4288949275362319 0.0426731078904992 0.016304347826086956
18 0.500402576489533 0.5350996376811594 0.3679549114331723 0.060235507246376815
17 0.500402576489533 0.598052536231884 0.30515297906602257 0.01947463768115942
18 0.500805152979066 0.8614130434782609 0.43478260869565216 0.06068840579710145
17 0.500402576489533 0.9456521739130435 0.7608695652173914 0.01992753623188406
7 0.5 0.20131340579710144 0.9033816425120773 0.06567028985507246
7 0.5 0.42912137681159424 0.9033816425120773 0.06567028985507246
