17 0.500402576489533 0.7828351449275363 0.2214170692431562 0.012228260869565218
17 0.500805152979066 0.8032155797101449 0.5700483091787439 0.01585144927536232
8 0.9057971014492754 0.5389492753623188 0.020933977455716585 0.018115942028985508
17 0.25523349436392917 0.536911231884058 0.08695652173913043 0.01585144927536232
8 0.13526570048309178 0.5375905797101449 0.08856682769726248 0.03713768115942029
17 0.49516908212560384 0.45629528985507245 0.5925925925925926 0.017663043478260868
17 0.500805152979066 0.13632246376811594 0.2608695652173913 0.020833333333333332
9 0.500402576489533 0.0828804347826087 0.1747181964573269 0.0552536231884058
18 0.500402576489533 0.3960597826086957 0.7737520128824477 0.06114130434782609
9 0.500805152979066 0.265625 0.9146537842190016 0.2006340579710145
8 0.8611111111111112 0.9714673913043478 0.06843800322061191 0.03804347826086957
8 0.6352657004830918 0.9714673913043478 0.07890499194847021 0.043478260869565216
8 0.3808373590982287 0.9714673913043478 0.05314009661835749 0.03894927536231884
9 0.12600644122383253 0.9716938405797102 0.10064412238325282 0.03759057971014493
20 0.500402576489533 0.011322463768115942 0.999194847020934 0.021739130434782608
