17 0.5148953301127214 0.05706521739130435 0.11996779388083736 0.018115942028985508
8 0.9231078904991948 0.05615942028985507 0.05394524959742351 0.03260869565217391
8 0.9432367149758454 0.33106884057971014 0.015297906602254429 0.015398550724637682
8 0.9335748792270532 0.463768115942029 0.015297906602254429 0.015398550724637682
8 0.9335748792270532 0.558197463768116 0.015297906602254429 0.014945652173913044
8 0.9335748792270532 0.6524003623188406 0.015297906602254429 0.014945652173913044
8 0.9335748792270532 0.7574728260869565 0.015297906602254429 0.014945652173913044
8 0.9335748792270532 0.8516757246376812 0.015297906602254429 0.014945652173913044
8 0.8756038647342995 0.9649003623188406 0.05394524959742351 0.030344202898550724
8 0.6260064412238325 0.9655797101449275 0.04589371980676329 0.03260869565217391
8 0.3752012882447665 0.9646739130434783 0.05475040257648953 0.030797101449275364
8 0.12681159420289856 0.9646739130434783 0.06038647342995169 0.030797101449275364
17 0.09822866344605476 0.8528079710144928 0.09339774557165861 0.020833333333333332
17 0.12278582930756844 0.7586050724637681 0.1457326892109501 0.020833333333333332
17 0.10305958132045089 0.6517210144927537 0.10789049919484701 0.017210144927536232
17 0.15982286634460546 0.557518115942029 0.2214170692431562 0.017210144927536232
17 0.1682769726247987 0.4651268115942029 0.23671497584541062 0.020833333333333332
9 0.11151368760064412 0.3521286231884058 0.12640901771336555 0.06476449275362318
17 0.3083735909822866 0.33559782608695654 0.20450885668276972 0.020833333333333332
17 0.4939613526570048 0.23482789855072464 0.19887278582930756 0.017663043478260868
8 0.5 0.15579710144927536 0.14653784219001612 0.08242753623188406
20 0.500402576489533 0.011322463768115942 0.999194847020934 0.021739130434782608
