17 0.2463768115942029 0.1838768115942029 0.26570048309178745 0.018115942028985508
17 0.8989533011272142 0.9904891304347826 0.07004830917874397 0.010869565217391304
17 0.6992753623188406 0.9904891304347826 0.10547504025764895 0.010869565217391304
17 0.499597423510467 0.9907155797101449 0.08454106280193237 0.011322463768115942
17 0.3003220611916264 0.9907155797101449 0.07729468599033816 0.010416666666666666
17 0.0998389694041868 0.9916213768115942 0.05958132045088567 0.013134057971014492
8 0.09943639291465378 0.9592391304347826 0.06360708534621579 0.026268115942028984
8 0.3007246376811594 0.9583333333333334 0.04750402576489533 0.028985507246376812
9 0.500402576489533 0.9592391304347826 0.05877616747181964 0.03260869565217391
9 0.6984702093397746 0.9590126811594203 0.05233494363929146 0.029438405797101448
8 0.9001610305958132 0.9590126811594203 0.0322061191626409 0.030344202898550724
9 0.894524959742351 0.08673007246376811 0.10950080515297907 0.06204710144927536
8 0.07809983896940419 0.18365036231884058 0.04186795491143317 0.024003623188405796
9 0.19082125603864733 0.08650362318840579 0.26570048309178745 0.06340579710144928
7 0.500805152979066 0.18365036231884058 0.9227053140096618 0.049365942028985504
9 0.5 0.2898550724637681 0.12077294685990338 0.0625
17 0.500402576489533 0.3858695652173913 0.5966183574879227 0.06884057971014493
18 0.500805152979066 0.45516304347826086 0.2673107890499195 0.030797101449275364
17 0.8136070853462157 0.5249094202898551 0.12962962962962962 0.019021739130434784
17 0.18639291465378421 0.5246829710144928 0.1537842190016103 0.01947463768115942
17 0.499194847020934 0.5242300724637681 0.23027375201288244 0.01947463768115942
20 0.500402576489533 0.011322463768115942 0.999194847020934 0.021739130434782608
