17 0.18537840780998388 0.0775676484375 0.12494742914653785 0.014603143601190478
8 0.08730657085346216 0.07806748139880952 0.038135117552334945 0.017978333333333332
8 0.8817368168276973 0.1468561263020833 0.097390192431562 0.04492689322916666
8 0.49965101368760073 0.9267321086309525 0.04852624154589371 0.015002477678571493
17 0.10136563164251208 0.9533314477306547 0.08210487198067633 0.009341466889881002
17 0.301693152979066 0.9533343541666666 0.11914286151368761 0.00934727976190481
17 0.5003966795491143 0.9531429382440475 0.11108015136876005 0.008950642113095259
17 0.6987515752818035 0.9533512023809524 0.07492429066022545 0.009417124999999988
17 0.8998209637681158 0.9533176422991071 0.108715112721417 0.009388878348214155
8 0.8985893506441223 0.9267372403273808 0.0371142890499195 0.017909004464285717
8 0.6990260861513689 0.9265625362723214 0.05827761513687603 0.019038064360119036
8 0.10056006682769726 0.9267362412574405 0.0499150805152979 0.017907006324404694
8 0.30085970611916263 0.9267308372395834 0.03884435587761674 0.01797430840773813
8 0.8817242363123992 0.6322384789806548 0.09696933413848634 0.04490307403273815
17 0.20715387640901772 0.5431362334449404 0.3066955354267311 0.013171241443452397
17 0.46693665700483084 0.4987070900297619 0.8330419758454106 0.042632693452380986
17 0.10781570088566829 0.4574147860863095 0.11120119565217391 0.011276563244047634
17 0.8873753450080516 0.07752597619047619 0.12247141465378415 0.014603359374999996
20 0.5130156243961352 0.025499081287202376 0.8698315708534622 0.013900021949404758
7 0.42305102455716587 0.07846384672619047 0.7483642536231885 0.04028141517857142
9 0.5004073417874396 0.27128908742559527 0.8979341843800323 0.3113108363095238
9 0.5004038401771336 0.7539906274181547 0.8978778913043479 0.3060598828125
