17 0.7302737520128825 0.06068840579710145 0.3671497584541063 0.041666666666666664
17 0.7596618357487923 0.09533514492753624 0.11674718196457327 0.01585144927536232
17 0.6082930756843801 0.1238677536231884 0.1247987117552335 0.014945652173913044
17 0.7137681159420289 0.15625 0.3309178743961353 0.015398550724637682
17 0.7773752012882448 0.2212409420289855 0.3438003220611916 0.05661231884057971
17 0.6735104669887279 0.26721014492753625 0.1537842190016103 0.01358695652173913
17 0.7576489533011272 0.426856884057971 0.4186795491143317 0.06476449275362318
17 0.7520128824476651 0.4735054347826087 0.10144927536231885 0.01585144927536232
17 0.6123188405797101 0.5020380434782609 0.13123993558776167 0.014945652173913044
17 0.7137681159420289 0.5346467391304348 0.3309178743961353 0.014945652173913044
17 0.7765700483091788 0.5996376811594203 0.3438003220611916 0.05615942028985507
17 0.6743156199677939 0.6453804347826088 0.1537842190016103 0.01358695652173913
17 0.7423510466988728 0.7921195652173914 0.3896940418679549 0.06159420289855073
17 0.7604669887278583 0.8403532608695652 0.11835748792270531 0.01585144927536232
17 0.6014492753623188 0.8688858695652174 0.10950080515297907 0.014945652173913044
17 0.7137681159420289 0.9010416666666666 0.3309178743961353 0.014945652173913044
17 0.714975845410628 0.9660326086956522 0.21900161030595813 0.05615942028985507
9 0.5648148148148148 0.9658061594202899 0.033011272141706925 0.01585144927536232
9 0.5648148148148148 0.9458786231884058 0.04106280193236715 0.014039855072463768
8 0.6231884057971014 0.8389945652173914 0.143317230273752 0.016757246376811596
8 0.5652173913043478 0.6447010869565217 0.040257648953301126 0.017663043478260868
9 0.5648148148148148 0.5989583333333334 0.033011272141706925 0.01585144927536232
9 0.5648148148148148 0.5788043478260869 0.04106280193236715 0.014492753623188406
8 0.6231884057971014 0.4723731884057971 0.143317230273752 0.017210144927536232
8 0.5652173913043478 0.266304347826087 0.040257648953301126 0.018115942028985508
9 0.5652173913043478 0.2212409420289855 0.0322061191626409 0.01585144927536232
9 0.5648148148148148 0.2006340579710145 0.04106280193236715 0.014492753623188406
9 0.27093397745571657 0.1535326086956522 0.4742351046698873 0.18840579710144928
9 0.23832528180354268 0.5086050724637681 0.4396135265700483 0.1766304347826087
17 0.2741545893719807 0.6170742753623188 0.12640901771336555 0.007699275362318841
9 0.2725442834138486 0.875 0.5080515297906603 0.25
8 0.6227858293075684 0.09397644927536232 0.14412238325281804 0.016757246376811596
20 0.500402576489533 0.014039855072463768 0.999194847020934 0.02717391304347826
