9 0.9130434782608695 0.9572010869565217 0.11594202898550725 0.08559782608695653
9 0.42995169082125606 0.9605978260869565 0.11916264090177134 0.07880434782608696
9 0.42954911433172305 0.8328804347826088 0.11513687600644122 0.12409420289855072
9 0.9138486312399355 0.8326539855072463 0.08373590982286634 0.1236413043478261
9 0.894122383252818 0.7103713768115942 0.1537842190016103 0.09375
9 0.43115942028985504 0.6965579710144928 0.11996779388083736 0.12228260869565218
9 0.8804347826086957 0.48211050724637683 0.17954911433172302 0.11820652173913043
9 0.4367954911433172 0.48007246376811596 0.10869565217391304 0.1213768115942029
9 0.3969404186795491 0.35982789855072467 0.18679549114331723 0.08740942028985507
9 0.9162640901771336 0.3532608695652174 0.10628019323671498 0.10144927536231885
9 0.8957326892109501 0.21739130434782608 0.15056360708534622 0.09873188405797101
9 0.4214975845410628 0.21897644927536233 0.1360708534621578 0.09556159420289856
17 0.6835748792270532 0.9234601449275363 0.3075684380032206 0.018115942028985508
17 0.13727858293075684 0.9393115942028986 0.17632850241545894 0.04891304347826087
17 0.178743961352657 0.7882699275362319 0.25925925925925924 0.023097826086956524
17 0.6312399355877617 0.7995923913043478 0.20128824476650564 0.043931159420289856
17 0.6304347826086957 0.6490036231884058 0.2028985507246377 0.018115942028985508
17 0.1392914653784219 0.6487771739130435 0.18035426731078905 0.018568840579710144
17 0.1469404186795491 0.4467844202898551 0.19404186795491143 0.043931159420289856
17 0.6223832528180354 0.44882246376811596 0.18679549114331723 0.04891304347826087
17 0.1469404186795491 0.3113677536231884 0.19404186795491143 0.04846014492753623
17 0.6545893719806763 0.3113677536231884 0.24798711755233493 0.04846014492753623
17 0.6739130434782609 0.1610054347826087 0.2834138486312399 0.023097826086956524
17 0.16022544283413848 0.17210144927536233 0.2222222222222222 0.044384057971014496
8 0.5479066022544283 0.8704710144927537 0.021739130434782608 0.016304347826086956
8 0.06723027375201288 0.733016304347826 0.023349436392914653 0.016757246376811596
8 0.5487117552334944 0.7332427536231885 0.021739130434782608 0.016304347826086956
8 0.5471014492753623 0.5172101449275363 0.021739130434782608 0.016304347826086956
8 0.5479066022544283 0.2427536231884058 0.023349436392914653 0.017210144927536232
8 0.06723027375201288 0.379981884057971 0.023349436392914653 0.016304347826086956
8 0.06723027375201288 0.2427536231884058 0.023349436392914653 0.017210144927536232
17 0.2471819645732689 0.6048460144927537 0.4428341384863124 0.025815217391304348
17 0.3007246376811594 0.11435688405797102 0.5466988727858293 0.024909420289855072
8 0.046296296296296294 0.057744565217391304 0.03140096618357488 0.029438405797101448
17 0.17431561996779388 0.057291666666666664 0.1956521739130435 0.017663043478260868
17 0.500402576489533 0.058876811594202896 0.2278582930756844 0.025362318840579712
17 0.855475040257649 0.057291666666666664 0.19082125603864733 0.017663043478260868
20 0.500402576489533 0.011322463768115942 0.999194847020934 0.021739130434782608
