17 0.14935587761674718 0.059329710144927536 0.14895330112721417 0.022644927536231884
17 0.501207729468599 0.059782608695652176 0.1392914653784219 0.021739130434782608
17 0.22745571658615138 0.16757246376811594 0.35185185185185186 0.021739130434782608
17 0.2073268921095008 0.2246376811594203 0.3115942028985507 0.018115942028985508
17 0.4883252818035427 0.2966485507246377 0.8752012882447665 0.057971014492753624
17 0.1819645732689211 0.39470108695652173 0.2608695652173913 0.022192028985507248
8 0.9424315619967794 0.3915307971014493 0.020128824476650563 0.018568840579710144
16 0.8904991948470209 0.1637228260869565 0.12399355877616747 0.04302536231884058
16 0.8904991948470209 0.22395833333333334 0.12399355877616747 0.04302536231884058
8 0.04669887278582931 0.057744565217391304 0.030595813204508857 0.029438405797101448
20 0.500402576489533 0.011322463768115942 0.999194847020934 0.021739130434782608
