17 0.2689814814814815 0.7536231884057971 0.16944444444444445 0.0189520624303233
17 0.2513888888888889 0.6488294314381271 0.13425925925925927 0.0189520624303233
8 0.12824074074074074 0.7527870680044593 0.026851851851851852 0.021739130434782608
8 0.12824074074074074 0.6479933110367893 0.036111111111111115 0.016164994425863992
9 0.500462962962963 0.27118171683389075 0.1712962962962963 0.10312151616499442
7 0.500462962962963 0.6485507246376812 0.8527777777777779 0.07525083612040134
7 0.5 0.7525083612040133 0.8537037037037037 0.0758082497212932
17 0.5013888888888889 0.8821070234113713 0.6342592592592593 0.023968784838350056
18 0.500462962962963 0.9620958751393534 0.9990740740740741 0.0758082497212932
0 0.500462962962963 0.46265328874024525 0.9990740740740741 0.923076923076923
