17 0.14166666666666666 0.44342251950947603 0.15555555555555556 0.017279821627647716
17 0.17453703703703705 0.3338907469342252 0.21944444444444444 0.017837235228539576
8 0.07592592592592592 0.07636566332218506 0.018518518518518517 0.017837235228539576
17 0.47500000000000003 0.08166109253065774 0.14814814814814814 0.036231884057971016
17 0.3078703703703704 0.17196209587513936 0.4898148148148148 0.03511705685618729
17 0.10648148148148148 0.2814938684503902 0.08518518518518518 0.017837235228539576
7 0.5 0.35144927536231885 0.8796296296296297 0.051839464882943144
7 0.500462962962963 0.4576365663322185 0.8787037037037038 0.046822742474916385
17 0.7962962962962963 0.5183946488294314 0.2851851851851852 0.022296544035674472
17 0.5074074074074074 0.943422519509476 0.3462962962962963 0.017279821627647716
17 0.5074074074074074 0.9738015607580824 0.12407407407407407 0.021181716833890748
18 0.5064814814814815 0.883221850613155 0.8851851851851852 0.07413600891861762
20 0.500462962962963 0.018115942028985508 0.9990740740740741 0.03511705685618729
