17 0.18935185185185185 0.49052396878483834 0.16018518518518518 0.017837235228539576
17 0.1837962962962963 0.39241917502787066 0.15092592592592594 0.017837235228539576
8 0.11064814814814815 0.11622073578595317 0.05648148148148149 0.01950947603121516
17 0.5865740740740741 0.11677814938684504 0.4287037037037037 0.027313266443701224
17 0.5842592592592593 0.15607580824972128 0.27037037037037037 0.020066889632107024
7 0.500462962962963 0.39771460423634336 0.787962962962963 0.028428093645484948
7 0.5 0.49665551839464883 0.7870370370370371 0.030100334448160536
18 0.5013888888888889 0.8600891861761427 0.6287037037037038 0.024526198439241916
18 0.500462962962963 0.9364548494983277 0.9064814814814816 0.0713489409141583
20 0.500462962962963 0.018115942028985508 0.9990740740740741 0.03511705685618729
