17 0.20185185185185187 0.7887402452619844 0.20185185185185187 0.021181716833890748
17 0.19722222222222224 0.7084726867335562 0.19444444444444445 0.020066889632107024
9 0.8560185185185185 0.7876254180602007 0.028703703703703703 0.015607580824972128
8 0.8537037037037037 0.7068004459308806 0.02592592592592593 0.015607580824972128
8 0.07592592592592592 0.08528428093645485 0.02777777777777778 0.026755852842809364
17 0.24212962962962964 0.0866778149386845 0.18796296296296297 0.02508361204013378
9 0.5027777777777778 0.2926421404682274 0.16666666666666669 0.10033444816053512
9 0.500462962962963 0.40022296544035674 0.2212962962962963 0.03901895206243032
7 0.5 0.7154403567447045 0.8074074074074075 0.052954292084726864
7 0.500462962962963 0.7998885172798216 0.8064814814814815 0.044593088071348944
18 0.500462962962963 0.9180602006688963 0.8064814814814815 0.07692307692307693
