17 0.20833333333333334 0.802396878483835 0.11666666666666667 0.01282051282051282
17 0.26296296296296295 0.70958751393534 0.22592592592592595 0.013377926421404682
8 0.8490740740740741 0.8018394648829431 0.040740740740740744 0.015050167224080268
17 0.575462962962963 0.9693422519509476 0.14537037037037037 0.016722408026755852
9 0.5 0.1778149386845039 0.1814814814814815 0.1092530657748049
17 0.500462962962963 0.28037904124860646 0.10833333333333334 0.031215161649944256
7 0.500462962962963 0.7084726867335562 0.8009259259259259 0.06465997770345597
7 0.500462962962963 0.802675585284281 0.8009259259259259 0.06354515050167224
18 0.500462962962963 0.8988294314381271 0.48055555555555557 0.07079152731326645
17 0.4166666666666667 0.967948717948718 0.12592592592592594 0.013935340022296544
0 0.500462962962963 0.5178372352285395 0.9990740740740741 0.9643255295429208
20 0.500462962962963 0.018115942028985508 0.9990740740740741 0.03511705685618729
