17 0.26851851851851855 0.4972129319955407 0.18888888888888888 0.021181716833890748
17 0.23657407407407408 0.38545150501672243 0.10277777777777779 0.021739130434782608
8 0.11620370370370371 0.49665551839464883 0.036111111111111115 0.030100334448160536
9 0.12175925925925926 0.38545150501672243 0.04722222222222222 0.028428093645484948
9 0.500925925925926 0.1318283166109253 0.18333333333333335 0.11761426978818283
7 0.500462962962963 0.3851727982162765 0.9027777777777778 0.08249721293199554
7 0.500462962962963 0.49665551839464883 0.9027777777777778 0.08249721293199554
18 0.500462962962963 0.8704013377926422 0.9027777777777778 0.08528428093645485
17 0.500462962962963 0.9590301003344481 0.41574074074074074 0.020624303232998884
0 0.500462962962963 0.500278706800446 0.9990740740740741 0.9994425863991081
