17 0.5042444821731749 0.5975402883799831 0.3395585738539898 0.017811704834605598
17 0.42529711375212226 0.5301102629346904 0.17826825127334464 0.016963528413910092
17 0.3701188455008489 0.4631043256997455 0.07130730050933785 0.016963528413910092
17 0.3853989813242784 0.39609838846480067 0.09847198641765705 0.016963528413910092
17 0.39134125636672323 0.3286683630195081 0.11035653650254669 0.017811704834605598
9 0.233446519524618 0.5979643765903307 0.04923599320882852 0.02544529262086514
8 0.23259762308998302 0.5305343511450381 0.040747028862478774 0.026293469041560644
9 0.23429541595925296 0.4631043256997455 0.030560271646859084 0.02544529262086514
8 0.233446519524618 0.39652247667514845 0.05602716468590832 0.021204410517387615
8 0.233446519524618 0.3290924512298558 0.042444821731748725 0.02374893977947413
20 0.5008488964346349 0.01653944020356234 0.99830220713073 0.031382527565733676
17 0.5025466893039049 0.8193384223918575 0.1833616298811545 0.02205258693808312
17 0.5008488964346349 0.9105173876166243 0.797962648556876 0.041560644614079725
18 0.5025466893039049 0.6776929601357082 0.6553480475382003 0.0542832909245123
7 0.5008488964346349 0.5975402883799831 0.6553480475382003 0.0551314673452078
7 0.50169779286927 0.5301102629346904 0.6570458404074703 0.0542832909245123
7 0.50169779286927 0.4631043256997455 0.6536502546689303 0.0542832909245123
7 0.50169779286927 0.39652247667514845 0.6536502546689303 0.05343511450381679
7 0.5008488964346349 0.3290924512298558 0.6553480475382003 0.0542832909245123
9 0.50169779286927 0.16836301950805768 0.20203735144312393 0.09923664122137404
17 0.16468590831918506 0.07251908396946564 0.08828522920203735 0.016115351993214587
8 0.08573853989813243 0.0729431721798134 0.03225806451612903 0.02883799830364716
0 0.5008488964346349 0.5161153519932146 0.99830220713073 0.9677692960135709
