17 0.25 0.53671875 0.19444444444444445 0.0203125
17 0.20370370370370372 0.44088541666666664 0.10370370370370371 0.0203125
17 0.21064814814814817 0.3450520833333333 0.11574074074074074 0.0203125
9 0.28101851851851856 0.1609375 0.1564814814814815 0.09895833333333333
17 0.6 0.165625 0.3944444444444445 0.04895833333333333
17 0.500925925925926 0.9229166666666666 0.5555555555555556 0.020833333333333332
18 0.500925925925926 0.8096354166666666 0.7759259259259259 0.07239583333333333
18 0.500925925925926 0.71171875 0.7759259259259259 0.07239583333333333
7 0.500925925925926 0.5377604166666666 0.7759259259259259 0.06510416666666667
7 0.500462962962963 0.44036458333333334 0.775 0.06510416666666667
7 0.500925925925926 0.3455729166666667 0.7759259259259259 0.06510416666666667
0 0.500462962962963 0.5002604166666667 0.9990740740740741 0.9994791666666667
