17 0.39466666666666667 0.42179802955665024 0.2613333333333333 0.013546798029556651
17 0.40399999999999997 0.3552955665024631 0.27999999999999997 0.013546798029556651
8 0.15333333333333332 0.4236453201970443 0.034666666666666665 0.024630541871921183
8 0.15466666666666667 0.35591133004926107 0.048 0.024630541871921183
9 0.5013333333333333 0.11945812807881774 0.21866666666666665 0.10098522167487685
17 0.19466666666666665 0.22783251231527094 0.21333333333333332 0.027093596059113302
17 0.3293333333333333 0.2697044334975369 0.488 0.012315270935960592
7 0.488 0.3552955665024631 0.8106666666666666 0.07019704433497537
7 0.488 0.4236453201970443 0.8106666666666666 0.06896551724137931
17 0.7426666666666667 0.4870689655172414 0.27999999999999997 0.01600985221674877
18 0.492 0.5714285714285714 0.8133333333333334 0.05665024630541872
9 0.48666666666666664 0.7721674876847291 0.8133333333333334 0.23645320197044334
17 0.3426666666666667 0.9408866995073891 0.344 0.014778325123152709
17 0.6679999999999999 0.9402709359605912 0.2906666666666667 0.01600985221674877
