17 0.176 0.6951970443349754 0.176 0.01600985221674877
17 0.25866666666666666 0.6065270935960592 0.33066666666666666 0.01600985221674877
17 0.18133333333333332 0.5197044334975369 0.18133333333333332 0.014778325123152709
17 0.17866666666666667 0.4316502463054187 0.176 0.01600985221674877
8 0.8293333333333333 0.6958128078817734 0.042666666666666665 0.014778325123152709
9 0.5013333333333333 0.21982758620689655 0.3466666666666667 0.16133004926108374
9 0.508 0.34544334975369456 0.20533333333333334 0.02586206896551724
7 0.48533333333333334 0.44027093596059114 0.7999999999999999 0.0332512315270936
7 0.48533333333333334 0.5283251231527094 0.7999999999999999 0.03201970443349754
7 0.488 0.6157635467980296 0.7999999999999999 0.034482758620689655
7 0.48666666666666664 0.7044334975369458 0.8026666666666666 0.034482758620689655
18 0.5013333333333333 0.8448275862068966 0.7253333333333333 0.0812807881773399
