20 0.5035555555555555 0.02647783251231527 0.8951111111111112 0.01354679802955665
17 0.5004444444444445 0.10324302134646962 0.24177777777777779 0.03407224958949097
17 0.5004444444444445 0.13752052545155993 0.3751111111111111 0.0180623973727422
8 0.152 0.28776683087027916 0.048 0.022167487684729065
17 0.4471111111111111 0.28735632183908044 0.3626666666666667 0.015599343185550082
9 0.1511111111111111 0.37807881773399016 0.04266666666666667 0.019704433497536946
17 0.3577777777777778 0.37623152709359603 0.18222222222222223 0.015188834154351395
8 0.8448888888888889 0.37807881773399016 0.04888888888888889 0.013136288998357963
17 0.28311111111111115 0.44047619047619047 0.30844444444444447 0.0180623973727422
17 0.7328888888888889 0.44027093596059114 0.27644444444444444 0.017651888341543513
5 0.7071111111111111 0.4398604269293924 0.328 0.018472906403940885
18 0.4995555555555556 0.527504105090312 0.8337777777777778 0.0665024630541872
17 0.4951111111111111 0.6149425287356322 0.03911111111111111 0.011494252873563218
18 0.5 0.7023809523809523 0.8346666666666667 0.0665024630541872
18 0.5004444444444445 0.793103448275862 0.8337777777777778 0.0665024630541872
17 0.5004444444444445 0.9174876847290641 0.7733333333333333 0.019704433497536946
7 0.4986666666666667 0.28735632183908044 0.8337777777777778 0.0665024630541872
7 0.4991111111111111 0.37807881773399016 0.8346666666666667 0.0665024630541872
