8 0.10533333333333333 0.03673163418290854 0.04533333333333333 0.019490254872563718
17 0.9253333333333333 0.03523238380809595 0.06933333333333333 0.01649175412293853
13 0.15733333333333333 0.9490254872563718 0.14933333333333332 0.01199400299850075
8 0.9 0.9482758620689655 0.04533333333333333 0.019490254872563718
9 0.5026666666666666 0.1829085457271364 0.296 0.1649175412293853
17 0.5026666666666666 0.3365817091454273 0.41866666666666663 0.037481259370314844
17 0.5 0.38605697151424284 0.8186666666666667 0.019490254872563718
17 0.27599999999999997 0.47976011994003 0.22666666666666666 0.020989505247376312
17 0.5026666666666666 0.5412293853073463 0.6853333333333333 0.06296851574212893
17 0.27199999999999996 0.6724137931034483 0.23466666666666666 0.025487256371814093
17 0.5026666666666666 0.7368815592203898 0.6853333333333333 0.06446776611694152
9 0.8266666666666667 0.47826086956521735 0.07466666666666666 0.041979010494752625
9 0.8266666666666667 0.6746626686656672 0.07466666666666666 0.041979010494752625
2 0.5013333333333333 0.7203898050974512 0.7893333333333333 0.1634182908545727
2 0.504 0.5247376311844077 0.7893333333333333 0.1649175412293853
