17 0.33066666666666666 0.656671664167916 0.1528888888888889 0.022988505747126436
17 0.33066666666666666 0.5729635182408795 0.16 0.013493253373313342
8 0.17733333333333334 0.6559220389805097 0.04533333333333334 0.03548225887056471
8 0.18622222222222223 0.5722138930534733 0.06311111111111112 0.03498250874562719
17 0.5008888888888889 0.2891054472763618 0.28 0.0864567716141929
17 0.7444444444444445 0.7096451774112943 0.26755555555555555 0.020989505247376312
17 0.48444444444444446 0.9675162418790605 0.496 0.020989505247376312
7 0.5004444444444445 0.571464267866067 0.760888888888889 0.06346826586706647
7 0.5004444444444445 0.6554222888555722 0.760888888888889 0.06346826586706647
18 0.5004444444444445 0.8203398300849575 0.760888888888889 0.06346826586706647
0 0.5004444444444445 0.5002498750624688 0.9991111111111112 0.9995002498750625
