17 0.27199999999999996 0.4929187192118227 0.16533333333333333 0.01416256157635468
17 0.23133333333333334 0.37099753694581283 0.092 0.01416256157635468
20 0.5273333333333333 0.029556650246305417 0.8706666666666666 0.017241379310344827
17 0.18533333333333332 0.32235221674876846 0.096 0.01416256157635468
7 0.5006666666666667 0.37099753694581283 0.7346666666666667 0.049876847290640396
7 0.5006666666666667 0.4929187192118227 0.7346666666666667 0.049876847290640396
17 0.22599999999999998 0.4445812807881773 0.17733333333333332 0.014778325123152709
18 0.5013333333333333 0.6234605911330049 0.7333333333333333 0.062192118226600986
17 0.5026666666666666 0.7164408866995075 0.42133333333333334 0.020320197044334975
8 0.302 0.8669950738916257 0.13466666666666666 0.06157635467980296
8 0.502 0.8673029556650247 0.13466666666666666 0.062192118226600986
8 0.702 0.8673029556650247 0.13466666666666666 0.062192118226600986
2 0.5 0.5243226600985221 0.9199999999999999 0.4919950738916256
0 0.5006666666666667 0.500307881773399 0.9986666666666666 0.999384236453202
