17 0.21266666666666667 0.7792353823088456 0.19066666666666665 0.015742128935532233
17 0.19 0.6637931034482758 0.14533333333333334 0.015742128935532233
17 0.16599999999999998 0.5449775112443778 0.09733333333333333 0.01649175412293853
8 0.06933333333333333 0.0697151424287856 0.058666666666666666 0.025487256371814093
9 0.5006666666666667 0.18178410794602698 0.29733333333333334 0.16716641679160418
17 0.5 0.3137181409295352 0.42133333333333334 0.027736131934032984
17 0.4993333333333333 0.3830584707646177 0.6333333333333333 0.06446776611694152
18 0.498 0.896551724137931 0.7746666666666666 0.07646176911544228
7 0.5033333333333333 0.7871064467766117 0.7773333333333333 0.031484257871064465
7 0.5026666666666666 0.6705397301349325 0.7786666666666666 0.029235382308845575
7 0.5026666666666666 0.5535982008995503 0.7786666666666666 0.03373313343328336
