17 0.488 0.41502463054187194 0.19733333333333333 0.017241379310344827
17 0.4453333333333333 0.3183497536945813 0.11733333333333333 0.01847290640394089
8 0.216 0.4187192118226601 0.05333333333333333 0.027093596059113302
8 0.216 0.3183497536945813 0.048 0.02586206896551724
9 0.5013333333333333 0.853448275862069 0.9973333333333333 0.2931034482758621
17 0.5253333333333333 0.09113300492610837 0.416 0.027093596059113302
17 0.5013333333333333 0.14470443349753695 0.528 0.020935960591133004
17 0.5146666666666666 0.2025862068965517 0.18666666666666665 0.023399014778325122
7 0.5 0.31896551724137934 0.7493333333333333 0.06157635467980296
7 0.5 0.41748768472906406 0.7493333333333333 0.06157635467980296
18 0.5 0.5455665024630542 0.38666666666666666 0.059113300492610835
17 0.384 0.6373152709359606 0.48 0.020935960591133004
17 0.7533333333333333 0.6360837438423645 0.22666666666666666 0.01600985221674877
17 0.4093333333333333 0.6742610837438424 0.4933333333333333 0.01600985221674877
17 0.7573333333333333 0.6754926108374384 0.17066666666666666 0.020935960591133004
0 0.5013333333333333 0.500615763546798 0.9973333333333333 0.9987684729064039
