17 0.2884259259259259 0.6317708333333333 0.23425925925925928 0.02395833333333333
17 0.2902777777777778 0.5096354166666667 0.24722222222222223 0.024479166666666666
17 0.2962962962962963 0.38671875 0.2574074074074074 0.024479166666666666
8 0.10231481481481482 0.05260416666666667 0.05462962962962963 0.021875
9 0.28101851851851856 0.1609375 0.1564814814814815 0.09895833333333333
17 0.5995370370370371 0.16536458333333334 0.39537037037037037 0.0484375
7 0.500462962962963 0.38645833333333335 0.850925925925926 0.09791666666666667
7 0.500462962962963 0.5088541666666666 0.850925925925926 0.09791666666666667
7 0.500462962962963 0.63125 0.850925925925926 0.09791666666666667
18 0.500462962962963 0.8 0.850925925925926 0.09791666666666667
17 0.5 0.9471354166666667 0.4240740740740741 0.0203125
0 0.500462962962963 0.5002604166666667 0.9990740740740741 0.9994791666666667
