17 0.3072916666666667 0.4912109375 0.18819444444444444 0.014453125
17 0.3072916666666667 0.37324218750000004 0.18819444444444444 0.014453125
17 0.2642361111111111 0.25527343750000003 0.10208333333333333 0.014453125
8 0.1423611111111111 0.529296875 0.05277777777777778 0.03359375
8 0.13541666666666669 0.412109375 0.05555555555555556 0.03125
8 0.13680555555555557 0.294921875 0.05277777777777778 0.021875000000000002
17 0.23333333333333334 0.0921875 0.25833333333333336 0.0421875
17 0.5954861111111112 0.09296875 0.19791666666666669 0.041406250000000006
7 0.5003472222222223 0.290234375 0.8604166666666667 0.084375
7 0.5003472222222223 0.408203125 0.8604166666666667 0.084375
7 0.5003472222222223 0.5261718750000001 0.8604166666666667 0.084375
17 0.5024305555555556 0.630859375 0.8298611111111112 0.022656250000000003
18 0.5003472222222223 0.7240234375000001 0.8604166666666667 0.06992187500000001
18 0.5003472222222223 0.8185546875 0.8604166666666667 0.06992187500000001
