17 0.3875 0.3494224422442244 0.09999999999999999 0.015676567656765675
17 0.4276785714285714 0.4113036303630363 0.17678571428571427 0.015676567656765675
8 0.23660714285714285 0.34983498349834985 0.055357142857142855 0.019801980198019802
8 0.23660714285714285 0.4113036303630363 0.04107142857142857 0.02392739273927393
8 0.7678571428571428 0.4113036303630363 0.05357142857142857 0.014026402640264026
20 0.5089285714285714 0.028052805280528052 0.8464285714285714 0.0165016501650165
17 0.16785714285714284 0.08745874587458746 0.08928571428571429 0.01485148514851485
8 0.08928571428571429 0.08704620462046204 0.03214285714285714 0.027227722772277228
9 0.5044642857142857 0.19265676567656767 0.2017857142857143 0.09158415841584158
17 0.6776785714285714 0.45957095709570955 0.3053571428571428 0.018151815181518153
7 0.5053571428571428 0.3494224422442244 0.6535714285714286 0.05033003300330033
7 0.5053571428571428 0.4113036303630363 0.6535714285714286 0.05033003300330033
18 0.5044642857142857 0.5144389438943895 0.6517857142857143 0.05033003300330033
17 0.5035714285714286 0.596947194719472 0.05714285714285714 0.015676567656765675
17 0.5035714285714286 0.8184818481848185 0.20357142857142857 0.019801980198019802
17 0.5035714285714286 0.9166666666666666 0.7964285714285714 0.037953795379537955
8 0.26607142857142857 0.6914191419141914 0.175 0.08085808580858087
8 0.5035714285714286 0.6914191419141914 0.175 0.08085808580858087
9 0.7410714285714286 0.6914191419141914 0.175 0.08085808580858087
0 0.5008928571428571 0.5004125412541254 0.9982142857142857 0.9991749174917491
