20 0.5271111111111111 0.02914614121510673 0.8711111111111112 0.016420361247947456
8 0.0928888888888889 0.08394909688013136 0.027555555555555555 0.02257799671592775
9 0.5 0.194376026272578 0.2888888888888889 0.13341543513957307
17 0.5013333333333334 0.409688013136289 0.6862222222222223 0.11330049261083744
17 0.5008888888888889 0.5334564860426929 0.7048888888888889 0.04064039408866995
13 0.5004444444444445 0.6319786535303776 0.15466666666666667 0.01354679802955665
18 0.5017777777777778 0.7305008210180624 0.8435555555555556 0.05952380952380952
18 0.5017777777777778 0.8078817733990148 0.8435555555555556 0.059934318555008206
18 0.5017777777777778 0.8854679802955665 0.8435555555555556 0.059934318555008206
0 0.5004444444444445 0.5002052545155993 0.9991111111111112 0.9995894909688012
