17 0.15733333333333335 0.3873152709359606 0.13155555555555556 0.009441707717569785
17 0.1248888888888889 0.2822249589490969 0.07022222222222223 0.009441707717569785
20 0.5275555555555556 0.029556650246305417 0.8684444444444445 0.016420361247947456
17 0.8724444444444445 0.09154351395730706 0.168 0.022167487684729065
17 0.18133333333333335 0.16995073891625614 0.26311111111111113 0.0451559934318555
17 0.09333333333333334 0.23522167487684728 0.096 0.011494252873563218
17 0.13644444444444445 0.3423645320197044 0.18222222222222223 0.011494252873563218
17 0.17866666666666667 0.45176518883415434 0.26666666666666666 0.016009852216748766
8 0.07288888888888889 0.08908045977011494 0.03377777777777778 0.0270935960591133
7 0.5004444444444445 0.2822249589490969 0.9155555555555556 0.05952380952380952
7 0.5004444444444445 0.3869047619047619 0.9155555555555556 0.05952380952380952
18 0.5004444444444445 0.5925697865353038 0.9155555555555556 0.05952380952380952
