17 0.3186666666666667 0.5769704433497537 0.1768888888888889 0.014367816091954023
17 0.2777777777777778 0.48850574712643674 0.09511111111111112 0.014778325123152709
8 0.16 0.5777914614121511 0.03377777777777778 0.020114942528735632
8 0.16044444444444445 0.48768472906403937 0.04 0.013957307060755337
9 0.4875555555555556 0.299671592775041 0.9733333333333334 0.2619047619047619
20 0.5271111111111111 0.02914614121510673 0.8693333333333334 0.016420361247947456
8 0.09244444444444445 0.08394909688013136 0.02666666666666667 0.02257799671592775
7 0.5004444444444445 0.48788998357963875 0.8195555555555556 0.06444991789819376
7 0.5004444444444445 0.576559934318555 0.8195555555555556 0.06444991789819376
18 0.5004444444444445 0.6923234811165846 0.8142222222222223 0.06198686371100164
18 0.5004444444444445 0.8522167487684729 0.8142222222222223 0.06239737274220033
0 0.5004444444444445 0.5002052545155993 0.9991111111111112 0.9995894909688012
