17 0.31527777777777777 0.65390625 0.39722222222222225 0.0171875
17 0.2215277777777778 0.5609375 0.20972222222222223 0.0171875
17 0.21875 0.468359375 0.20694444444444446 0.017968750000000002
17 0.1701388888888889 0.37226562500000004 0.10972222222222222 0.017968750000000002
20 0.5006944444444444 0.019921875000000002 0.9986111111111111 0.03828125
8 0.9194444444444445 0.07421875 0.04166666666666667 0.0234375
17 0.2715277777777778 0.16171875000000002 0.3180555555555556 0.040625
7 0.5020833333333333 0.3828125 0.7791666666666667 0.0390625
7 0.5020833333333333 0.47734375 0.7791666666666667 0.035937500000000004
7 0.5020833333333333 0.570703125 0.7791666666666667 0.03671875
7 0.5020833333333333 0.66328125 0.7791666666666667 0.035937500000000004
18 0.5006944444444444 0.83515625 0.7791666666666667 0.078125
17 0.5083333333333333 0.931640625 0.5777777777777778 0.022656250000000003
