17 0.3608888888888889 0.5268883415435139 0.25422222222222224 0.011904761904761904
17 0.30133333333333334 0.43185550082101803 0.1368888888888889 0.01231527093596059
17 0.30933333333333335 0.3435960591133005 0.1528888888888889 0.011494252873563218
9 0.164 0.5266830870279146 0.04533333333333334 0.02134646962233169
8 0.16444444444444445 0.43555008210180624 0.04622222222222223 0.02134646962233169
8 0.164 0.3460591133004926 0.04177777777777778 0.019704433497536946
7 0.5017777777777778 0.5260673234811166 0.8008888888888889 0.06198686371100164
7 0.5017777777777778 0.4349343185550082 0.8008888888888889 0.06198686371100164
7 0.5017777777777778 0.3438013136288998 0.8008888888888889 0.06198686371100164
8 0.060888888888888895 0.0812807881773399 0.034666666666666665 0.026272577996715927
17 0.4613333333333334 0.19170771756978652 0.5546666666666666 0.028735632183908046
17 0.3586666666666667 0.2344006568144499 0.35111111111111115 0.01888341543513957
8 0.8346666666666667 0.8706896551724138 0.13511111111111113 0.06239737274220033
8 0.11377777777777778 0.8914203612479474 0.02488888888888889 0.020114942528735632
8 0.22977777777777778 0.8914203612479474 0.043555555555555556 0.020114942528735632
17 0.30088888888888893 0.8495484400656814 0.4008888888888889 0.015188834154351395
