8 0.08355555555555556 0.07071464267866066 0.03911111111111111 0.022488755622188904
17 0.6782222222222223 0.17741129435282357 0.2595555555555556 0.04897551224387806
17 0.24755555555555556 0.17766116941529234 0.29244444444444445 0.047476261869065464
17 0.2128888888888889 0.42828585707146427 0.09333333333333334 0.018990504747626185
7 0.5791111111111111 0.44252873563218387 0.8417777777777778 0.046476761619190406
7 0.5791111111111111 0.576711644177911 0.8417777777777778 0.047976011994003
8 0.9231111111111111 0.5624687656171914 0.04888888888888889 0.018490754622688656
17 0.25022222222222223 0.5669665167416291 0.17155555555555557 0.017491254372813594
5 0.41333333333333333 0.6941529235382309 0.4995555555555556 0.038980509745127435
17 0.46844444444444444 0.696151924037981 0.38933333333333336 0.019990004997501247
18 0.552 0.808095952023988 0.896 0.07496251874062969
17 0.4995555555555556 0.9340329835082458 0.6008888888888889 0.022988505747126436
