17 0.3448888888888889 0.6498357963875205 0.25422222222222224 0.019704433497536946
17 0.35155555555555557 0.5607553366174056 0.26933333333333337 0.01888341543513957
8 0.11244444444444444 0.6500410509031198 0.04 0.02586206896551724
8 0.11377777777777778 0.5599343185550082 0.04622222222222223 0.026272577996715927
7 0.5004444444444445 0.6568144499178982 0.8195555555555556 0.03940886699507389
7 0.5 0.5667077175697866 0.8204444444444445 0.04064039408866995
17 0.34711111111111115 0.15537766830870278 0.2906666666666667 0.03160919540229885
9 0.5017777777777778 0.4386288998357964 0.1768888888888889 0.08169129720853859
17 0.7426666666666667 0.7183908045977011 0.33333333333333337 0.017241379310344827
18 0.5004444444444445 0.8117816091954023 0.8195555555555556 0.069376026272578
17 0.5022222222222222 0.9603858784893268 0.5813333333333334 0.017651888341543513
