17 0.40844444444444444 0.4486863711001642 0.25333333333333335 0.01231527093596059
17 0.41911111111111116 0.38382594417077176 0.27466666666666667 0.011494252873563218
8 0.17733333333333334 0.4490968801313629 0.03288888888888889 0.022988505747126436
8 0.17644444444444446 0.3840311986863711 0.04533333333333334 0.023399014778325122
9 0.43644444444444447 0.14285714285714285 0.648888888888889 0.03776683087027914
17 0.7524444444444445 0.5125205254515599 0.27644444444444444 0.014367816091954023
17 0.21822222222222223 0.2602627257799672 0.2088888888888889 0.02463054187192118
17 0.3453333333333333 0.30151888341543515 0.47200000000000003 0.010262725779967159
18 0.5026666666666667 0.5931855500821018 0.7884444444444445 0.0541871921182266
9 0.5 0.7877668308702791 0.7884444444444445 0.22742200328407225
17 0.36533333333333334 0.9529967159277504 0.3413333333333334 0.011904761904761904
17 0.6933333333333334 0.9517651888341543 0.2951111111111111 0.014367816091954023
7 0.4995555555555556 0.3840311986863711 0.7822222222222223 0.06609195402298851
7 0.4995555555555556 0.44950738916256155 0.7822222222222223 0.06568144499178982
