17 0.44133333333333336 0.6529146141215106 0.4168888888888889 0.02832512315270936
17 0.38133333333333336 0.55623973727422 0.2968888888888889 0.022988505747126436
8 0.1608888888888889 0.6504515599343186 0.04977777777777778 0.03078817733990148
8 0.1608888888888889 0.5584975369458128 0.05511111111111111 0.020935960591133004
7 0.5004444444444445 0.6600985221674877 0.7342222222222222 0.05008210180623974
7 0.5013333333333334 0.5683497536945813 0.736 0.04720853858784893
9 0.2888888888888889 0.18513957307060755 0.3324444444444445 0.1535303776683087
17 0.7684444444444445 0.07286535303776683 0.19111111111111112 0.02914614121510673
17 0.45955555555555555 0.4164614121510673 0.664888888888889 0.10796387520525451
18 0.5004444444444445 0.7963875205254516 0.7342222222222222 0.06568144499178982
17 0.3204444444444445 0.8922413793103448 0.32266666666666666 0.02257799671592775
8 0.616 0.8903940886699507 0.14044444444444446 0.06486042692939245
8 0.7973333333333333 0.8903940886699507 0.14044444444444446 0.06486042692939245
