20 0.5266666666666667 0.02914614121510673 0.8702222222222222 0.016420361247947456
8 0.09244444444444445 0.0841543513957307 0.02666666666666667 0.022167487684729065
9 0.5004444444444445 0.20792282430213463 0.28800000000000003 0.1325944170771757
17 0.5017777777777778 0.3667898193760263 0.6728888888888889 0.07758620689655173
17 0.27022222222222225 0.547824302134647 0.10666666666666667 0.01683087027914614
8 0.16044444444444445 0.5480295566502463 0.04 0.013957307060755337
8 0.16 0.6270525451559934 0.03377777777777778 0.020114942528735632
17 0.316 0.6278735632183908 0.19822222222222224 0.01683087027914614
5 0.272 0.7526683087027914 0.3591111111111111 0.02832512315270936
17 0.7435555555555556 0.7545155993431856 0.32622222222222225 0.01888341543513957
17 0.3146666666666667 0.7532840722495895 0.272 0.014778325123152709
7 0.5004444444444445 0.6282840722495895 0.8124444444444445 0.05459770114942528
7 0.5004444444444445 0.5482348111658456 0.8124444444444445 0.05459770114942528
0 0.5004444444444445 0.5002052545155993 0.9991111111111112 0.9995894909688012
