17 0.42444444444444446 0.6280788177339901 0.22844444444444445 0.01888341543513957
17 0.42444444444444446 0.5652709359605911 0.2408888888888889 0.01888341543513957
8 0.19733333333333333 0.6293103448275862 0.03911111111111111 0.020525451559934318
8 0.19733333333333333 0.5605500821018062 0.035555555555555556 0.02257799671592775
7 0.528888888888889 0.6332101806239737 0.7466666666666667 0.029967159277504103
7 0.5293333333333333 0.5681444991789819 0.7475555555555556 0.03858784893267652
17 0.34711111111111115 0.15517241379310345 0.2906666666666667 0.031198686371100164
9 0.5017777777777778 0.4386288998357964 0.1768888888888889 0.08169129720853859
17 0.6897777777777778 0.7276272577996715 0.2862222222222222 0.015188834154351395
17 0.5022222222222222 0.9603858784893268 0.5813333333333334 0.017651888341543513
18 0.5004444444444445 0.8179392446633825 0.7982222222222223 0.07430213464696223
