17 0.2346666666666667 0.494047619047619 0.18844444444444444 0.01683087027914614
17 0.19822222222222224 0.4061986863711001 0.10666666666666667 0.01683087027914614
20 0.5271111111111111 0.029351395730706074 0.8693333333333334 0.016009852216748766
8 0.09244444444444445 0.0841543513957307 0.02666666666666667 0.022167487684729065
17 0.4168888888888889 0.18411330049261082 0.6382222222222222 0.032430213464696225
17 0.36933333333333335 0.24076354679802955 0.5431111111111111 0.020114942528735632
17 0.6742222222222223 0.5601395730706076 0.456 0.01929392446633826
7 0.5017777777777778 0.40660919540229884 0.8115555555555556 0.06198686371100164
7 0.5017777777777778 0.4944581280788177 0.8115555555555556 0.06198686371100164
18 0.5017777777777778 0.660303776683087 0.8115555555555556 0.06198686371100164
17 0.5008888888888889 0.7497947454844006 0.6266666666666667 0.01929392446633826
18 0.3 0.8830049261083743 0.41155555555555556 0.0632183908045977
18 0.7048888888888889 0.8830049261083743 0.4088888888888889 0.0632183908045977
0 0.5004444444444445 0.5002052545155993 0.9991111111111112 0.9995894909688012
