17 0.22133333333333333 0.7586206896551724 0.2613333333333333 0.017241379310344827
17 0.16933333333333334 0.6613300492610837 0.152 0.019704433497536946
17 0.19466666666666665 0.562192118226601 0.208 0.01847290640394089
17 0.23066666666666666 0.46366995073891626 0.2693333333333333 0.01847290640394089
17 0.204 0.3669950738916256 0.22133333333333333 0.017241379310344827
17 0.20533333333333334 0.2666256157635468 0.224 0.01847290640394089
20 0.5146666666666666 0.017857142857142856 0.88 0.020935960591133004
9 0.5013333333333333 0.0979064039408867 0.21333333333333332 0.09729064039408868
17 0.504 0.18657635467980296 0.26666666666666666 0.020935960591133004
7 0.536 0.2789408866995074 0.896 0.04064039408866995
7 0.536 0.3774630541871921 0.896 0.04064039408866995
7 0.536 0.47536945812807885 0.896 0.04187192118226601
7 0.536 0.5738916256157636 0.896 0.04187192118226601
7 0.5386666666666666 0.6724137931034483 0.896 0.04187192118226601
7 0.5373333333333333 0.770935960591133 0.8986666666666666 0.04187192118226601
18 0.5026666666666666 0.8768472906403941 0.8293333333333333 0.07635467980295567
