17 0.1488888888888889 0.6163793103448275 0.15022222222222223 0.012725779967159278
17 0.20577777777777778 0.5116995073891626 0.26222222222222225 0.012725779967159278
8 0.8902222222222222 0.618431855500821 0.04888888888888889 0.015188834154351395
20 0.5271111111111111 0.028735632183908046 0.8693333333333334 0.014778325123152709
17 0.25866666666666666 0.3873152709359606 0.3626666666666667 0.05459770114942528
7 0.5 0.5207307060755336 0.8524444444444444 0.03078817733990148
7 0.5013333333333334 0.6254105090311987 0.8551111111111112 0.03078817733990148
18 0.7711111111111112 0.7354269293924466 0.3155555555555556 0.05213464696223317
17 0.4977777777777778 0.8228653530377668 0.22933333333333333 0.017651888341543513
8 0.6031111111111112 0.8799261083743842 0.12355555555555556 0.057060755336617405
8 0.4 0.8799261083743842 0.12266666666666667 0.057060755336617405
17 0.508 0.9558702791461412 0.3297777777777778 0.018472906403940885
0 0.5004444444444445 0.5002052545155993 0.9991111111111112 0.9995894909688012
