17 0.24791666666666667 0.535 0.15583333333333335 0.018000000000000002
17 0.21041666666666667 0.4495 0.08750000000000001 0.019
17 0.16291666666666668 0.0855 0.07916666666666668 0.019
8 0.07916666666666668 0.0855 0.03666666666666667 0.036000000000000004
9 0.46375000000000005 0.2735 0.24250000000000002 0.14100000000000001
7 0.5120833333333333 0.4575 0.7008333333333334 0.035
7 0.5116666666666667 0.54225 0.7016666666666667 0.0325
18 0.47250000000000003 0.66925 0.39333333333333337 0.0775
18 0.47250000000000003 0.761 0.39333333333333337 0.078
17 0.49083333333333334 0.85 0.5283333333333333 0.024
0 0.5004166666666667 0.50025 0.9991666666666668 0.9995
