17 0.18133333333333332 0.669415292353823 0.16533333333333333 0.019490254872563718
17 0.14533333333333334 0.5494752623688156 0.09333333333333332 0.019490254872563718
17 0.19733333333333333 0.424287856071964 0.192 0.017991004497751123
17 0.768 0.22113943028485755 0.26666666666666666 0.046476761619190406
17 0.8613333333333333 0.6701649175412293 0.096 0.017991004497751123
17 0.5 0.9557721139430284 0.6533333333333333 0.02848575712143928
7 0.504 0.4332833583208396 0.8213333333333334 0.035982008995502246
7 0.5013333333333333 0.5569715142428785 0.8213333333333334 0.034482758620689655
7 0.5026666666666666 0.6791604197901049 0.8186666666666667 0.041979010494752625
18 0.5026666666666666 0.7796101949025487 0.9093333333333333 0.07796101949025487
