17 0.31851851851851853 0.4713541666666667 0.19074074074074074 0.019791666666666666
17 0.2763888888888889 0.3580729166666667 0.10648148148148148 0.0203125
8 0.1587962962962963 0.46588541666666666 0.05092592592592593 0.03802083333333333
8 0.1587962962962963 0.35859375 0.05092592592592593 0.0203125
17 0.2240740740740741 0.26510416666666664 0.17592592592592593 0.03229166666666666
7 0.49722222222222223 0.37057291666666664 0.7314814814814815 0.0453125
7 0.49722222222222223 0.4765625 0.7314814814814815 0.06041666666666667
17 0.7050925925925926 0.5541666666666667 0.3231481481481482 0.021875
18 0.500462962962963 0.6484375 0.712037037037037 0.07916666666666666
17 0.4990740740740741 0.7375 0.4166666666666667 0.017708333333333333
17 0.4916666666666667 0.8046875 0.040740740740740744 0.015625
8 0.2828703703703704 0.89296875 0.16018518518518518 0.09010416666666667
8 0.49583333333333335 0.89296875 0.16018518518518518 0.09010416666666667
8 0.7097222222222223 0.89296875 0.16018518518518518 0.09010416666666667
