17 0.20440251572327045 0.33280757097791797 0.18553459119496857 0.017350157728706624
17 0.1627358490566038 0.2192429022082019 0.10534591194968554 0.012618296529968454
8 0.8624213836477987 0.333596214511041 0.055031446540880505 0.02365930599369085
20 0.5007861635220126 0.021293375394321766 0.9984276729559749 0.04100946372239748
17 0.5015723270440252 0.15812302839116718 0.3427672955974843 0.027602523659305992
7 0.5 0.24487381703470032 0.8427672955974843 0.062302839116719244
7 0.5007861635220126 0.3312302839116719 0.8411949685534592 0.0583596214511041
18 0.5015723270440252 0.4305993690851735 0.32389937106918243 0.05993690851735015
17 0.39544025157232704 0.49369085173501576 0.2940251572327044 0.017350157728706624
17 0.6517295597484277 0.49369085173501576 0.2028301886792453 0.017350157728706624
9 0.5110062893081762 0.8434542586750788 0.8459119496855346 0.3099369085173502
