17 0.328 0.6052955665024631 0.29866666666666664 0.01600985221674877
17 0.296 0.5166256157635468 0.24 0.01600985221674877
9 0.5013333333333333 0.20504926108374386 0.21866666666666665 0.1022167487684729
17 0.41866666666666663 0.37192118226600984 0.5973333333333333 0.029556650246305417
17 0.33466666666666667 0.4144088669950739 0.42933333333333334 0.023399014778325122
7 0.5 0.5178571428571429 0.7866666666666666 0.0603448275862069
7 0.5 0.6065270935960592 0.7866666666666666 0.0603448275862069
17 0.7493333333333333 0.6705665024630542 0.2826666666666667 0.01600985221674877
18 0.35333333333333333 0.7487684729064039 0.488 0.059113300492610835
17 0.7466666666666666 0.750615763546798 0.15466666666666667 0.020935960591133004
17 0.48933333333333334 0.8183497536945813 0.04 0.013546798029556651
18 0.5 0.8854679802955665 0.7866666666666666 0.059113300492610835
