17 0.34222222222222226 0.5404351395730705 0.19911111111111113 0.01683087027914614
17 0.35511111111111116 0.44848111658456485 0.2248888888888889 0.01683087027914614
20 0.528 0.02894088669950739 0.8711111111111112 0.016009852216748766
8 0.1448888888888889 0.44848111658456485 0.10133333333333334 0.04720853858784893
8 0.14444444444444446 0.5420771756978653 0.10222222222222223 0.04720853858784893
8 0.3097777777777778 0.8204022988505747 0.10755555555555556 0.04967159277504105
8 0.5017777777777778 0.8204022988505747 0.10755555555555556 0.04967159277504105
8 0.6937777777777778 0.8201970443349753 0.10755555555555556 0.05008210180623974
17 0.5031111111111112 0.9261083743842364 0.5848888888888889 0.0180623973727422
17 0.7435555555555556 0.6344417077175698 0.4311111111111111 0.018472906403940885
18 0.5004444444444445 0.7231116584564861 0.6008888888888889 0.06198686371100164
7 0.5737777777777778 0.45894909688013136 0.68 0.03694581280788177
7 0.5737777777777778 0.5496715927750411 0.68 0.034482758620689655
9 0.5004444444444445 0.20032840722495895 0.9991111111111112 0.39983579638752054
