20 0.5177777777777778 0.028530377668308703 0.8524444444444444 0.015188834154351395
9 0.5004444444444445 0.10940065681444991 0.9991111111111112 0.21798029556650245
17 0.5608888888888889 0.10303776683087028 0.3626666666666667 0.046798029556650245
9 0.5008888888888889 0.23316912972085385 0.35111111111111115 0.16338259441707717
17 0.2608888888888889 0.33374384236453203 0.19644444444444445 0.011494252873563218
7 0.5004444444444445 0.37192118226600984 0.6808888888888889 0.052545155993431854
17 0.2853333333333333 0.3717159277504105 0.14755555555555555 0.010262725779967159
17 0.2595555555555556 0.438423645320197 0.192 0.011494252873563218
7 0.5004444444444445 0.4778325123152709 0.6808888888888889 0.052545155993431854
17 0.28400000000000003 0.4778325123152709 0.14133333333333334 0.009852216748768473
17 0.2591111111111111 0.5381773399014779 0.19111111111111112 0.011494252873563218
7 0.5004444444444445 0.5775862068965517 0.6808888888888889 0.052545155993431854
17 0.2848888888888889 0.577175697865353 0.13955555555555557 0.009852216748768473
17 0.4226666666666667 0.6260262725779967 0.4222222222222222 0.01231527093596059
5 0.39733333333333337 0.6258210180623973 0.4728888888888889 0.015188834154351395
18 0.5004444444444445 0.6927339901477833 0.6808888888888889 0.05870279146141215
17 0.5017777777777778 0.7814039408866995 0.2817777777777778 0.009441707717569785
18 0.3231111111111111 0.8325123152709359 0.32622222222222225 0.052545155993431854
18 0.6777777777777778 0.8325123152709359 0.32622222222222225 0.052545155993431854
17 0.5017777777777778 0.9039408866995073 0.3066666666666667 0.013136288998357963
