9 0.5022573363431151 0.14739517153748413 0.3182844243792325 0.1804320203303685
17 0.17607223476297967 0.3189326556543837 0.15801354401805867 0.035578144853875476
8 0.8498871331828441 0.4174078780177891 0.05191873589164785 0.029224904701397714
17 0.3261851015801354 0.4174078780177891 0.3860045146726862 0.024142312579415504
8 0.8498871331828441 0.5285895806861499 0.05191873589164785 0.03811944091486658
17 0.23814898419864558 0.5292249047013977 0.20090293453724603 0.021601016518424398
17 0.7607223476297967 0.6207115628970775 0.3115124153498871 0.021601016518424398
17 0.28442437923250563 0.6188055908513342 0.25733634311512416 0.017789072426937738
18 0.5011286681715575 0.750317662007624 0.8397291196388261 0.08513341804320204
5 0.24717832957110608 0.6175349428208387 0.3318284424379232 0.030495552731893267
17 0.5011286681715575 0.8265565438373571 0.06320541760722347 0.021601016518424398
8 0.3318284424379232 0.8951715374841169 0.1218961625282167 0.0698856416772554
8 0.5011286681715575 0.8951715374841169 0.1218961625282167 0.0698856416772554
8 0.6704288939051918 0.8951715374841169 0.1218961625282167 0.0698856416772554
7 0.49999999999999994 0.5285895806861499 0.837471783295711 0.08386277001270648
7 0.5022573363431151 0.4174078780177891 0.837471783295711 0.08513341804320204
