17 0.29866666666666664 0.5369458128078818 0.176 0.014778325123152709
17 0.364 0.4538177339901478 0.30666666666666664 0.013546798029556651
8 0.16133333333333333 0.4538177339901478 0.04533333333333333 0.020935960591133004
8 0.16133333333333333 0.5375615763546798 0.04 0.020935960591133004
9 0.5013333333333333 0.18780788177339902 0.21866666666666665 0.10467980295566502
17 0.20266666666666666 0.35960591133004927 0.16 0.027093596059113302
7 0.5013333333333333 0.46490147783251234 0.7999999999999999 0.04310344827586207
7 0.504 0.5486453201970444 0.7999999999999999 0.04310344827586207
17 0.716 0.6071428571428571 0.328 0.019704433497536946
18 0.504 0.6927339901477833 0.7999999999999999 0.06527093596059114
8 0.3893333333333333 0.8238916256157636 0.032 0.029556650246305417
8 0.488 0.8251231527093597 0.058666666666666666 0.024630541871921183
8 0.6013333333333333 0.8257389162561577 0.056 0.020935960591133004
17 0.3933333333333333 0.9285714285714286 0.41866666666666663 0.014778325123152709
17 0.7173333333333333 0.9285714285714286 0.208 0.014778325123152709
