17 0.31377777777777777 0.4720139930034982 0.16355555555555557 0.01649175412293853
17 0.27555555555555555 0.3658170914542728 0.08711111111111111 0.01699150424787606
8 0.17644444444444446 0.4695152423788106 0.034666666666666665 0.02448775612193903
8 0.17644444444444446 0.36606696651674164 0.043555555555555556 0.019490254872563718
17 0.7062222222222223 0.19565217391304346 0.12177777777777779 0.023488255872063966
7 0.5017777777777778 0.47101449275362317 0.7742222222222223 0.07546226886556721
7 0.5017777777777778 0.36606696651674164 0.7742222222222223 0.07546226886556721
8 0.08355555555555556 0.07096451774112943 0.048 0.022988505747126436
17 0.42044444444444445 0.19590204897551225 0.3537777777777778 0.03698150924537731
18 0.5017777777777778 0.6359320339830085 0.7742222222222223 0.07546226886556721
17 0.5035555555555555 0.7436281859070465 0.33333333333333337 0.021989005497251374
17 0.5035555555555555 0.8315842078960519 0.05422222222222223 0.017991004497751123
8 0.28311111111111115 0.9025487256371814 0.10755555555555556 0.060969515242378806
8 0.5017777777777778 0.9025487256371814 0.10755555555555556 0.060969515242378806
8 0.7204444444444444 0.9027986006996501 0.10755555555555556 0.06046976511744128
0 0.5004444444444445 0.5002498750624688 0.9991111111111112 0.9995002498750625
