17 0.328125 0.8217429577464789 0.178125 0.01672535211267606
17 0.29296875 0.7222711267605634 0.1046875 0.018485915492957746
17 0.3453125 0.6236795774647887 0.209375 0.01672535211267606
8 0.19765625 0.6241197183098591 0.045312500000000006 0.02640845070422535
8 0.19687500000000002 0.7231514084507042 0.046875 0.02200704225352113
8 0.19687500000000002 0.8195422535211268 0.040625 0.03169014084507042
17 0.70234375 0.551056338028169 0.1921875 0.022887323943661973
17 0.49375 0.5523767605633803 0.053125000000000006 0.01672535211267606
17 0.2828125 0.551056338028169 0.178125 0.022887323943661973
7 0.50234375 0.6254401408450705 0.7421875 0.06778169014084508
7 0.50234375 0.7240316901408451 0.7421875 0.06778169014084508
7 0.50234375 0.8204225352112676 0.7421875 0.06866197183098592
18 0.5 0.920774647887324 0.7406250000000001 0.06866197183098592
9 0.49375 0.26672535211267606 0.6625000000000001 0.31866197183098594
