17 0.33066666666666666 0.656671664167916 0.1528888888888889 0.021989005497251374
17 0.36444444444444446 0.5707146426786607 0.22755555555555557 0.017991004497751123
17 0.33111111111111113 0.4890054972513743 0.15911111111111112 0.013493253373313342
8 0.17777777777777778 0.6559220389805097 0.04622222222222223 0.03548225887056471
8 0.1831111111111111 0.571464267866067 0.06222222222222223 0.02448775612193903
8 0.18622222222222223 0.4880059970014992 0.06311111111111112 0.03548225887056471
17 0.5008888888888889 0.2893553223388306 0.28 0.08695652173913043
8 0.09422222222222222 0.05747126436781609 0.037333333333333336 0.03398300849575212
18 0.5004444444444445 0.8203398300849575 0.760888888888889 0.06346826586706647
17 0.48400000000000004 0.9675162418790605 0.4951111111111111 0.020989505247376312
7 0.5004444444444445 0.4875062468765617 0.760888888888889 0.06346826586706647
7 0.5004444444444445 0.571464267866067 0.760888888888889 0.06346826586706647
7 0.5004444444444445 0.6554222888555722 0.760888888888889 0.06346826586706647
0 0.5004444444444445 0.5002498750624688 0.9991111111111112 0.9995002498750625
