17 0.4355555555555556 0.7485632183908045 0.25422222222222224 0.01929392446633826
17 0.3795555555555556 0.6584564860426929 0.14222222222222222 0.019704433497536946
17 0.44222222222222224 0.569376026272578 0.26755555555555555 0.01888341543513957
8 0.19866666666666669 0.7477422003284072 0.04 0.02504105090311987
8 0.19866666666666669 0.6578407224958949 0.05066666666666667 0.017651888341543513
8 0.19644444444444445 0.5673234811165846 0.04622222222222223 0.026272577996715927
7 0.5684444444444444 0.7534893267651888 0.8364444444444444 0.037356321839080456
7 0.5680000000000001 0.6639983579638752 0.8373333333333334 0.03078817733990148
7 0.5693333333333334 0.5724548440065681 0.8382222222222223 0.036535303776683084
17 0.34711111111111115 0.15537766830870278 0.2906666666666667 0.03160919540229885
9 0.5017777777777778 0.42631362889983576 0.1768888888888889 0.08169129720853859
18 0.7413333333333334 0.8739737274220033 0.5173333333333333 0.06814449917898194
17 0.4688888888888889 0.9603858784893268 0.5217777777777778 0.017651888341543513
