17 0.18866666666666665 0.7080209895052474 0.19866666666666666 0.018740629685157422
17 0.21533333333333332 0.6293103448275862 0.24933333333333332 0.021739130434782608
17 0.176 0.547976011994003 0.17066666666666666 0.022488755622188904
17 0.3193333333333333 0.46739130434782605 0.21733333333333332 0.018740629685157422
17 0.17666666666666667 0.38605697151424284 0.172 0.017991004497751123
17 0.15266666666666667 0.3047226386806597 0.124 0.017241379310344827
8 0.9086666666666666 0.5483508245877061 0.04666666666666666 0.015742128935532233
7 0.5113333333333333 0.558095952023988 0.8413333333333333 0.04272863568215892
17 0.5006666666666667 0.06296851574212893 0.23066666666666666 0.022488755622188904
8 0.08466666666666667 0.06184407796101949 0.08933333333333333 0.03523238380809595
17 0.238 0.2035232383808096 0.32666666666666666 0.0457271364317841
17 0.578 0.20727136431784107 0.20133333333333334 0.03523238380809595
15 0.5113333333333333 0.558095952023988 0.8413333333333333 0.04272863568215892
7 0.5113333333333333 0.31784107946026985 0.8413333333333333 0.043478260869565216
7 0.5113333333333333 0.39730134932533734 0.8413333333333333 0.041979010494752625
7 0.5113333333333333 0.4745127436281859 0.8413333333333333 0.05247376311844078
7 0.5113333333333333 0.6398050974512743 0.8413333333333333 0.04422788605697151
7 0.5106666666666666 0.7192653673163418 0.8426666666666667 0.04272863568215892
17 0.7346666666666667 0.7991004497751124 0.224 0.029985007496251874
8 0.896 0.7987256371814093 0.072 0.029235382308845575
