17 0.17822222222222223 0.396551724137931 0.18933333333333335 0.014778325123152709
17 0.18622222222222223 0.3238916256157635 0.20177777777777778 0.017241379310344827
8 0.8933333333333334 0.3973727422003284 0.060444444444444446 0.016420361247947456
17 0.35155555555555557 0.12376847290640394 0.5395555555555556 0.02914614121510673
17 0.2648888888888889 0.1705665024630542 0.3697777777777778 0.020114942528735632
7 0.5097777777777778 0.33107553366174053 0.8560000000000001 0.03160919540229885
7 0.5097777777777778 0.403735632183908 0.8560000000000001 0.029967159277504103
17 0.7431111111111112 0.5954433497536945 0.35200000000000004 0.01929392446633826
18 0.5084444444444445 0.5051313628899836 0.8088888888888889 0.07430213464696223
18 0.5035555555555555 0.7723727422003284 0.808 0.07430213464696223
17 0.5022222222222222 0.9154351395730705 0.7377777777777779 0.014778325123152709
17 0.5035555555555555 0.694376026272578 0.04533333333333334 0.01354679802955665
