8 0.8568888888888889 0.16892446633825944 0.05688888888888889 0.02586206896551724
20 0.5075555555555555 0.030172413793103446 0.8337777777777778 0.014367816091954023
17 0.5133333333333333 0.48788998357963875 0.3831111111111111 0.029967159277504103
17 0.5484444444444445 0.6635878489326765 0.47822222222222227 0.03981937602627258
17 0.5848888888888889 0.7212643678160919 0.5475555555555556 0.03940886699507389
17 0.5511111111111111 0.7791461412151067 0.4817777777777778 0.03940886699507389
17 0.504 0.557471264367816 0.7235555555555556 0.0722495894909688
9 0.5026666666666667 0.29905582922824303 0.7742222222222223 0.22454844006568145
17 0.4866666666666667 0.0993431855500821 0.36000000000000004 0.03037766830870279
13 0.5008888888888889 0.9267241379310345 0.2497777777777778 0.005336617405582922
18 0.7017777777777778 0.8626847290640394 0.3617777777777778 0.04967159277504105
18 0.3 0.8622742200328407 0.3617777777777778 0.04967159277504105
16 0.19822222222222224 0.659688013136289 0.112 0.031198686371100164
16 0.19911111111111113 0.7169540229885057 0.11022222222222222 0.03160919540229885
16 0.19822222222222224 0.7750410509031198 0.112 0.031198686371100164
