17 0.20440251572327045 0.3145941921072226 0.18553459119496857 0.01563663440059568
17 0.18553459119496857 0.2338049143708116 0.14465408805031446 0.014892032762472078
8 0.8632075471698114 0.31608339538346986 0.05345911949685535 0.021593447505584513
20 0.5007861635220126 0.020104244229337306 0.9984276729559749 0.0387192851824274
17 0.5015723270440252 0.15040953090096798 0.3427672955974843 0.02531645569620253
7 0.5 0.2338049143708116 0.839622641509434 0.055100521221146684
7 0.5 0.31422189128816086 0.839622641509434 0.055100521221146684
18 0.5007861635220126 0.4072970960536113 0.3254716981132076 0.0565897244973939
17 0.5007861635220126 0.46649292628443784 0.5047169811320755 0.01712583767684289
9 0.5102201257861636 0.797096053611318 0.8443396226415095 0.2926284437825763
