20 0.5253333333333333 0.02894088669950739 0.8746666666666666 0.01600985221674877
17 0.14133333333333334 0.08004926108374384 0.08533333333333333 0.017241379310344827
8 0.8946666666666666 0.14963054187192118 0.13066666666666665 0.0603448275862069
8 0.06266666666666666 0.08312807881773399 0.04 0.02586206896551724
17 0.8186666666666667 0.08004926108374384 0.08533333333333333 0.019704433497536946
17 0.19599999999999998 0.13423645320197045 0.312 0.03201970443349754
17 0.14133333333333334 0.1730295566502463 0.19733333333333333 0.01600985221674877
8 0.4106666666666667 0.2395320197044335 0.064 0.008620689655172414
8 0.8893333333333333 0.2395320197044335 0.072 0.008620689655172414
9 0.2613333333333333 0.3183497536945813 0.4373333333333333 0.20320197044334976
9 0.7413333333333333 0.3183497536945813 0.44266666666666665 0.20320197044334976
17 0.11066666666666666 0.4433497536945813 0.13599999999999998 0.019704433497536946
17 0.6426666666666666 0.4421182266009852 0.24 0.019704433497536946
17 0.576 0.46798029556650245 0.112 0.017241379310344827
17 0.156 0.46736453201970446 0.23199999999999998 0.01600985221674877
17 0.104 0.4956896551724138 0.128 0.01847290640394089
17 0.2653333333333333 0.49630541871921185 0.14133333333333334 0.017241379310344827
17 0.5826666666666667 0.49630541871921185 0.13066666666666665 0.019704433497536946
17 0.7426666666666667 0.49692118226600984 0.13066666666666665 0.01600985221674877
8 0.888 0.5523399014778325 0.06933333333333333 0.008620689655172414
8 0.4093333333333333 0.5523399014778325 0.06666666666666667 0.008620689655172414
9 0.26266666666666666 0.6299261083743842 0.44 0.20320197044334976
9 0.74 0.6305418719211823 0.44 0.2044334975369458
17 0.20933333333333332 0.7555418719211823 0.3333333333333333 0.01847290640394089
17 0.7346666666666667 0.7549261083743842 0.42933333333333334 0.017241379310344827
17 0.16799999999999998 0.7814039408866995 0.25066666666666665 0.01600985221674877
17 0.592 0.7814039408866995 0.13866666666666666 0.01847290640394089
17 0.10266666666666667 0.8084975369458128 0.12533333333333332 0.01847290640394089
17 0.2573333333333333 0.8091133004926109 0.12 0.019704433497536946
17 0.5826666666666667 0.8097290640394089 0.13066666666666665 0.01847290640394089
17 0.7346666666666667 0.8097290640394089 0.12533333333333332 0.01847290640394089
18 0.5013333333333333 0.8682266009852216 0.9973333333333333 0.059113300492610835
8 0.10266666666666667 0.9211822660098522 0.06666666666666667 0.029556650246305417
8 0.304 0.9205665024630542 0.058666666666666666 0.02832512315270936
8 0.5013333333333333 0.9211822660098522 0.064 0.029556650246305417
8 0.6986666666666667 0.9230295566502463 0.064 0.02586206896551724
8 0.8973333333333333 0.9211822660098522 0.06666666666666667 0.029556650246305417
17 0.10133333333333333 0.9476600985221675 0.08 0.013546798029556651
17 0.256 0.9476600985221675 0.08 0.013546798029556651
17 0.5053333333333333 0.9482758620689655 0.08266666666666667 0.012315270935960592
17 0.6773333333333333 0.9482758620689655 0.08 0.012315270935960592
17 0.872 0.9488916256157636 0.08 0.013546798029556651
