17 0.324 0.5374812593703149 0.18933333333333333 0.022488755622188904
17 0.284 0.45577211394302847 0.104 0.0239880059970015
7 0.5053333333333333 0.5494752623688156 0.712 0.06146926536731634
7 0.504 0.472263868065967 0.7146666666666667 0.05697151424287856
8 0.18 0.5374812593703149 0.04 0.034482758620689655
8 0.17333333333333334 0.4580209895052474 0.05333333333333333 0.022488755622188904
8 0.07066666666666667 0.062218890554722635 0.04 0.02848575712143928
17 0.504 0.07871064467766117 0.144 0.02848575712143928
17 0.5026666666666666 0.17241379310344826 0.23199999999999998 0.0239880059970015
17 0.5146666666666666 0.3575712143928036 0.05333333333333333 0.019490254872563718
17 0.5066666666666666 0.7578710644677661 0.37866666666666665 0.022488755622188904
18 0.29466666666666663 0.26686656671664166 0.3973333333333333 0.07796101949025487
18 0.716 0.26686656671664166 0.3973333333333333 0.07796101949025487
18 0.5053333333333333 0.6619190404797601 0.8186666666666667 0.07646176911544228
