17 0.536 0.14505247376311844 0.13599999999999998 0.020239880059970013
8 0.42 0.14280359820089955 0.050666666666666665 0.027736131934032984
20 0.5006666666666667 0.012368815592203897 0.9986666666666666 0.023238380809595203
8 0.07333333333333333 0.06446776611694152 0.050666666666666665 0.019490254872563718
8 0.9279999999999999 0.06446776611694152 0.04 0.022488755622188904
18 0.374 0.060719640179910044 0.2813333333333333 0.046476761619190406
18 0.634 0.060719640179910044 0.2653333333333333 0.04497751124437781
7 0.5 0.1431784107946027 0.976 0.07646176911544228
17 0.11466666666666667 0.2267616191904048 0.029333333333333333 0.018740629685157422
17 0.158 0.29310344827586204 0.21733333333333332 0.019490254872563718
17 0.16999999999999998 0.32946026986506743 0.24666666666666665 0.018740629685157422
17 0.15733333333333333 0.3909295352323838 0.21866666666666665 0.020239880059970013
17 0.16933333333333334 0.42616191904047973 0.24533333333333332 0.017241379310344827
17 0.15666666666666665 0.4880059970014992 0.21466666666666667 0.020989505247376312
17 0.16933333333333334 0.5239880059970015 0.248 0.019490254872563718
17 0.11533333333333333 0.6008245877061469 0.028 0.020239880059970013
17 0.15666666666666665 0.6686656671664167 0.21733333333333332 0.019490254872563718
17 0.16999999999999998 0.7038980509745127 0.24666666666666665 0.01649175412293853
17 0.158 0.7653673163418291 0.21733333333333332 0.019490254872563718
17 0.17066666666666666 0.8009745127436282 0.24533333333333332 0.017241379310344827
17 0.15666666666666665 0.8631934032983508 0.21733333333333332 0.020239880059970013
17 0.16933333333333334 0.899175412293853 0.248 0.018740629685157422
17 0.15733333333333333 0.959895052473763 0.21866666666666665 0.020239880059970013
19 0.5013333333333333 0.06334332833583209 0.9973333333333333 0.06671664167916042
