8 0.896 0.28879310344827586 0.048 0.020935960591133004
17 0.172 0.28879310344827586 0.184 0.013546798029556651
20 0.5026666666666666 0.011699507389162561 0.9946666666666666 0.020935960591133004
17 0.15733333333333333 0.09605911330049262 0.23466666666666666 0.024630541871921183
8 0.9199999999999999 0.09544334975369458 0.08 0.038177339901477834
9 0.13466666666666666 0.18411330049261085 0.088 0.04310344827586207
9 0.324 0.18411330049261085 0.088 0.04064039408866995
9 0.4973333333333333 0.18411330049261085 0.08266666666666667 0.04064039408866995
9 0.6893333333333334 0.18411330049261085 0.088 0.04064039408866995
9 0.88 0.18411330049261085 0.08533333333333333 0.04064039408866995
17 0.14266666666666666 0.23029556650246305 0.14666666666666667 0.009852216748768473
17 0.3253333333333333 0.2309113300492611 0.10666666666666666 0.011083743842364532
17 0.49866666666666665 0.22967980295566504 0.128 0.011083743842364532
17 0.6906666666666667 0.23029556650246305 0.13866666666666666 0.009852216748768473
17 0.88 0.23029556650246305 0.11733333333333333 0.012315270935960592
7 0.49866666666666665 0.2894088669950739 0.9226666666666666 0.059113300492610835
17 0.4973333333333333 0.7327586206896551 0.41866666666666663 0.022167487684729065
9 0.4933333333333333 0.5689655172413793 0.42666666666666664 0.19704433497536947
8 0.128 0.9322660098522167 0.05333333333333333 0.027093596059113302
8 0.38 0.9322660098522167 0.056 0.027093596059113302
8 0.6373333333333333 0.9334975369458128 0.06933333333333333 0.03201970443349754
8 0.8773333333333333 0.9328817733990148 0.042666666666666665 0.023399014778325122
17 0.128 0.9612068965517242 0.08533333333333333 0.013546798029556651
17 0.3773333333333333 0.9605911330049262 0.104 0.012315270935960592
17 0.6266666666666666 0.9618226600985221 0.13333333333333333 0.012315270935960592
17 0.8773333333333333 0.9612068965517242 0.06933333333333333 0.011083743842364532
1 0.5013333333333333 0.9476600985221675 0.9973333333333333 0.1022167487684729
