8 0.07333333333333333 0.06446776611694152 0.050666666666666665 0.019490254872563718
8 0.9273333333333333 0.06371814092953523 0.04933333333333333 0.026986506746626684
9 0.5006666666666667 0.2383808095952024 0.972 0.2698650674662669
17 0.49866666666666665 0.06034482758620689 0.104 0.021739130434782608
17 0.32266666666666666 0.404047976011994 0.216 0.019490254872563718
17 0.896 0.40442278860569714 0.112 0.017241379310344827
17 0.35133333333333333 0.4407796101949025 0.2733333333333333 0.020989505247376312
17 0.5073333333333333 0.5029985007496252 0.244 0.020989505247376312
17 0.158 0.5014992503748126 0.06266666666666666 0.01649175412293853
17 0.3233333333333333 0.845952023988006 0.21466666666666667 0.021739130434782608
17 0.8966666666666666 0.8463268365817092 0.11066666666666666 0.017991004497751123
17 0.534 0.9130434782608695 0.6413333333333333 0.08245877061469264
8 0.11533333333333333 0.861319340329835 0.13466666666666666 0.07496251874062969
9 0.5013333333333333 0.6806596701649176 0.9706666666666667 0.2698650674662669
8 0.11466666666666667 0.4197901049475262 0.13333333333333333 0.07646176911544228
8 0.3393333333333333 0.5011244377811094 0.05466666666666666 0.029235382308845575
8 0.07933333333333333 0.5014992503748126 0.05466666666666666 0.02848575712143928
2 0.5006666666666667 0.31971514242878557 0.9773333333333333 0.4340329835082459
