17 0.2826666666666667 0.21814092953523237 0.10666666666666666 0.022488755622188904
17 0.3253333333333333 0.30059970014992504 0.192 0.022488755622188904
8 0.17866666666666667 0.29985007496251875 0.042666666666666665 0.035982008995502246
8 0.172 0.21964017991004497 0.050666666666666665 0.022488755622188904
8 0.06933333333333333 0.062218890554722635 0.03733333333333333 0.031484257871064465
17 0.5026666666666666 0.08020989505247376 0.14666666666666667 0.031484257871064465
7 0.504 0.22038980509745126 0.816 0.08095952023988005
7 0.504 0.30134932533733133 0.816 0.08095952023988005
18 0.5053333333333333 0.4235382308845577 0.8133333333333334 0.07646176911544228
17 0.504 0.525487256371814 0.37866666666666665 0.022488755622188904
