17 0.5013333333333333 0.05922038980509745 0.13866666666666666 0.022488755622188904
17 0.192 0.14392803598200898 0.2613333333333333 0.020989505247376312
8 0.06933333333333333 0.062218890554722635 0.042666666666666665 0.031484257871064465
8 0.9199999999999999 0.05922038980509745 0.058666666666666666 0.031484257871064465
9 0.5013333333333333 0.3365817091454273 0.9973333333333333 0.2983508245877061
8 0.9213333333333333 0.23013493253373313 0.06133333333333333 0.031484257871064465
17 0.22533333333333333 0.5239880059970015 0.328 0.01649175412293853
17 0.48666666666666664 0.6094452773613194 0.8506666666666667 0.10644677661169415
17 0.48533333333333334 0.7571214392803598 0.8426666666666667 0.13193403298350825
17 0.49066666666666664 0.9175412293853074 0.8586666666666667 0.12893553223388304
19 0.5013333333333333 0.05322338830584707 0.9973333333333333 0.10344827586206896
