17 0.25666666666666665 0.17340823970037453 0.12933333333333333 0.021722846441947566
17 0.2593333333333333 0.26329588014981276 0.13733333333333334 0.021722846441947566
17 0.23933333333333331 0.3535580524344569 0.09466666666666666 0.020973782771535582
17 0.2906666666666667 0.4434456928838951 0.19999999999999998 0.02247191011235955
17 0.328 0.5333333333333333 0.27199999999999996 0.02397003745318352
17 0.2793333333333333 0.6254681647940075 0.17733333333333332 0.028464419475655433
17 0.242 0.7149812734082397 0.09999999999999999 0.026217228464419477
8 0.09999999999999999 0.1749063670411985 0.056 0.026217228464419477
8 0.09999999999999999 0.2651685393258427 0.050666666666666665 0.02696629213483146
8 0.09666666666666666 0.3554307116104869 0.05733333333333333 0.03071161048689139
8 0.09866666666666667 0.4449438202247191 0.05333333333333333 0.028464419475655433
8 0.09933333333333333 0.5367041198501873 0.04666666666666666 0.03071161048689139
8 0.09999999999999999 0.6254681647940075 0.05333333333333333 0.03146067415730337
8 0.09999999999999999 0.7149812734082397 0.056 0.024719101123595506
6 0.422 0.500374531835206 0.8413333333333333 0.9992509363295881
