17 0.5933333333333333 0.9126686656671664 0.09333333333333332 0.017241379310344827
17 0.618 0.8065967016491754 0.11866666666666666 0.017991004497751123
17 0.48533333333333334 0.702023988005997 0.10933333333333332 0.018740629685157422
17 0.5933333333333333 0.5970764617691154 0.096 0.017241379310344827
8 0.074 0.06446776611694152 0.052 0.019490254872563718
17 0.4993333333333333 0.06034482758620689 0.24133333333333332 0.02623688155922039
17 0.42933333333333334 0.13380809595202398 0.14933333333333332 0.023238380809595203
17 0.6426666666666666 0.13118440779610194 0.152 0.017991004497751123
17 0.8566666666666667 0.13155922038980508 0.08933333333333333 0.017241379310344827
17 0.42733333333333334 0.16229385307346325 0.06266666666666666 0.024737631184407794
17 0.642 0.16304347826086957 0.11333333333333333 0.023238380809595203
17 0.8546666666666667 0.16266866566716642 0.06133333333333333 0.025487256371814093
8 0.16066666666666665 0.1810344827586207 0.21466666666666667 0.1191904047976012
18 0.6346666666666666 0.2207646176911544 0.536 0.0457271364317841
17 0.3973333333333333 0.3047226386806597 0.6586666666666666 0.027736131934032984
17 0.47333333333333333 0.4171664167916042 0.8186666666666667 0.15367316341829085
17 0.324 0.5618440779610194 0.21866666666666665 0.020239880059970013
17 0.35666666666666663 0.5989505247376312 0.284 0.020989505247376312
17 0.324 0.6671664167916042 0.21866666666666665 0.022488755622188904
17 0.30466666666666664 0.7027736131934033 0.18266666666666667 0.024737631184407794
17 0.322 0.7713643178410794 0.21466666666666667 0.022488755622188904
17 0.36466666666666664 0.8092203898050975 0.29733333333333334 0.024737631184407794
17 0.322 0.876311844077961 0.22 0.022488755622188904
17 0.354 0.9122938530734632 0.28933333333333333 0.0239880059970015
17 0.3213333333333333 0.9805097451274363 0.22133333333333333 0.025487256371814093
18 0.8406666666666667 0.6847826086956521 0.27066666666666667 0.0472263868065967
18 0.8406666666666667 0.7893553223388305 0.27066666666666667 0.046476761619190406
9 0.8933333333333333 0.578335832083958 0.15733333333333333 0.08620689655172413
9 0.8933333333333333 0.893928035982009 0.16 0.08920539730134933
9 0.892 0.9771364317841079 0.16 0.0457271364317841
8 0.11466666666666667 0.5794602698650675 0.13599999999999998 0.07496251874062969
8 0.11333333333333333 0.6840329835082458 0.13599999999999998 0.07571214392803598
8 0.11266666666666666 0.7882308845577212 0.13466666666666666 0.07571214392803598
8 0.112 0.8931784107946027 0.13866666666666666 0.07721139430284857
8 0.11266666666666666 0.9793853073463268 0.13733333333333334 0.03973013493253373
