20 0.500462962962963 0.019211324570273004 0.9990740740740741 0.03741152679474217
17 0.3175925925925926 0.15824064711830133 0.13518518518518519 0.01718907987866532
17 0.31851851851851853 0.3046006066734075 0.13518518518518519 0.01769464105156724
17 0.31851851851851853 0.4514661274014156 0.13518518518518519 0.01718907987866532
17 0.3180555555555556 0.5980788675429727 0.13611111111111113 0.01820020222446916
17 0.31851851851851853 0.7446916076845299 0.13703703703703704 0.01820020222446916
17 0.5467592592592593 0.9302325581395349 0.5898148148148148 0.043478260869565216
8 0.08101851851851852 0.07937310414560163 0.058333333333333334 0.031344792719919114
8 0.7847222222222222 0.08013144590495451 0.05092592592592593 0.026794742163801823
8 0.9180555555555556 0.07709807886754298 0.06944444444444445 0.03185035389282103
17 0.31203703703703706 0.08619817997977755 0.22037037037037038 0.028816986855409506
9 0.1328703703703704 0.19388270980788677 0.18981481481481483 0.10364004044489383
9 0.13333333333333333 0.3404954499494439 0.18888888888888888 0.10364004044489383
9 0.1328703703703704 0.48660262891809913 0.18981481481481483 0.10364004044489383
9 0.13333333333333333 0.6334681496461072 0.18888888888888888 0.10313447927199192
9 0.13333333333333333 0.7798281092012134 0.18888888888888888 0.10364004044489383
9 0.1337962962962963 0.9264408493427705 0.18981481481481483 0.10364004044489383
17 0.5462962962962963 0.19792719919110213 0.5907407407407408 0.04196157735085945
17 0.9203703703703704 0.15874620829120326 0.07407407407407407 0.01820020222446916
17 0.5472222222222223 0.3442871587462083 0.5907407407407408 0.042467138523761376
17 0.9212962962962963 0.3058645096056623 0.07407407407407407 0.01820020222446916
17 0.5458333333333334 0.49064711830131447 0.5916666666666667 0.04196157735085945
17 0.9217592592592593 0.45171890798786657 0.075 0.01769464105156724
17 0.5472222222222223 0.6375126390293225 0.5907407407407408 0.042467138523761376
17 0.9217592592592593 0.5985844287158747 0.075 0.01820020222446916
17 0.5462962962962963 0.7841253791708797 0.5925925925925926 0.042467138523761376
17 0.9203703703703704 0.7449443882709809 0.07407407407407407 0.01769464105156724
17 0.3180555555555556 0.891557128412538 0.14351851851851852 0.019716885743174924
17 0.9208333333333334 0.891557128412538 0.07314814814814816 0.01769464105156724
8 0.3666666666666667 0.23179979777553084 0.22962962962962963 0.019716885743174924
8 0.3666666666666667 0.378159757330637 0.23148148148148148 0.020222446916076844
8 0.3662037037037037 0.5245197168857432 0.23240740740740742 0.020728008088978768
8 0.36574074074074076 0.6713852376137512 0.22962962962962963 0.019211324570273004
8 0.36712962962962964 0.8179979777553085 0.22870370370370371 0.020222446916076844
8 0.3662037037037037 0.9643579373104146 0.23240740740740742 0.019716885743174924
8 0.9356481481481482 0.19388270980788677 0.012037037037037037 0.021739130434782608
8 0.9361111111111111 0.34074823053589487 0.012962962962962964 0.02224469160768453
8 0.9365740740740741 0.487360970677452 0.012037037037037037 0.02224469160768453
8 0.9361111111111111 0.6334681496461072 0.014814814814814815 0.02224469160768453
8 0.9356481481481482 0.7800808897876643 0.012037037037037037 0.02224469160768453
8 0.9351851851851852 0.9269464105156724 0.012962962962962964 0.02275025278058645
