20 0.500462962962963 0.01604166666666667 0.9990740740740741 0.03125
8 0.23194444444444445 0.19020833333333334 0.026851851851851852 0.00625
8 0.5819444444444445 0.19125 0.030555555555555558 0.006666666666666667
8 0.9347222222222222 0.19145833333333334 0.028703703703703703 0.007916666666666667
17 0.8046296296296297 0.19312500000000002 0.12407407407407407 0.01625
17 0.4527777777777778 0.19312500000000002 0.12407407407407407 0.017083333333333336
17 0.10185185185185186 0.1925 0.12222222222222223 0.0175
17 0.30972222222222223 0.07145833333333333 0.2175925925925926 0.024583333333333336
17 0.1685185185185185 0.1325 0.1962962962962963 0.014166666666666668
17 0.5013888888888889 0.13270833333333334 0.19722222222222224 0.01375
17 0.8342592592592593 0.13333333333333333 0.19814814814814816 0.015000000000000001
17 0.625 0.3597916666666667 0.1388888888888889 0.015416666666666667
17 0.5939814814814816 0.3822916666666667 0.075 0.014583333333333334
17 0.13611111111111113 0.46395833333333336 0.1388888888888889 0.015416666666666667
17 0.10648148148148148 0.4866666666666667 0.07777777777777778 0.014166666666666668
17 0.6212962962962963 0.6133333333333334 0.13518518518518519 0.015000000000000001
17 0.5925925925925926 0.6358333333333334 0.07407407407407407 0.013333333333333334
17 0.13472222222222222 0.6764583333333334 0.13611111111111113 0.014583333333333334
17 0.10555555555555556 0.6989583333333333 0.07592592592592592 0.01375
17 0.13518518518518519 0.9391666666666667 0.13703703703703704 0.015000000000000001
17 0.6240740740740741 0.9391666666666667 0.1388888888888889 0.015000000000000001
17 0.5949074074074074 0.9622916666666668 0.075 0.015416666666666667
17 0.10601851851851853 0.961875 0.075 0.015416666666666667
8 0.08148148148148149 0.06520833333333334 0.061111111111111116 0.018750000000000003
8 0.7851851851851852 0.06666666666666667 0.05 0.023333333333333334
8 0.9171296296296296 0.06395833333333334 0.06759259259259259 0.026250000000000002
9 0.7449074074074075 0.31333333333333335 0.42129629629629634 0.16833333333333333
9 0.2564814814814815 0.36520833333333336 0.4203703703703704 0.27208333333333334
9 0.7449074074074075 0.5435416666666667 0.42129629629629634 0.22208333333333335
9 0.2564814814814815 0.625 0.4203703703703704 0.17666666666666667
9 0.7444444444444445 0.8337500000000001 0.4203703703703704 0.28750000000000003
9 0.2564814814814815 0.8629166666666668 0.4203703703703704 0.22916666666666669
2 0.7444444444444445 0.8329166666666667 0.4703703703703704 0.31083333333333335
2 0.7449074074074075 0.5429166666666667 0.46944444444444444 0.24666666666666667
2 0.7449074074074075 0.3125 0.46944444444444444 0.1925
2 0.25601851851851853 0.36458333333333337 0.46944444444444444 0.2966666666666667
12 0.500925925925926 0.12541666666666668 0.9981481481481482 0.06916666666666667
19 0.500925925925926 0.061250000000000006 0.9981481481481482 0.05916666666666667
2 0.2564814814814815 0.6245833333333334 0.46851851851851856 0.20083333333333334
2 0.25601851851851853 0.8620833333333334 0.46944444444444444 0.2525
