17 0.5196629213483146 0.1606896551724138 0.07865168539325842 0.015172413793103447
8 0.8286516853932584 0.16344827586206895 0.0449438202247191 0.023448275862068962
8 0.8946629213483146 0.16413793103448274 0.042134831460674156 0.02482758620689655
18 0.3356741573033708 0.22413793103448273 0.45786516853932585 0.051034482758620686
18 0.7275280898876404 0.22482758620689652 0.3202247191011236 0.05517241379310345
8 0.15308988764044942 0.2868965517241379 0.09269662921348315 0.044137931034482755
8 0.15308988764044942 0.35379310344827586 0.09269662921348315 0.04551724137931034
8 0.15308988764044942 0.4186206896551724 0.09269662921348315 0.04551724137931034
8 0.1544943820224719 0.4786206896551724 0.0898876404494382 0.044137931034482755
8 0.15308988764044942 0.5379310344827586 0.09269662921348315 0.044137931034482755
8 0.15308988764044942 0.603448275862069 0.09269662921348315 0.04551724137931034
8 0.15308988764044942 0.669655172413793 0.09269662921348315 0.04551724137931034
8 0.15308988764044942 0.7358620689655172 0.09269662921348315 0.04551724137931034
8 0.15308988764044942 0.8020689655172413 0.09269662921348315 0.04551724137931034
8 0.15308988764044942 0.8613793103448275 0.09269662921348315 0.04551724137931034
17 0.3202247191011236 0.28413793103448276 0.2191011235955056 0.019310344827586205
17 0.3202247191011236 0.3503448275862069 0.2191011235955056 0.019310344827586205
17 0.31741573033707865 0.416551724137931 0.2191011235955056 0.019310344827586205
17 0.32303370786516855 0.476551724137931 0.20786516853932585 0.01793103448275862
17 0.32303370786516855 0.5351724137931034 0.21348314606741572 0.01655172413793103
17 0.324438202247191 0.6020689655172413 0.21067415730337077 0.01793103448275862
17 0.324438202247191 0.6675862068965517 0.21067415730337077 0.01655172413793103
17 0.32303370786516855 0.733103448275862 0.20786516853932585 0.015172413793103447
17 0.32162921348314605 0.7999999999999999 0.2050561797752809 0.01655172413793103
17 0.32303370786516855 0.8586206896551724 0.20786516853932585 0.015172413793103447
8 0.8707865168539326 0.28965517241379307 0.09550561797752809 0.03862068965517241
8 0.872191011235955 0.3544827586206896 0.08146067415730338 0.041379310344827586
8 0.872191011235955 0.41931034482758617 0.08146067415730338 0.044137931034482755
8 0.872191011235955 0.4786206896551724 0.08146067415730338 0.044137931034482755
8 0.10393258426966293 0.16275862068965516 0.06179775280898876 0.02482758620689655
8 0.8693820224719101 0.5406896551724137 0.09269662921348315 0.03586206896551724
8 0.872191011235955 0.603448275862069 0.09269662921348315 0.034482758620689655
8 0.8693820224719101 0.673103448275862 0.09269662921348315 0.03862068965517241
8 0.8707865168539326 0.7344827586206896 0.08426966292134831 0.04275862068965517
8 0.8707865168539326 0.8034482758620689 0.0898876404494382 0.037241379310344824
8 0.8707865168539326 0.8648275862068965 0.09550561797752809 0.03862068965517241
19 0.5014044943820225 0.1682758620689655 0.8735955056179775 0.05241379310344827
