17 0.23066666666666666 0.4523988005997001 0.36533333333333334 0.04422788605697151
17 0.174 0.4059220389805097 0.24933333333333332 0.023238380809595203
17 0.6693333333333333 0.40629685157421286 0.25066666666666665 0.022488755622188904
17 0.7233333333333333 0.4523988005997001 0.364 0.04422788605697151
17 0.6679999999999999 0.8478260869565217 0.25066666666666665 0.022488755622188904
17 0.6866666666666666 0.8826836581709145 0.29333333333333333 0.021739130434782608
17 0.19466666666666665 0.8834332833583208 0.29333333333333333 0.021739130434782608
17 0.174 0.8478260869565217 0.24933333333333332 0.022488755622188904
9 0.22666666666666666 0.6750374812593702 0.376 0.10719640179910045
9 0.7193333333333333 0.6750374812593702 0.3773333333333333 0.10719640179910045
9 0.7193333333333333 0.23350824587706145 0.3773333333333333 0.10569715142428786
9 0.22666666666666666 0.23350824587706145 0.376 0.10719640179910045
17 0.19666666666666666 0.08095952023988005 0.14266666666666666 0.019490254872563718
8 0.08399999999999999 0.08095952023988005 0.042666666666666665 0.022488755622188904
7 0.5026666666666666 0.08170914542728636 0.9253333333333333 0.05547226386806597
