17 0.3162037037037037 0.1569767441860465 0.12685185185185185 0.019716885743174924
17 0.31666666666666665 0.30308392315470173 0.1277777777777778 0.019716885743174924
17 0.3162037037037037 0.4507077856420627 0.12685185185185185 0.019716885743174924
17 0.31574074074074077 0.5988372093023256 0.1277777777777778 0.019716885743174924
17 0.31666666666666665 0.7451971688574318 0.1277777777777778 0.019211324570273004
17 0.5467592592592593 0.9302325581395349 0.5898148148148148 0.043478260869565216
8 0.08101851851851852 0.07937310414560163 0.058333333333333334 0.031344792719919114
17 0.2712962962962963 0.08190091001011122 0.1388888888888889 0.021233569261880688
9 0.1328703703703704 0.19413549039433772 0.19166666666666668 0.1051567239635996
9 0.1328703703703704 0.34074823053589487 0.19166666666666668 0.1051567239635996
9 0.1337962962962963 0.4868554095045501 0.19166666666666668 0.1051567239635996
9 0.1328703703703704 0.6334681496461072 0.19166666666666668 0.1051567239635996
9 0.1337962962962963 0.7803336703741153 0.19166666666666668 0.10465116279069768
9 0.1328703703703704 0.9266936299292214 0.19166666666666668 0.1051567239635996
17 0.5462962962962963 0.19792719919110213 0.5907407407407408 0.04196157735085945
17 0.5472222222222223 0.3442871587462083 0.5907407407407408 0.042467138523761376
17 0.5458333333333334 0.49064711830131447 0.5916666666666667 0.04196157735085945
17 0.5472222222222223 0.6375126390293225 0.5907407407407408 0.042467138523761376
17 0.5462962962962963 0.7841253791708797 0.5925925925925926 0.042467138523761376
17 0.31712962962962965 0.891557128412538 0.12685185185185185 0.019716885743174924
8 0.3666666666666667 0.23179979777553084 0.22962962962962963 0.019716885743174924
8 0.3666666666666667 0.378159757330637 0.23148148148148148 0.020222446916076844
8 0.3662037037037037 0.5245197168857432 0.23240740740740742 0.020728008088978768
8 0.36574074074074076 0.6713852376137512 0.22962962962962963 0.019211324570273004
8 0.36574074074074076 0.8177451971688575 0.23148148148148148 0.020728008088978768
8 0.3662037037037037 0.9643579373104146 0.23240740740740742 0.019716885743174924
