19 0.50125 0.10875 0.8525 0.0725
8 0.1625 0.113125 0.09 0.03625
17 0.5 0.110625 0.15 0.03125
18 0.71375 0.17 0.4275 0.05
18 0.28625 0.17 0.4275 0.05
17 0.34125 0.245625 0.1975 0.01875
17 0.34500000000000003 0.335 0.20500000000000002 0.0175
17 0.34375 0.42125 0.2025 0.02
17 0.78 0.421875 0.165 0.01875
17 0.78125 0.33437500000000003 0.1625 0.01875
17 0.78125 0.246875 0.1625 0.01875
8 0.17625 0.246875 0.1225 0.06125
8 0.17500000000000002 0.335625 0.12 0.06125
8 0.17625 0.42312500000000003 0.1225 0.06125
