17 0.12533333333333332 0.3988005997001499 0.13866666666666666 0.020989505247376312
8 0.08 0.05922038980509745 0.064 0.025487256371814093
17 0.5133333333333333 0.05997001499250375 0.17333333333333334 0.029985007496251874
17 0.14666666666666667 0.15667166416791603 0.18133333333333332 0.019490254872563718
17 0.22133333333333333 0.22638680659670163 0.33066666666666666 0.026986506746626684
17 0.23066666666666666 0.3028485757121439 0.34933333333333333 0.026986506746626684
17 0.164 0.46476761619190404 0.216 0.0239880059970015
17 0.14666666666666667 0.5644677661169415 0.18666666666666665 0.019490254872563718
17 0.248 0.628935532233883 0.384 0.022488755622188904
17 0.19066666666666665 0.7076461769115442 0.2693333333333333 0.026986506746626684
17 0.13466666666666666 0.7848575712143928 0.15733333333333333 0.025487256371814093
17 0.5146666666666666 0.9625187406296851 0.32 0.041979010494752625
8 0.9173333333333333 0.7871064467766117 0.058666666666666666 0.03298350824587706
8 0.9173333333333333 0.7083958020989505 0.03733333333333333 0.034482758620689655
8 0.9173333333333333 0.6319340329835083 0.03733333333333333 0.034482758620689655
8 0.9173333333333333 0.22488755622188905 0.03733333333333333 0.035982008995502246
8 0.9186666666666666 0.3020989505247376 0.04 0.034482758620689655
19 0.5013333333333333 0.05397301349325337 0.9973333333333333 0.10494752623688156
