17 0.9373333333333334 0.9568965517241379 0.12533333333333332 0.017241379310344827
17 0.938 0.9209145427286356 0.124 0.018740629685157422
9 0.9526666666666667 0.7792353823088456 0.09466666666666666 0.15067466266866567
17 0.49866666666666665 0.06259370314842579 0.14933333333333332 0.02623688155922039
8 0.07333333333333333 0.06446776611694152 0.050666666666666665 0.019490254872563718
9 0.5033333333333333 0.2991004497751124 0.5373333333333333 0.29985007496251875
9 0.21466666666666667 0.7777361319340329 0.26666666666666666 0.14767616191904048
9 0.6286666666666666 0.7784857571214393 0.268 0.15067466266866567
17 0.5 0.5138680659670165 0.36 0.03373313343328336
17 0.4993333333333333 0.5967016491754122 0.5586666666666666 0.05697151424287856
17 0.15333333333333332 0.9209145427286356 0.208 0.020239880059970013
17 0.5646666666666667 0.9212893553223388 0.20666666666666667 0.019490254872563718
17 0.6066666666666667 0.9587706146926537 0.2906666666666667 0.020989505247376312
17 0.19466666666666665 0.9583958020989505 0.296 0.020239880059970013
