20 0.5253333333333333 0.029556650246305417 0.8746666666666666 0.017241379310344827
9 0.504 0.16810344827586207 0.208 0.09729064039408868
17 0.5013333333333333 0.2561576354679803 0.39999999999999997 0.04187192118226601
17 0.49866666666666665 0.2998768472906404 0.29866666666666664 0.01847290640394089
17 0.5013333333333333 0.4341133004926108 0.6773333333333333 0.08004926108374384
17 0.5013333333333333 0.6379310344827587 0.4746666666666666 0.017241379310344827
18 0.2826666666666667 0.6964285714285714 0.39999999999999997 0.0603448275862069
18 0.72 0.6958128078817734 0.39999999999999997 0.059113300492610835
18 0.5 0.833128078817734 0.84 0.0603448275862069
17 0.5 0.7746305418719212 0.35466666666666663 0.019704433497536946
17 0.49866666666666665 0.9094827586206896 0.4106666666666667 0.023399014778325122
