9 0.5 0.328335832083958 0.264 0.14992503748125938
9 0.254 0.7012743628185907 0.2653333333333333 0.14767616191904048
9 0.7466666666666666 0.702023988005997 0.26666666666666666 0.14917541229385306
8 0.07333333333333333 0.06446776611694152 0.050666666666666665 0.019490254872563718
8 0.9279999999999999 0.06371814092953523 0.048 0.026986506746626684
17 0.4993333333333333 0.06296851574212893 0.15066666666666667 0.026986506746626684
17 0.16466666666666666 0.1454272863568216 0.21733333333333332 0.025487256371814093
17 0.4993333333333333 0.14505247376311844 0.22533333333333333 0.02623688155922039
17 0.8333333333333333 0.14505247376311844 0.224 0.024737631184407794
17 0.15333333333333332 0.49362818590704644 0.208 0.020239880059970013
17 0.194 0.5307346326836582 0.292 0.020989505247376312
17 0.6453333333333333 0.8684407796101948 0.208 0.020239880059970013
17 0.6873333333333334 0.9051724137931034 0.28933333333333333 0.021739130434782608
17 0.15266666666666667 0.8676911544227885 0.20666666666666667 0.020239880059970013
17 0.194 0.9047976011994002 0.292 0.022488755622188904
2 0.5006666666666667 0.3770614692653673 0.9773333333333333 0.3703148425787106
2 0.7473333333333333 0.7511244377811094 0.484 0.36881559220389803
2 0.254 0.7511244377811094 0.484 0.36881559220389803
