8 0.9173333333333333 0.05922038980509745 0.05333333333333333 0.031484257871064465
8 0.06933333333333333 0.06146926536731634 0.032 0.029985007496251874
8 0.9213333333333333 0.22863568215892052 0.06133333333333333 0.031484257871064465
17 0.5 0.05922038980509745 0.13599999999999998 0.019490254872563718
17 0.188 0.14392803598200898 0.2533333333333333 0.020989505247376312
9 0.5013333333333333 0.3365817091454273 0.9973333333333333 0.2983508245877061
17 0.224 0.5247376311844077 0.32 0.014992503748125937
17 0.48666666666666664 0.6079460269865067 0.8453333333333333 0.10044977511244378
17 0.484 0.7586206896551724 0.8453333333333333 0.12893553223388304
17 0.48933333333333334 0.9190404797601199 0.8506666666666667 0.12593703148425786
19 0.5013333333333333 0.05322338830584707 0.9973333333333333 0.10344827586206896
