8 0.9199999999999999 0.05922038980509745 0.058666666666666666 0.031484257871064465
8 0.08133333333333333 0.05997001499250375 0.06133333333333333 0.0239880059970015
8 0.13866666666666666 0.19940029985007496 0.058666666666666666 0.029985007496251874
8 0.37866666666666665 0.9295352323838081 0.112 0.06296851574212893
17 0.5 0.05922038980509745 0.22133333333333333 0.022488755622188904
17 0.33866666666666667 0.19865067466266867 0.23466666666666666 0.025487256371814093
17 0.18266666666666667 0.27961019490254874 0.152 0.025487256371814093
17 0.22 0.36731634182908546 0.22666666666666666 0.029985007496251874
17 0.22133333333333333 0.4482758620689655 0.22933333333333333 0.0239880059970015
17 0.21866666666666665 0.5314842578710645 0.224 0.025487256371814093
17 0.22933333333333333 0.616191904047976 0.24533333333333332 0.0239880059970015
17 0.19733333333333333 0.6994002998500749 0.18666666666666665 0.02848575712143928
17 0.19999999999999998 0.7826086956521738 0.18666666666666665 0.029985007496251874
6 0.35333333333333333 0.553223388305847 0.7013333333333334 0.8935532233883058
