17 0.5 0.9916387959866221 0.26296296296296295 0.010033444816053512
17 0.12222222222222223 0.5641025641025641 0.16296296296296298 0.024526198439241916
17 0.1287037037037037 0.7212931995540691 0.17222222222222222 0.024526198439241916
17 0.10462962962962963 0.8004459308807135 0.12407407407407407 0.024526198439241916
17 0.08148148148148149 0.4080267558528428 0.08518518518518518 0.024526198439241916
17 0.15185185185185185 0.32887402452619846 0.22222222222222224 0.024526198439241916
17 0.11296296296296297 0.24860646599777034 0.14444444444444446 0.020066889632107024
17 0.13518518518518519 0.8762541806020067 0.18888888888888888 0.020066889632107024
17 0.11018518518518519 0.6426978818283166 0.1425925925925926 0.023411371237458192
17 0.11851851851851852 0.483835005574136 0.15555555555555556 0.020066889632107024
17 0.17037037037037037 0.1716833890746934 0.25925925925925924 0.024526198439241916
17 0.22685185185185186 0.0802675585284281 0.09814814814814815 0.031215161649944256
8 0.9324074074074075 0.07748049052396878 0.053703703703703705 0.032329988851727984
8 0.8250000000000001 0.07636566332218506 0.0462962962962963 0.027870680044593088
8 0.06944444444444445 0.07748049052396878 0.04259259259259259 0.02564102564102564
19 0.500925925925926 0.07692307692307693 0.9981481481481482 0.08249721293199554
20 0.500925925925926 0.0189520624303233 0.9981481481481482 0.03567447045707915
