8 0.500462962962963 0.07664437012263099 0.05277777777777778 0.03288740245261984
8 0.06944444444444445 0.07636566332218506 0.040740740740740744 0.024526198439241916
8 0.9412037037037038 0.07664437012263099 0.012037037037037037 0.02508361204013378
5 0.49444444444444446 0.13071348940914157 0.9055555555555556 0.026198439241917504
17 0.11898148148148148 0.1318283166109253 0.15462962962962964 0.021739130434782608
5 0.4949074074074074 0.22268673355629878 0.9064814814814816 0.030657748049052396
17 0.1587962962962963 0.2238015607580825 0.23425925925925928 0.017279821627647716
5 0.49444444444444446 0.3166109253065775 0.9074074074074074 0.031215161649944256
17 0.1615740740740741 0.3171683389074693 0.24166666666666667 0.0189520624303233
5 0.49444444444444446 0.4105351170568562 0.9074074074074074 0.030657748049052396
17 0.16064814814814815 0.41304347826086957 0.23981481481481481 0.022296544035674472
5 0.49444444444444446 0.5044593088071349 0.9074074074074074 0.031215161649944256
17 0.19953703703703704 0.5055741360089187 0.3175925925925926 0.017837235228539576
17 0.12824074074074074 0.6031215161649944 0.17314814814814816 0.020066889632107024
17 0.1587962962962963 0.6833890746934225 0.23425925925925928 0.017837235228539576
5 0.4949074074074074 0.7761984392419174 0.9064814814814816 0.030657748049052396
17 0.18287037037037038 0.7787068004459309 0.28240740740740744 0.022296544035674472
5 0.4949074074074074 0.8698439241917503 0.9064814814814816 0.030657748049052396
17 0.24444444444444446 0.8731884057971014 0.40555555555555556 0.022853957636566332
17 0.19490740740740742 0.9646042363433668 0.30648148148148147 0.018394648829431436
20 0.500462962962963 0.018115942028985508 0.9990740740740741 0.03511705685618729
