8 0.5 0.18366778149386845 0.18333333333333335 0.1109253065774805
8 0.9319444444444445 0.07497212931995541 0.08796296296296297 0.052954292084726864
8 0.06851851851851852 0.07525083612040134 0.08888888888888889 0.05351170568561873
8 0.1574074074074074 0.3634336677814939 0.11851851851851852 0.0713489409141583
9 0.15694444444444444 0.45735785953177255 0.11574074074074074 0.06521739130434782
9 0.1564814814814815 0.5473801560758083 0.10555555555555556 0.06911928651059086
9 0.1574074074074074 0.6438127090301003 0.09074074074074075 0.06465997770345597
9 0.15694444444444444 0.7366220735785953 0.08055555555555556 0.06856187290969899
17 0.3615740740740741 0.7388517279821627 0.22685185185185186 0.026198439241917504
17 0.5504629629629629 0.6454849498327759 0.6342592592592593 0.027870680044593088
17 0.41111111111111115 0.5515607580824972 0.33333333333333337 0.027313266443701224
17 0.37592592592592594 0.4607023411371237 0.2574074074074074 0.03288740245261984
17 0.3592592592592593 0.36399108138238573 0.2240740740740741 0.026755852842809364
17 0.18564814814814815 0.28595317725752506 0.125 0.024526198439241916
11 0.500462962962963 0.5178372352285395 0.8731481481481482 0.5574136008918618
20 0.500462962962963 0.018115942028985508 0.9990740740740741 0.03511705685618729
