11 0.500925925925926 0.5172798216276477 0.8722222222222222 0.802675585284281
17 0.18055555555555555 0.1633221850613155 0.11666666666666667 0.02564102564102564
5 0.26666666666666666 0.22965440356744704 0.2740740740740741 0.028985507246376812
17 0.3231481481481482 0.22965440356744704 0.16111111111111112 0.022296544035674472
5 0.2388888888888889 0.29988851727982163 0.21851851851851853 0.028985507246376812
17 0.2925925925925926 0.3004459308807135 0.11111111111111112 0.021181716833890748
5 0.25833333333333336 0.3695652173913043 0.2611111111111111 0.030100334448160536
17 0.31574074074074077 0.3701226309921962 0.1462962962962963 0.022296544035674472
5 0.2490740740740741 0.4397993311036789 0.2388888888888889 0.030100334448160536
17 0.3037037037037037 0.43924191750278707 0.12962962962962962 0.022296544035674472
5 0.23240740740740742 0.5105908584169454 0.20555555555555557 0.031215161649944256
17 0.2888888888888889 0.5128205128205128 0.0925925925925926 0.026755852842809364
5 0.24351851851851852 0.5808249721293199 0.22777777777777777 0.028985507246376812
17 0.3 0.580267558528428 0.11481481481481481 0.021181716833890748
5 0.26296296296296295 0.6510590858416945 0.26666666666666666 0.028985507246376812
17 0.31851851851851853 0.6505016722408027 0.15555555555555556 0.021181716833890748
5 0.26944444444444443 0.7201783723522854 0.2796296296296296 0.028985507246376812
17 0.325 0.7201783723522854 0.1685185185185185 0.022296544035674472
5 0.2925925925925926 0.79041248606466 0.32592592592592595 0.028985507246376812
17 0.3490740740740741 0.79041248606466 0.21296296296296297 0.022296544035674472
17 0.8305555555555556 0.8790412486064659 0.05 0.0189520624303233
20 0.500925925925926 0.0189520624303233 0.9981481481481482 0.03567447045707915
