17 0.26481481481481484 0.5916945373467113 0.17962962962962964 0.017279821627647716
17 0.23842592592592593 0.5236900780379041 0.125 0.020624303232998884
17 0.2689814814814815 0.4531772575250836 0.18611111111111112 0.021181716833890748
17 0.32175925925925924 0.382943143812709 0.2898148148148148 0.021181716833890748
17 0.30648148148148147 0.3110367892976589 0.2611111111111111 0.017837235228539576
17 0.25416666666666665 0.24247491638795987 0.15462962962962964 0.021181716833890748
8 0.06898148148148149 0.5911371237458194 0.05092592592592593 0.030657748049052396
8 0.06898148148148149 0.5209030100334449 0.049074074074074076 0.030657748049052396
9 0.06898148148148149 0.45094760312151616 0.05092592592592593 0.031215161649944256
8 0.06898148148148149 0.38071348940914157 0.04166666666666667 0.022296544035674472
8 0.06851851851851852 0.310479375696767 0.0462962962962963 0.027870680044593088
8 0.06898148148148149 0.24052396878483834 0.05092592592592593 0.028428093645484948
17 0.6574074074074074 0.1596989966555184 0.1814814814814815 0.04180602006688963
6 0.3893518518518519 0.5178372352285395 0.7768518518518519 0.9643255295429208
20 0.500462962962963 0.018115942028985508 0.9990740740740741 0.03511705685618729
