9 0.3893518518518519 0.20791527313266445 0.13425925925925927 0.057971014492753624
17 0.38796296296296295 0.13740245261984393 0.4703703703703704 0.03288740245261984
17 0.25601851851851853 0.3168896321070234 0.16203703703703703 0.017279821627647716
17 0.3060185185185185 0.3887959866220736 0.2601851851851852 0.021739130434782608
17 0.24629629629629632 0.45735785953177255 0.1388888888888889 0.017279821627647716
17 0.26157407407407407 0.5275919732441472 0.1712962962962963 0.018394648829431436
17 0.28194444444444444 0.5994983277591973 0.21203703703703705 0.021739130434782608
17 0.2476851851851852 0.6677814938684504 0.14351851851851852 0.017837235228539576
17 0.2986111111111111 0.7396878483835005 0.24537037037037038 0.023411371237458192
17 0.2388888888888889 0.8308249721293199 0.12592592592592594 0.020624303232998884
17 0.2212962962962963 0.8901895206243032 0.0925925925925926 0.017837235228539576
8 0.06898148148148149 0.8899108138238573 0.03796296296296296 0.022853957636566332
8 0.06898148148148149 0.8283166109253066 0.03796296296296296 0.023411371237458192
8 0.06898148148148149 0.737736900780379 0.04166666666666667 0.03288740245261984
9 0.06944444444444445 0.6675027870680045 0.0462962962962963 0.028428093645484948
8 0.06898148148148149 0.5972686733556298 0.06018518518518519 0.02508361204013378
9 0.0699074074074074 0.5259197324414716 0.05277777777777778 0.03288740245261984
8 0.06898148148148149 0.45624303232998886 0.05092592592592593 0.029542920847268672
8 0.06898148148148149 0.38684503901895206 0.04537037037037037 0.032329988851727984
8 0.06898148148148149 0.3163322185061315 0.04166666666666667 0.030657748049052396
6 0.38981481481481484 0.5175585284280937 0.7777777777777778 0.9637681159420289
20 0.500462962962963 0.018115942028985508 0.9990740740740741 0.03511705685618729
