8 0.9518518518518518 0.06354515050167224 0.03888888888888889 0.023411371237458192
8 0.9125000000000001 0.9665551839464883 0.04351851851851852 0.028985507246376812
9 0.7060185185185186 0.9668338907469342 0.04722222222222222 0.028428093645484948
8 0.5 0.9665551839464883 0.05 0.030100334448160536
8 0.2939814814814815 0.9668338907469342 0.04166666666666667 0.02508361204013378
8 0.08657407407407408 0.9671125975473801 0.02314814814814815 0.023411371237458192
9 0.8277777777777778 0.8631549609810479 0.26851851851851855 0.11761426978818283
17 0.3143518518518519 0.8478260869565217 0.5509259259259259 0.08472686733556299
17 0.22453703703703703 0.7837235228539576 0.11944444444444445 0.016722408026755852
17 0.2175925925925926 0.762263099219621 0.10740740740740741 0.013935340022296544
9 0.09212962962962963 0.7714604236343366 0.09722222222222222 0.033444816053511704
17 0.7847222222222222 0.6780936454849498 0.17500000000000002 0.01282051282051282
17 0.13842592592592592 0.6797658862876254 0.1398148148148148 0.016164994425863992
17 0.8449074074074074 0.6164994425863991 0.2916666666666667 0.045707915273132664
17 0.33611111111111114 0.6184503901895206 0.5333333333333333 0.05072463768115942
9 0.8342592592592593 0.47881828316610925 0.3314814814814815 0.1906354515050167
9 0.3402777777777778 0.4785395763656633 0.600925925925926 0.19007803790412486
17 0.16712962962962963 0.35172798216276474 0.25092592592592594 0.0189520624303233
9 0.8273148148148148 0.2310479375696767 0.2675925925925926 0.11761426978818283
17 0.3439814814814815 0.21627647714604237 0.6101851851851852 0.08472686733556299
17 0.24305555555555555 0.15189520624303232 0.15462962962962964 0.016164994425863992
17 0.21851851851851853 0.13071348940914157 0.10740740740740741 0.013935340022296544
9 0.09305555555555556 0.1399108138238573 0.09722222222222222 0.033444816053511704
17 0.7074074074074075 0.06382385730211818 0.11111111111111112 0.017279821627647716
17 0.5018518518518519 0.0632664437012263 0.17777777777777778 0.017279821627647716
17 0.2791666666666667 0.06549609810479376 0.14907407407407408 0.020624303232998884
17 0.08842592592592594 0.06605351170568562 0.11203703703703705 0.020624303232998884
17 0.8634259259259259 0.06382385730211818 0.07685185185185185 0.017279821627647716
1 0.500462962962963 0.9668338907469342 0.9990740740740741 0.06633221850613155
12 0.500462962962963 0.06382385730211818 0.9990740740740741 0.05629877369007804
20 0.500462962962963 0.018115942028985508 0.9990740740740741 0.03511705685618729
