17 0.2888888888888889 0.5919732441471571 0.16666666666666669 0.020066889632107024
17 0.325 0.5161649944258639 0.2388888888888889 0.020066889632107024
9 0.15462962962962964 0.5942028985507246 0.04259259259259259 0.028985507246376812
8 0.1527777777777778 0.5105908584169454 0.05 0.028985507246376812
17 0.3055555555555556 0.8957636566332219 0.12962962962962962 0.02564102564102564
17 0.6981481481481482 0.8957636566332219 0.3148148148148148 0.02564102564102564
18 0.5018518518518519 0.7971014492753623 0.7740740740740741 0.06911928651059086
7 0.5416666666666667 0.5975473801560758 0.6796296296296297 0.031215161649944256
7 0.5416666666666667 0.5217391304347826 0.6796296296296297 0.031215161649944256
17 0.5 0.36064659977703456 0.31851851851851853 0.0189520624303233
9 0.4990740740740741 0.26142697881828314 0.512962962962963 0.17502787068004458
8 0.9462962962962963 0.07748049052396878 0.014814814814814815 0.02564102564102564
20 0.500925925925926 0.0189520624303233 0.9981481481481482 0.03567447045707915
