9 0.11712962962962964 0.12374581939799331 0.13796296296296298 0.08361204013377926
8 0.611574074074074 0.07608695652173914 0.05092592592592593 0.030657748049052396
9 0.09074074074074075 0.32218506131549607 0.08703703703703704 0.05239687848383501
9 0.08842592592592594 0.4977703455964325 0.08796296296296297 0.05239687848383501
9 0.08796296296296297 0.6036789297658863 0.08703703703703704 0.05239687848383501
8 0.06898148148148149 0.6987179487179487 0.036111111111111115 0.021739130434782608
9 0.06898148148148149 0.7801003344481605 0.05092592592592593 0.016164994425863992
8 0.06898148148148149 0.8620401337792643 0.049074074074074076 0.030657748049052396
8 0.6125 0.20958751393534003 0.026851851851851852 0.010033444816053512
17 0.07777777777777778 0.19175027870680045 0.07592592592592592 0.017837235228539576
17 0.06342592592592593 0.22129319955406912 0.04722222222222222 0.021181716833890748
17 0.22175925925925927 0.31075808249721293 0.08425925925925926 0.018394648829431436
17 0.2013888888888889 0.34002229654403565 0.04722222222222222 0.0189520624303233
17 0.1675925925925926 0.40942028985507245 0.2555555555555556 0.018394648829431436
17 0.2189814814814815 0.48439241917502784 0.08611111111111111 0.020066889632107024
17 0.19907407407407407 0.5147714604236343 0.0462962962962963 0.01950947603121516
17 0.2986111111111111 0.5911371237458194 0.24166666666666667 0.01950947603121516
17 0.19907407407407407 0.6204013377926422 0.04814814814814815 0.021181716833890748
17 0.27731481481481485 0.6995540691192865 0.20277777777777778 0.016722408026755852
17 0.3194444444444445 0.7812151616499442 0.28703703703703703 0.017279821627647716
17 0.2791666666666667 0.862876254180602 0.2064814814814815 0.016722408026755852
6 0.34074074074074073 0.5178372352285395 0.6796296296296297 0.9643255295429208
20 0.500462962962963 0.018115942028985508 0.9990740740740741 0.03511705685618729
