17 0.826388888888889 0.1507803790412486 0.28240740740740744 0.016164994425863992
8 0.9416666666666667 0.07636566332218506 0.04814814814814815 0.031215161649944256
9 0.8250000000000001 0.07720178372352285 0.04814814814814815 0.01950947603121516
9 0.07361111111111111 0.08918617614269789 0.10648148148148148 0.06465997770345597
8 0.06898148148148149 0.20986622073578595 0.04166666666666667 0.02508361204013378
8 0.06898148148148149 0.30518394648829433 0.036111111111111115 0.022853957636566332
8 0.06898148148148149 0.37541806020066887 0.04722222222222222 0.017279821627647716
8 0.06944444444444445 0.4459308807134894 0.040740740740740744 0.024526198439241916
8 0.06944444444444445 0.5178372352285395 0.0462962962962963 0.021181716833890748
9 0.06944444444444445 0.5858416945373467 0.04259259259259259 0.027870680044593088
8 0.06851851851851852 0.6560758082497212 0.0462962962962963 0.027870680044593088
8 0.06898148148148149 0.7513935340022296 0.036111111111111115 0.022296544035674472
8 0.06898148148148149 0.8216276477146042 0.04722222222222222 0.016722408026755852
8 0.06944444444444445 0.8918617614269788 0.040740740740740744 0.024526198439241916
8 0.0699074074074074 0.9637681159420289 0.04722222222222222 0.021181716833890748
17 0.26342592592592595 0.9626532887402452 0.17500000000000002 0.017837235228539576
17 0.25277777777777777 0.8926978818283166 0.1537037037037037 0.017279821627647716
17 0.23842592592592593 0.8238573021181717 0.125 0.021181716833890748
17 0.29120370370370374 0.7519509476031215 0.23055555555555557 0.017837235228539576
17 0.2101851851851852 0.6588628762541806 0.06666666666666667 0.021181716833890748
17 0.27083333333333337 0.5869565217391304 0.18981481481481483 0.016722408026755852
17 0.2263888888888889 0.5161649944258639 0.10092592592592593 0.017837235228539576
17 0.24722222222222223 0.44620958751393536 0.14444444444444446 0.017279821627647716
17 0.26481481481481484 0.37764771460423635 0.17777777777777778 0.021739130434782608
17 0.20601851851851852 0.3054626532887402 0.062037037037037036 0.017837235228539576
17 0.22083333333333335 0.21014492753623187 0.09537037037037037 0.017837235228539576
17 0.22916666666666669 0.09253065774804906 0.10648148148148148 0.020066889632107024
6 0.34120370370370373 0.5175585284280937 0.6805555555555556 0.9648829431438127
20 0.500462962962963 0.018115942028985508 0.9990740740740741 0.03511705685618729
