17 0.33240740740740743 0.42865105908584167 0.1685185185185185 0.0189520624303233
17 0.3703703703703704 0.3600891861761427 0.24444444444444446 0.020066889632107024
18 0.5027777777777778 0.5094760312151616 0.5907407407407408 0.06243032329988851
7 0.5037037037037038 0.427536231884058 0.5925925925925926 0.06354515050167224
7 0.5037037037037038 0.3600891861761427 0.5925925925925926 0.06243032329988851
9 0.5037037037037038 0.22965440356744704 0.4814814814814815 0.0758082497212932
18 0.9148148148148149 0.07302118171683389 0.13703703703703704 0.043478260869565216
18 0.08981481481481482 0.07302118171683389 0.1462962962962963 0.043478260869565216
19 0.500925925925926 0.07357859531772575 0.9981481481481482 0.06243032329988851
20 0.500925925925926 0.0189520624303233 0.9981481481481482 0.03567447045707915
