8 0.9412037037037038 0.13600891861761427 0.025 0.007803790412486064
8 0.9472222222222223 0.07748049052396878 0.012962962962962964 0.024526198439241916
8 0.8444444444444444 0.07636566332218506 0.044444444444444446 0.026755852842809364
8 0.7291666666666667 0.07664437012263099 0.036111111111111115 0.021739130434782608
16 0.5745370370370371 0.5033444816053512 0.08425925925925926 0.032329988851727984
17 0.22314814814814815 0.2670011148272018 0.0925925925925926 0.017837235228539576
17 0.2777777777777778 0.3375139353400223 0.20370370370370372 0.018394648829431436
17 0.24722222222222223 0.4074693422519509 0.14444444444444446 0.017837235228539576
17 0.2652777777777778 0.5047380156075808 0.17685185185185187 0.021739130434782608
17 0.2388888888888889 0.5752508361204013 0.12592592592592594 0.021181716833890748
17 0.21157407407407408 0.644927536231884 0.06944444444444445 0.021181716833890748
17 0.28935185185185186 0.7134894091415831 0.22685185185185186 0.017837235228539576
8 0.06898148148148149 0.7126532887402452 0.05092592592592593 0.030657748049052396
8 0.06898148148148149 0.6426978818283166 0.05092592592592593 0.030100334448160536
8 0.06898148148148149 0.5721850613154961 0.049074074074074076 0.030657748049052396
9 0.0699074074074074 0.5019509476031215 0.03425925925925926 0.030657748049052396
8 0.06898148148148149 0.407190635451505 0.04166666666666667 0.02508361204013378
8 0.06805555555555556 0.3363991081382386 0.04537037037037037 0.027313266443701224
8 0.06898148148148149 0.26672240802675584 0.04722222222222222 0.017279821627647716
6 0.34074074074074073 0.5178372352285395 0.6796296296296297 0.9643255295429208
20 0.500462962962963 0.018115942028985508 0.9990740740740741 0.03511705685618729
