17 0.7513888888888889 0.1552396878483835 0.2212962962962963 0.027313266443701224
17 0.24212962962962964 0.2761984392419175 0.06759259259259259 0.015050167224080268
17 0.3541666666666667 0.24358974358974358 0.2953703703703704 0.022296544035674472
8 0.9287037037037037 0.241917502787068 0.05925925925925926 0.026755852842809364
17 0.27870370370370373 0.21125975473801561 0.14074074074074075 0.014492753623188406
9 0.11111111111111112 0.241917502787068 0.13703703703703704 0.08361204013377926
17 0.250462962962963 0.15301003344481606 0.049074074074074076 0.021739130434782608
17 0.500462962962963 0.07720178372352285 0.275 0.023968784838350056
17 0.9152777777777779 0.0794314381270903 0.12314814814814816 0.021739130434782608
8 0.06898148148148149 0.07664437012263099 0.030555555555555558 0.029542920847268672
19 0.500462962962963 0.07608695652173914 0.9990740740740741 0.08193979933110368
12 0.500462962962963 0.15328874024526198 0.9990740740740741 0.0713489409141583
20 0.500462962962963 0.018115942028985508 0.9990740740740741 0.03511705685618729
