17 0.33611111111111114 0.18338907469342253 0.3740740740740741 0.03455964325529543
8 0.8722222222222222 0.9183389074693422 0.14074074074074075 0.08416945373467112
17 0.412962962962963 0.5418060200668896 0.3888888888888889 0.021181716833890748
8 0.900462962962963 0.5398550724637681 0.04166666666666667 0.026198439241917504
9 0.12037037037037038 0.5395763656633221 0.06851851851851852 0.06800445930880714
17 0.3944444444444445 0.4227982162764771 0.35185185185185186 0.021739130434782608
8 0.9009259259259259 0.42084726867335565 0.040740740740740744 0.02564102564102564
8 0.12083333333333333 0.41945373467112596 0.11574074074074074 0.06744704570791527
17 0.2814814814814815 0.35089186176142695 0.48333333333333334 0.021739130434782608
17 0.19907407407407407 0.22853957636566333 0.10370370370370371 0.02564102564102564
17 0.26666666666666666 0.07720178372352285 0.23703703703703705 0.023968784838350056
9 0.9421296296296297 0.07664437012263099 0.04166666666666667 0.02508361204013378
8 0.06898148148148149 0.07608695652173914 0.049074074074074076 0.021739130434782608
20 0.500462962962963 0.018115942028985508 0.9990740740740741 0.03511705685618729
