17 0.4134259259259259 0.605072463768116 0.38796296296296295 0.021739130434782608
9 0.11990740740740741 0.6031215161649944 0.06944444444444445 0.06911928651059086
17 0.39490740740740743 0.48578595317725753 0.3527777777777778 0.021739130434782608
8 0.12037037037037038 0.48272017837235226 0.11481481481481481 0.06688963210702341
17 0.49953703703703706 0.3743032329988852 0.7083333333333334 0.051839464882943144
17 0.49953703703703706 0.3054626532887402 0.5231481481481481 0.024526198439241916
8 0.5 0.20512820512820512 0.1962962962962963 0.11817168338907469
17 0.18842592592592594 0.0802675585284281 0.08055555555555556 0.028985507246376812
8 0.06898148148148149 0.07608695652173914 0.049074074074074076 0.021739130434782608
19 0.500462962962963 0.07775919732441472 0.9990740740740741 0.08082497212931995
20 0.500462962962963 0.018115942028985508 0.9990740740740741 0.03511705685618729
