11 0.500462962962963 0.5175585284280937 0.8731481481481482 0.5914158305462653
17 0.41111111111111115 0.286231884057971 0.6148148148148148 0.020624303232998884
17 0.500462962962963 0.3439241917502787 0.40092592592592596 0.031215161649944256
17 0.500462962962963 0.40551839464882944 0.33055555555555555 0.03288740245261984
17 0.5120370370370371 0.46906354515050164 0.6611111111111111 0.0451505016722408
5 0.4814814814814815 0.46906354515050164 0.7240740740740741 0.0451505016722408
17 0.49722222222222223 0.5671683389074693 0.7870370370370371 0.0451505016722408
7 0.500462962962963 0.6438127090301003 0.7768518518518519 0.03567447045707915
17 0.3550925925925926 0.6407469342251951 0.47870370370370374 0.028428093645484948
18 0.5013888888888889 0.7561315496098104 0.8546296296296296 0.05741360089186176
20 0.500462962962963 0.018115942028985508 0.9990740740740741 0.03511705685618729
