8 0.9032407407407408 0.8684503901895206 0.13796296296296298 0.08361204013377926
8 0.9416666666666667 0.0758082497212932 0.053703703703703705 0.032329988851727984
17 0.2449074074074074 0.07971014492753623 0.1953703703703704 0.030100334448160536
8 0.06898148148148149 0.0758082497212932 0.04722222222222222 0.021181716833890748
17 0.3101851851851852 0.7260312151616499 0.2 0.01950947603121516
17 0.3111111111111111 0.6594202898550725 0.20555555555555557 0.020066889632107024
17 0.37083333333333335 0.5922519509476031 0.3194444444444445 0.01950947603121516
17 0.36064814814814816 0.5275919732441472 0.30092592592592593 0.023968784838350056
17 0.3199074074074074 0.4584726867335563 0.2212962962962963 0.01950947603121516
17 0.3402777777777778 0.39409141583054624 0.2638888888888889 0.024526198439241916
17 0.37592592592592594 0.31521739130434784 0.3314814814814815 0.026198439241917504
11 0.500462962962963 0.5178372352285395 0.700925925925926 0.5183946488294314
20 0.500462962962963 0.018115942028985508 0.9990740740740741 0.03511705685618729
