17 0.5375 0.23049052396878483 0.24537037037037038 0.027313266443701224
17 0.2587962962962963 0.3040691192865106 0.1638888888888889 0.018394648829431436
17 0.2601851851851852 0.37597547380156077 0.17037037037037037 0.021739130434782608
17 0.23842592592592593 0.44648829431438125 0.12685185185185185 0.021181716833890748
17 0.312962962962963 0.5164437012263099 0.27592592592592596 0.021739130434782608
17 0.2523148148148148 0.6117614269788183 0.15462962962962964 0.021739130434782608
17 0.2439814814814815 0.6825529542920847 0.13425925925925927 0.020624303232998884
17 0.26203703703703707 0.7505574136008919 0.17037037037037037 0.017279821627647716
17 0.25787037037037036 0.8458751393534002 0.1638888888888889 0.017279821627647716
17 0.24351851851851852 0.9155518394648829 0.13703703703703704 0.017279821627647716
8 0.06898148148148149 0.915273132664437 0.05092592592592593 0.030100334448160536
8 0.06898148148148149 0.8450390189520625 0.05092592592592593 0.024526198439241916
9 0.06898148148148149 0.749721293199554 0.04722222222222222 0.033444816053511704
8 0.06898148148148149 0.6789297658862876 0.05092592592592593 0.028985507246376812
8 0.06898148148148149 0.6089743589743589 0.04537037037037037 0.030657748049052396
8 0.06851851851851852 0.5139353400222966 0.0462962962962963 0.027870680044593088
8 0.06898148148148149 0.4439799331103679 0.049074074074074076 0.030657748049052396
8 0.06851851851851852 0.3734671125975474 0.0462962962962963 0.027870680044593088
8 0.06898148148148149 0.30351170568561875 0.04722222222222222 0.028428093645484948
8 0.2125 0.09336677814938685 0.0638888888888889 0.04292084726867335
9 0.29814814814814816 0.09308807134894091 0.07407407407407407 0.04124860646599777
9 0.38472222222222224 0.09336677814938685 0.05092592592592593 0.0451505016722408
8 0.4712962962962963 0.09336677814938685 0.0462962962962963 0.04292084726867335
6 0.34074074074074073 0.5181159420289855 0.6796296296296297 0.9637681159420289
20 0.500462962962963 0.018115942028985508 0.9990740740740741 0.03511705685618729
