17 0.1550925925925926 0.9467670011148271 0.125 0.017279821627647716
9 0.1550925925925926 0.8804347826086957 0.11388888888888889 0.0641025641025641
17 0.8458333333333333 0.7767558528428093 0.20833333333333334 0.03511705685618729
17 0.6152777777777778 0.7672798216276477 0.10833333333333334 0.015050167224080268
17 0.3842592592592593 0.7667224080267558 0.16296296296296298 0.015050167224080268
17 0.15462962962962964 0.7672798216276477 0.06296296296296297 0.015050167224080268
9 0.8537037037037037 0.7034559643255295 0.1 0.07246376811594203
8 0.6157407407407408 0.7034559643255295 0.11851851851851852 0.0713489409141583
9 0.3851851851851852 0.7026198439241917 0.10370370370370371 0.0641025641025641
9 0.15601851851851853 0.7015050167224081 0.11018518518518519 0.06298773690078038
17 0.10925925925925926 0.6142697881828316 0.1388888888888889 0.017837235228539576
11 0.500462962962963 0.7909698996655519 0.9990740740740741 0.4180602006688963
20 0.500462962962963 0.018115942028985508 0.9990740740740741 0.03511705685618729
