9 0.07361111111111111 0.3366778149386845 0.04537037037037037 0.024526198439241916
17 0.3421296296296296 0.33890746934225197 0.425 0.026755852842809364
8 0.07407407407407407 0.2530657748049052 0.044444444444444446 0.026755852842809364
17 0.3675925925925926 0.1714046822742475 0.4759259259259259 0.020624303232998884
17 0.23101851851851854 0.08193979933110368 0.18425925925925926 0.022296544035674472
8 0.07407407407407407 0.08138238573021181 0.024074074074074074 0.022296544035674472
17 0.24074074074074076 0.2564102564102564 0.2240740740740741 0.02564102564102564
8 0.07361111111111111 0.17084726867335562 0.04351851851851852 0.023968784838350056
19 0.500462962962963 0.08166109253065774 0.9990740740740741 0.09197324414715718
20 0.500462962962963 0.018115942028985508 0.9990740740740741 0.03511705685618729
