11 0.500462962962963 0.5178372352285395 0.8731481481481482 0.9186176142697882
17 0.28101851851851856 0.10813823857302118 0.3101851851851852 0.028985507246376812
5 0.29814814814814816 0.17224080267558528 0.3388888888888889 0.030100334448160536
17 0.3541666666666667 0.17391304347826086 0.22685185185185186 0.026755852842809364
5 0.32916666666666666 0.24219620958751392 0.40092592592592596 0.029542920847268672
17 0.3851851851851852 0.24358974358974358 0.2888888888888889 0.026755852842809364
5 0.33055555555555555 0.31270903010033446 0.40185185185185185 0.030100334448160536
17 0.38657407407407407 0.31438127090301005 0.2898148148148148 0.026755852842809364
5 0.337037037037037 0.3826644370122631 0.41481481481481486 0.029542920847268672
17 0.39305555555555555 0.38405797101449274 0.3027777777777778 0.026755852842809364
5 0.33101851851851855 0.4528985507246377 0.4046296296296297 0.030657748049052396
17 0.38657407407407407 0.45484949832775917 0.2935185185185185 0.026755852842809364
5 0.33240740740740743 0.5228539576365663 0.40555555555555556 0.030100334448160536
17 0.3875 0.5245261984392419 0.2953703703703704 0.026755852842809364
5 0.34861111111111115 0.5919732441471571 0.437962962962963 0.027870680044593088
17 0.40370370370370373 0.5922519509476031 0.3277777777777778 0.021739130434782608
5 0.30694444444444446 0.6633221850613155 0.35462962962962963 0.030100334448160536
17 0.3625 0.664994425863991 0.24351851851851852 0.026755852842809364
5 0.32083333333333336 0.7324414715719063 0.3824074074074074 0.027870680044593088
17 0.37592592592592594 0.7329988851727982 0.27222222222222225 0.021181716833890748
5 0.32731481481481484 0.802675585284281 0.39722222222222225 0.027870680044593088
17 0.38333333333333336 0.8029542920847269 0.2851851851851852 0.021739130434782608
5 0.3680555555555556 0.8729096989966555 0.47685185185185186 0.027870680044593088
17 0.4236111111111111 0.8731884057971014 0.36574074074074076 0.021739130434782608
17 0.6583333333333333 0.9358974358974359 0.13148148148148148 0.016722408026755852
17 0.8305555555555556 0.9358974358974359 0.0462962962962963 0.016722408026755852
20 0.500462962962963 0.018115942028985508 0.9990740740740741 0.03511705685618729
