17 0.3388888888888889 0.4370122630992196 0.22592592592592595 0.015607580824972128
9 0.18888888888888888 0.8779264214046822 0.2925925925925926 0.0947603121516165
17 0.9212962962962963 0.846711259754738 0.03888888888888889 0.014492753623188406
17 0.6185185185185186 0.8578595317725752 0.5111111111111112 0.04793756967670011
8 0.9370370370370371 0.07692307692307693 0.05555555555555556 0.028985507246376812
17 0.24166666666666667 0.07748049052396878 0.1277777777777778 0.023411371237458192
8 0.06944444444444445 0.07692307692307693 0.04259259259259259 0.024526198439241916
17 0.40925925925925927 0.5696767001114827 0.06666666666666667 0.017837235228539576
17 0.4240740740740741 0.6315496098104794 0.1 0.016722408026755852
5 0.25925925925925924 0.5061315496098104 0.04814814814814815 0.028985507246376812
5 0.33611111111111114 0.6298773690078038 0.05 0.031215161649944256
5 0.33611111111111114 0.5680044593088072 0.05 0.032329988851727984
17 0.5166666666666667 0.5072463768115942 0.44074074074074077 0.042363433667781496
17 0.725 0.7190635451505016 0.09444444444444444 0.020066889632107024
17 0.5324074074074074 0.7190635451505016 0.15 0.020066889632107024
7 0.5 0.443701226309922 0.562962962962963 0.028985507246376812
17 0.3462962962962963 0.3210702341137124 0.2555555555555556 0.026755852842809364
11 0.500925925925926 0.5178372352285395 0.6833333333333333 0.4983277591973244
20 0.500925925925926 0.0189520624303233 0.9981481481481482 0.03567447045707915
