9 0.9180555555555556 0.9593088071348941 0.08981481481481482 0.05351170568561873
17 0.10833333333333334 0.9593088071348941 0.13518518518518519 0.02564102564102564
17 0.48842592592592593 0.1552396878483835 0.913888888888889 0.023968784838350056
17 0.8921296296296297 0.07692307692307693 0.13796296296296298 0.0189520624303233
17 0.28935185185185186 0.07971014492753623 0.22314814814814815 0.030100334448160536
8 0.06851851851851852 0.07664437012263099 0.03888888888888889 0.023968784838350056
17 0.49953703703703706 0.7870680044593088 0.7546296296296297 0.044593088071348944
18 0.500462962962963 0.6909141583054627 0.7675925925925926 0.06744704570791527
17 0.8097222222222222 0.6151059085841695 0.14722222222222223 0.021739130434782608
17 0.8222222222222223 0.5836120401337792 0.12037037037037038 0.023411371237458192
17 0.15972222222222224 0.5833333333333334 0.08425925925925926 0.01950947603121516
17 0.8245370370370371 0.5167224080267558 0.11574074074074074 0.023411371237458192
17 0.16203703703703703 0.5170011148272018 0.08518518518518518 0.01950947603121516
17 0.4990740740740741 0.4345039018952062 0.42962962962962964 0.026198439241917504
9 0.5050925925925926 0.3054626532887402 0.2675925925925926 0.12931995540691194
11 0.500462962962963 0.5175585284280937 0.9231481481481482 0.6806020066889632
20 0.500462962962963 0.018115942028985508 0.9990740740740741 0.03511705685618729
