17 0.35462962962962963 0.6059085841694537 0.5907407407407408 0.045707915273132664
17 0.40185185185185185 0.6962095875139354 0.6888888888888889 0.06577480490523968
13 0.5 0.7764771460423634 0.1925925925925926 0.014492753623188406
18 0.27314814814814814 0.846711259754738 0.4277777777777778 0.06354515050167224
18 0.7287037037037037 0.8478260869565217 0.4277777777777778 0.06354515050167224
18 0.5 0.9258639910813824 0.8851851851851852 0.06354515050167224
9 0.1814814814814815 0.10702341137123746 0.24814814814814815 0.05128205128205128
17 0.888888888888889 0.1020066889632107 0.10370370370370371 0.023411371237458192
0 0.500925925925926 0.5178372352285395 0.9981481481481482 0.9643255295429208
20 0.500925925925926 0.018394648829431436 0.9981481481481482 0.03455964325529543
