17 0.21203703703703705 0.07748049052396878 0.06851851851851852 0.024526198439241916
8 0.06712962962962964 0.07608695652173914 0.04166666666666667 0.02508361204013378
17 0.2152777777777778 0.16722408026755853 0.3731481481481482 0.020066889632107024
17 0.2537037037037037 0.2318840579710145 0.20740740740740743 0.020066889632107024
17 0.2087962962962963 0.3213489409141583 0.10462962962962963 0.020624303232998884
17 0.19953703703703704 0.4108138238573021 0.08981481481481482 0.020066889632107024
17 0.23101851851851854 0.5 0.1527777777777778 0.020066889632107024
17 0.23611111111111113 0.5891861761426979 0.1685185185185185 0.020066889632107024
17 0.6476851851851853 0.6783723522853957 0.08055555555555556 0.022296544035674472
17 0.09537037037037037 0.6789297658862876 0.11111111111111112 0.0189520624303233
17 0.10185185185185186 0.7722965440356745 0.15 0.01950947603121516
17 0.1050925925925926 0.8375139353400223 0.1287037037037037 0.020624303232998884
17 0.21944444444444444 0.9267001114827201 0.362962962962963 0.020624303232998884
8 0.08287037037037037 0.23132664437012262 0.08055555555555556 0.04905239687848383
8 0.08703703703703704 0.32079152731326643 0.08703703703703704 0.05072463768115942
9 0.08518518518518518 0.4099777034559643 0.08518518518518518 0.05072463768115942
9 0.08518518518518518 0.49888517279821626 0.08333333333333334 0.05016722408026756
8 0.08425925925925926 0.5889074693422519 0.08148148148148149 0.048494983277591976
6 0.3652777777777778 0.5585284280936454 0.7287037037037037 0.8818283166109253
20 0.500462962962963 0.018115942028985508 0.9990740740740741 0.03511705685618729
