17 0.20787037037037037 0.07915273132664437 0.33796296296296297 0.024526198439241916
17 0.1175925925925926 0.2040133779264214 0.1574074074074074 0.016722408026755852
17 0.22222222222222224 0.28762541806020064 0.09074074074074075 0.016722408026755852
17 0.23425925925925928 0.35785953177257523 0.11481481481481481 0.016722408026755852
17 0.22824074074074074 0.4278149386845039 0.10648148148148148 0.017279821627647716
17 0.2476851851851852 0.49804905239687847 0.14166666666666666 0.017279821627647716
17 0.2611111111111111 0.5702341137123745 0.17037037037037037 0.021181716833890748
17 0.21481481481481482 0.6404682274247492 0.07777777777777778 0.021181716833890748
17 0.2240740740740741 0.7107023411371237 0.09814814814814815 0.021181716833890748
17 0.10833333333333334 0.7920847268673356 0.13703703703703704 0.017837235228539576
17 0.23935185185185187 0.862876254180602 0.1287037037037037 0.016722408026755852
17 0.23796296296296296 0.9347826086956521 0.12592592592592594 0.021181716833890748
8 0.06898148148148149 0.9322742474916388 0.03796296296296296 0.022853957636566332
8 0.06898148148148149 0.8620401337792643 0.05092592592592593 0.030657748049052396
8 0.06851851851851852 0.7081939799331104 0.0462962962962963 0.028428093645484948
8 0.06620370370370371 0.6382385730211817 0.05092592592592593 0.031215161649944256
8 0.06898148148148149 0.5677257525083612 0.06018518518518519 0.030657748049052396
9 0.06851851851851852 0.49581939799331104 0.0462962962962963 0.029542920847268672
8 0.06851851851851852 0.42725752508361203 0.05185185185185186 0.030657748049052396
8 0.06898148148148149 0.35758082497212934 0.05092592592592593 0.03177257525083612
8 0.06944444444444445 0.28651059085841696 0.05 0.026755852842809364
8 0.6032407407407407 0.19370122630992195 0.05092592592592593 0.03288740245261984
6 0.34074074074074073 0.5178372352285395 0.6796296296296297 0.9643255295429208
20 0.500462962962963 0.018115942028985508 0.9990740740740741 0.03511705685618729
