17 0.1574074074074074 0.6086956521739131 0.18888888888888888 0.022296544035674472
17 0.2 0.5267558528428093 0.2777777777777778 0.023411371237458192
17 0.16574074074074074 0.44537346711259757 0.20925925925925926 0.021181716833890748
17 0.1685185185185185 0.3634336677814939 0.2111111111111111 0.020066889632107024
8 0.6851851851851852 0.8500557413600892 0.08518518518518518 0.05239687848383501
8 0.5768518518518518 0.8500557413600892 0.08703703703703704 0.05239687848383501
17 0.3907407407407408 0.8494983277591973 0.23703703703703705 0.017837235228539576
18 0.5 0.7670011148272018 0.9037037037037038 0.0713489409141583
17 0.5018518518518519 0.6878483835005574 0.8074074074074075 0.03567447045707915
7 0.5018518518518519 0.6148272017837235 0.8851851851851852 0.03455964325529543
7 0.5018518518518519 0.5328874024526198 0.8814814814814815 0.03567447045707915
7 0.5018518518518519 0.4520624303232999 0.8851851851851852 0.03455964325529543
7 0.5027777777777778 0.3701226309921962 0.8833333333333334 0.033444816053511704
17 0.5018518518518519 0.27034559643255296 0.8703703703703703 0.045707915273132664
9 0.5018518518518519 0.18394648829431437 0.6481481481481481 0.06020066889632107
17 0.25925925925925924 0.0802675585284281 0.16666666666666669 0.028985507246376812
8 0.0712962962962963 0.07748049052396878 0.03518518518518519 0.021181716833890748
19 0.500925925925926 0.07748049052396878 0.9981481481481482 0.08138238573021181
20 0.500925925925926 0.0189520624303233 0.9981481481481482 0.03567447045707915
