17 0.7907407407407407 0.9333890746934225 0.11111111111111112 0.016164994425863992
17 0.5782407407407407 0.9333890746934225 0.08425925925925926 0.016164994425863992
17 0.4861111111111111 0.3625975473801561 0.7277777777777779 0.05964325529542921
17 0.15185185185185185 0.27591973244147155 0.05925925925925926 0.03678929765886287
17 0.475462962962963 0.27424749163879597 0.5287037037037037 0.022296544035674472
17 0.350462962962963 0.205685618729097 0.4527777777777778 0.022296544035674472
17 0.42083333333333334 0.12207357859531773 0.3231481481481482 0.020066889632107024
17 0.36342592592592593 0.09559643255295429 0.21203703703703705 0.023968784838350056
8 0.1712962962962963 0.10535117056856187 0.1 0.059085841694537344
11 0.500462962962963 0.5175585284280937 0.8731481481481482 0.9180602006688963
20 0.500462962962963 0.018115942028985508 0.9990740740740741 0.03511705685618729
