17 0.23657407407407408 0.5289855072463768 0.2675925925925926 0.021181716833890748
17 0.19953703703703704 0.6137123745819398 0.19166666666666668 0.021181716833890748
18 0.500462962962963 0.9612597547380156 0.9990740740740741 0.07748049052396878
17 0.8125 0.6978818283166109 0.28055555555555556 0.022296544035674472
17 0.21342592592592594 0.6981605351170569 0.325 0.021739130434782608
7 0.3578703703703704 0.6137123745819398 0.6064814814814815 0.06131549609810479
18 0.8046296296296297 0.6134336677814939 0.29074074074074074 0.06075808249721293
7 0.500462962962963 0.5287068004459309 0.8916666666666667 0.06075808249721293
17 0.5013888888888889 0.4431438127090301 0.6694444444444445 0.05016722408026756
9 0.5939814814814816 0.21181716833890746 0.2638888888888889 0.1605351170568562
17 0.35462962962962963 0.2165551839464883 0.16111111111111112 0.07302118171683389
20 0.500462962962963 0.018115942028985508 0.9990740740740741 0.03511705685618729
