17 0.2953703703703704 0.56438127090301 0.1851851851851852 0.021739130434782608
17 0.3611111111111111 0.46098104793756967 0.31851851851851853 0.022296544035674472
8 0.15185185185185185 0.5641025641025641 0.05 0.030100334448160536
8 0.15046296296296297 0.4598662207357859 0.049074074074074076 0.030100334448160536
18 0.7435185185185186 0.6608138238573021 0.26296296296296295 0.07079152731326645
17 0.7412037037037037 0.7410813823857302 0.2657407407407408 0.021739130434782608
7 0.500462962962963 0.568561872909699 0.7490740740740741 0.03901895206243032
7 0.5 0.4646042363433668 0.75 0.039576365663322184
8 0.7115740740740741 0.32552954292084724 0.18796296296296297 0.11371237458193979
8 0.5 0.32608695652173914 0.18888888888888888 0.11371237458193979
8 0.28935185185185186 0.32552954292084724 0.18796296296296297 0.11371237458193979
9 0.5023148148148149 0.1527313266443701 0.25277777777777777 0.15496098104793757
20 0.500462962962963 0.018115942028985508 0.9990740740740741 0.03511705685618729
