17 0.15555555555555556 0.20066889632107024 0.07777777777777778 0.015607580824972128
17 0.14444444444444446 0.9721293199554069 0.05555555555555556 0.015607580824972128
8 0.05925925925925926 0.9715719063545151 0.05925925925925926 0.03455964325529543
17 0.19722222222222224 0.9018952062430323 0.16111111111111112 0.015607580824972128
9 0.06018518518518519 0.9018952062430323 0.053703703703703705 0.03567447045707915
17 0.28611111111111115 0.8316610925306578 0.3388888888888889 0.015607580824972128
9 0.061111111111111116 0.8322185061315496 0.05925925925925926 0.032329988851727984
17 0.2953703703703704 0.7625418060200668 0.3574074074074074 0.020066889632107024
9 0.05925925925925926 0.761984392419175 0.05925925925925926 0.02564102564102564
17 0.29444444444444445 0.6911928651059086 0.3592592592592593 0.015607580824972128
9 0.06018518518518519 0.6911928651059086 0.061111111111111116 0.026755852842809364
17 0.31851851851851853 0.6220735785953178 0.40370370370370373 0.017837235228539576
8 0.05925925925925926 0.6215161649944259 0.05925925925925926 0.027870680044593088
17 0.25833333333333336 0.5518394648829431 0.2833333333333333 0.020066889632107024
9 0.061111111111111116 0.5512820512820513 0.05925925925925926 0.03455964325529543
17 0.16481481481481483 0.4816053511705686 0.1 0.015607580824972128
9 0.06018518518518519 0.4810479375696767 0.061111111111111116 0.032329988851727984
17 0.14537037037037037 0.4108138238573021 0.05740740740740741 0.014492753623188406
9 0.06018518518518519 0.4108138238573021 0.05740740740740741 0.03455964325529543
17 0.3101851851851852 0.34169453734671124 0.38703703703703707 0.0189520624303233
9 0.06018518518518519 0.34057971014492755 0.061111111111111116 0.03455964325529543
17 0.20925925925925926 0.27034559643255296 0.1851851851851852 0.016722408026755852
9 0.061111111111111116 0.2709030100334448 0.05925925925925926 0.03567447045707915
8 0.06018518518518519 0.1995540691192865 0.05 0.026755852842809364
17 0.3027777777777778 0.10089186176142698 0.17592592592592593 0.0189520624303233
8 0.10925925925925926 0.09977703455964325 0.13333333333333333 0.07915273132664437
6 0.3416666666666667 0.5183946488294314 0.6796296296296297 0.9632107023411371
20 0.500925925925926 0.0189520624303233 0.9981481481481482 0.03567447045707915
