17 0.5 0.07469342251950947 0.21481481481481482 0.024526198439241916
17 0.12314814814814816 0.15607580824972128 0.09074074074074075 0.020066889632107024
17 0.1425925925925926 0.18561872909698995 0.12962962962962962 0.0189520624303233
17 0.14537037037037037 0.2664437012263099 0.1277777777777778 0.024526198439241916
17 0.1277777777777778 0.2931995540691193 0.0962962962962963 0.017837235228539576
17 0.16296296296296298 0.37402452619843923 0.16296296296296298 0.02564102564102564
17 0.18611111111111112 0.40245261984392416 0.20925925925925926 0.024526198439241916
5 0.49259259259259264 0.4777034559643255 0.8296296296296297 0.027870680044593088
17 0.14351851851851852 0.4782608695652174 0.13148148148148148 0.020066889632107024
17 0.23981481481481481 0.5579710144927537 0.32407407407407407 0.021181716833890748
17 0.2833333333333333 0.5869565217391304 0.40740740740740744 0.0189520624303233
17 0.11574074074074074 0.6605351170568562 0.10555555555555556 0.023411371237458192
18 0.25092592592592594 0.9632107023411371 0.4981481481481482 0.07357859531772575
18 0.75 0.9632107023411371 0.5 0.07357859531772575
20 0.500925925925926 0.0189520624303233 0.9981481481481482 0.03567447045707915
