8 0.862037037037037 0.6198439241917503 0.053703703703703705 0.033444816053511704
8 0.862037037037037 0.5016722408026756 0.053703703703703705 0.033444816053511704
8 0.862037037037037 0.382943143812709 0.053703703703703705 0.03455964325529543
8 0.862962962962963 0.2647714604236343 0.05185185185185186 0.032329988851727984
8 0.9175925925925926 0.1588628762541806 0.12407407407407407 0.06354515050167224
5 0.08333333333333334 0.6204013377926422 0.07407407407407407 0.045707915273132664
17 0.32685185185185184 0.6282051282051282 0.0462962962962963 0.016722408026755852
17 0.22685185185185186 0.6220735785953178 0.12037037037037038 0.031215161649944256
8 0.9388888888888889 0.6204013377926422 0.014814814814814815 0.027870680044593088
5 0.08333333333333334 0.5016722408026756 0.07407407407407407 0.044593088071348944
17 0.225 0.5284280936454849 0.12037037037037038 0.020066889632107024
17 0.32685185185185184 0.4972129319955407 0.05 0.017837235228539576
17 0.22685185185185186 0.49052396878483834 0.11666666666666667 0.031215161649944256
8 0.937962962962963 0.5016722408026756 0.012962962962962964 0.026755852842809364
5 0.08333333333333334 0.382943143812709 0.07407407407407407 0.045707915273132664
17 0.34074074074074073 0.4096989966555184 0.34444444444444444 0.021181716833890748
17 0.32685185185185184 0.37848383500557414 0.05 0.016722408026755852
17 0.22777777777777777 0.3717948717948718 0.11851851851851852 0.030100334448160536
8 0.9388888888888889 0.382943143812709 0.014814814814814815 0.027870680044593088
5 0.08333333333333334 0.26421404682274247 0.07407407407407407 0.044593088071348944
17 0.34074074074074073 0.2909698996655518 0.34444444444444444 0.020066889632107024
17 0.32685185185185184 0.26031215161649945 0.05 0.016722408026755852
17 0.22685185185185186 0.2525083612040134 0.12037037037037038 0.030100334448160536
8 0.937962962962963 0.2647714604236343 0.012962962962962964 0.027870680044593088
18 0.4351851851851852 0.15830546265328874 0.8111111111111111 0.06465997770345597
8 0.9277777777777778 0.07469342251950947 0.05555555555555556 0.03567447045707915
17 0.5 0.07803790412486064 0.16666666666666669 0.033444816053511704
8 0.075 0.07357859531772575 0.05 0.022296544035674472
19 0.500925925925926 0.07692307692307693 0.9981481481481482 0.0802675585284281
20 0.500925925925926 0.0189520624303233 0.9981481481481482 0.03567447045707915
