9 0.10324074074074074 0.4969342251950947 0.0787037037037037 0.04738015607580825
17 0.37222222222222223 0.49136008918617613 0.37777777777777777 0.026198439241917504
17 0.5453703703703704 0.5501672240802675 0.7240740740740741 0.07469342251950947
17 0.5259259259259259 0.6295986622073578 0.5592592592592592 0.021739130434782608
17 0.2796296296296296 0.1354515050167224 0.45555555555555555 0.027870680044593088
17 0.4425925925925926 0.2048494983277592 0.5166666666666667 0.026198439241917504
17 0.5569444444444445 0.3001672240802676 0.7472222222222222 0.15551839464882944
8 0.10324074074074074 0.21014492753623187 0.08055555555555556 0.04793756967670011
18 0.5069444444444444 0.4222408026755853 0.8842592592592593 0.07413600891861762
8 0.20601851851851852 0.6270903010033445 0.04537037037037037 0.026755852842809364
13 0.500462962962963 0.9849498327759197 0.09537037037037037 0.016722408026755852
17 0.9152777777777779 0.0713489409141583 0.08611111111111111 0.016722408026755852
17 0.7421296296296297 0.07079152731326645 0.07314814814814816 0.016722408026755852
9 0.12037037037037038 0.06800445930880714 0.17037037037037037 0.05351170568561873
19 0.500462962962963 0.07079152731326645 0.9990740740740741 0.07023411371237458
20 0.500462962962963 0.018115942028985508 0.9990740740740741 0.03511705685618729
