17 0.3037037037037037 0.9698996655518395 0.2425925925925926 0.0189520624303233
9 0.09074074074074075 0.9687848383500557 0.0962962962962963 0.059085841694537344
17 0.22731481481481483 0.8773690078037903 0.09351851851851853 0.0189520624303233
8 0.09074074074074075 0.8762541806020067 0.0962962962962963 0.059085841694537344
17 0.3425925925925926 0.7845596432552954 0.32222222222222224 0.01950947603121516
8 0.09074074074074075 0.7842809364548495 0.0962962962962963 0.059085841694537344
17 0.3976851851851852 0.6923076923076923 0.4305555555555556 0.020066889632107024
8 0.09074074074074075 0.6914715719063546 0.0962962962962963 0.05964325529542921
17 0.32222222222222224 0.6022853957636566 0.2796296296296296 0.023968784838350056
9 0.09074074074074075 0.5994983277591973 0.0962962962962963 0.05964325529542921
17 0.3574074074074074 0.5097547380156076 0.35000000000000003 0.023968784838350056
9 0.09074074074074075 0.5072463768115942 0.0962962962962963 0.059085841694537344
17 0.33564814814814814 0.415273132664437 0.3101851851851852 0.020066889632107024
9 0.09074074074074075 0.4144370122630992 0.0962962962962963 0.05852842809364548
17 0.31574074074074077 0.32274247491638797 0.26666666666666666 0.020066889632107024
9 0.09074074074074075 0.32218506131549607 0.0962962962962963 0.059085841694537344
17 0.32037037037037036 0.2310479375696767 0.2814814814814815 0.01950947603121516
9 0.09074074074074075 0.22993311036789296 0.0962962962962963 0.05852842809364548
17 0.750462962962963 0.15301003344481606 0.20277777777777778 0.015050167224080268
17 0.2513888888888889 0.15301003344481606 0.1712962962962963 0.015050167224080268
17 0.3458333333333333 0.07720178372352285 0.33981481481481485 0.02508361204013378
8 0.9407407407407408 0.07608695652173914 0.044444444444444446 0.027313266443701224
8 0.06898148148148149 0.07692307692307693 0.04166666666666667 0.024526198439241916
20 0.500462962962963 0.018115942028985508 0.9990740740740741 0.03511705685618729
