18 0.2712962962962963 0.9057971014492754 0.4444444444444445 0.06465997770345597
18 0.7296296296296296 0.9057971014492754 0.4444444444444445 0.06465997770345597
18 0.500925925925926 0.8274804905239688 0.9037037037037038 0.06298773690078038
17 0.5050925925925926 0.9710144927536232 0.6175925925925926 0.017837235228539576
17 0.49953703703703706 0.7667224080267558 0.437962962962963 0.01950947603121516
13 0.4953703703703704 0.7212931995540691 0.14074074074074075 0.014492753623188406
17 0.500925925925926 0.653010033444816 0.8351851851851853 0.052954292084726864
17 0.500925925925926 0.5702341137123745 0.7240740740740741 0.031215161649944256
0 0.49953703703703706 0.5156075808249722 0.9972222222222222 0.9687848383500557
20 0.500462962962963 0.01588628762541806 0.9990740740740741 0.030657748049052396
