9 0.7421296296296297 0.4442586399108138 0.4620370370370371 0.20624303232998883
9 0.25601851851851853 0.443701226309922 0.4638888888888889 0.20512820512820512
8 0.7069444444444445 0.07720178372352285 0.05092592592592593 0.030657748049052396
8 0.825462962962963 0.07720178372352285 0.04722222222222222 0.028428093645484948
8 0.9416666666666667 0.07664437012263099 0.044444444444444446 0.027313266443701224
17 0.8587962962962963 0.1535674470457079 0.28240740740740744 0.016164994425863992
17 0.362962962962963 0.15328874024526198 0.12037037037037038 0.016722408026755852
17 0.12314814814814816 0.15328874024526198 0.12592592592592594 0.016722408026755852
17 0.21805555555555556 0.07748049052396878 0.16018518518518518 0.022296544035674472
8 0.06851851851851852 0.07608695652173914 0.04814814814814815 0.021739130434782608
17 0.08333333333333334 0.600613154960981 0.08703703703703704 0.017279821627647716
17 0.15416666666666667 0.9445373467112598 0.16203703703703703 0.015050167224080268
9 0.15462962962962964 0.8801560758082497 0.10370370370370371 0.06465997770345597
17 0.8462962962962963 0.7670011148272018 0.10925925925925926 0.015607580824972128
17 0.6157407407407408 0.7767558528428093 0.20925925925925926 0.03511705685618729
17 0.3856481481481482 0.7689520624303233 0.125 0.018394648829431436
17 0.15555555555555556 0.7670011148272018 0.11111111111111112 0.015607580824972128
8 0.8458333333333333 0.7031772575250836 0.11944444444444445 0.07190635451505016
9 0.6240740740740741 0.7031772575250836 0.10185185185185186 0.07302118171683389
9 0.3856481481481482 0.7034559643255295 0.11574074074074074 0.06465997770345597
8 0.15462962962962964 0.7034559643255295 0.09444444444444444 0.056856187290969896
17 0.8842592592592593 0.6103678929765887 0.09814814814814815 0.016722408026755852
8 0.7675925925925926 0.6098104793756968 0.061111111111111116 0.03678929765886287
11 0.500462962962963 0.7842809364548495 0.9990740740740741 0.431438127090301
20 0.500462962962963 0.018115942028985508 0.9990740740740741 0.03511705685618729
