17 0.4990740740740741 0.9721293199554069 0.19444444444444445 0.017837235228539576
16 0.8898148148148148 0.5072463768115942 0.08333333333333334 0.033444816053511704
16 0.8898148148148148 0.4492753623188406 0.08333333333333334 0.031215161649944256
17 0.20462962962962963 0.5066889632107023 0.2796296296296296 0.0189520624303233
17 0.19351851851851853 0.4442586399108138 0.2611111111111111 0.0189520624303233
16 0.8898148148148148 0.39409141583054624 0.08333333333333334 0.032329988851727984
17 0.13796296296296298 0.3879598662207358 0.1462962962962963 0.017837235228539576
16 0.8907407407407407 0.3372352285395764 0.08148148148148149 0.032329988851727984
17 0.14166666666666666 0.33166109253065773 0.1574074074074074 0.0189520624303233
17 0.28703703703703703 0.24526198439241917 0.4444444444444445 0.022296544035674472
17 0.2962962962962963 0.1716833890746934 0.46296296296296297 0.022296544035674472
17 0.2675925925925926 0.08082497212931995 0.17962962962962964 0.030100334448160536
8 0.06851851851851852 0.07636566332218506 0.05185185185185186 0.023411371237458192
20 0.500925925925926 0.0189520624303233 0.9981481481481482 0.03567447045707915
