17 0.2175925925925926 0.47575250836120403 0.15185185185185185 0.017279821627647716
17 0.2513888888888889 0.40551839464882944 0.21944444444444444 0.017279821627647716
8 0.8319444444444445 0.6675027870680045 0.015740740740740743 0.015050167224080268
8 0.8319444444444445 0.6204013377926422 0.015740740740740743 0.014492753623188406
17 0.5013888888888889 0.955406911928651 0.3787037037037037 0.017837235228539576
18 0.500462962962963 0.552675585284281 0.7194444444444444 0.06521739130434782
17 0.7583333333333334 0.6683389074693422 0.11666666666666667 0.022296544035674472
17 0.6865740740740741 0.6217948717948718 0.25833333333333336 0.021739130434782608
7 0.500462962962963 0.48244147157190637 0.7212962962962963 0.030657748049052396
7 0.500462962962963 0.4122073578595318 0.7212962962962963 0.030657748049052396
17 0.4986111111111111 0.3358416945373467 0.4064814814814815 0.027313266443701224
8 0.5 0.25 0.1574074074074074 0.08639910813823858
9 0.49768518518518523 0.07664437012263099 0.10092592592592593 0.029542920847268672
20 0.500462962962963 0.018115942028985508 0.9990740740740741 0.03511705685618729
