11 0.500462962962963 0.5175585284280937 0.8731481481481482 0.7363433667781494
17 0.37453703703703706 0.19732441471571907 0.537962962962963 0.026755852842809364
5 0.4967592592592593 0.28288740245261984 0.7824074074074074 0.030657748049052396
17 0.24027777777777778 0.2842809364548495 0.26944444444444443 0.027870680044593088
5 0.4967592592592593 0.3520066889632107 0.7824074074074074 0.026198439241917504
17 0.2 0.3528428093645485 0.18888888888888888 0.023411371237458192
5 0.49583333333333335 0.4250278706800446 0.7842592592592593 0.030657748049052396
17 0.25833333333333336 0.4267001114827202 0.3092592592592593 0.027313266443701224
5 0.4962962962962963 0.49609810479375693 0.7814814814814816 0.031215161649944256
17 0.19861111111111113 0.49804905239687847 0.18611111111111112 0.027313266443701224
5 0.4967592592592593 0.5668896321070234 0.7824074074074074 0.031215161649944256
17 0.16944444444444445 0.568283166109253 0.1277777777777778 0.028428093645484948
5 0.4967592592592593 0.6382385730211817 0.7824074074074074 0.031215161649944256
17 0.24675925925925926 0.6396321070234113 0.28240740740740744 0.028428093645484948
5 0.49583333333333335 0.70958751393534 0.7824074074074074 0.031215161649944256
17 0.24953703703703706 0.7109810479375697 0.2898148148148148 0.028428093645484948
5 0.4962962962962963 0.7803790412486065 0.7814814814814816 0.031215161649944256
17 0.21296296296296297 0.7812151616499442 0.21481481481481482 0.029542920847268672
18 0.500925925925926 0.850891861761427 0.8722222222222222 0.06967670011148272
20 0.500462962962963 0.018115942028985508 0.9990740740740741 0.03511705685618729
