17 0.34120370370370373 0.20512820512820512 0.45092592592592595 0.027870680044593088
17 0.34120370370370373 0.23968784838350055 0.25833333333333336 0.015607580824972128
17 0.1875 0.3079710144927536 0.10648148148148148 0.017279821627647716
17 0.16666666666666669 0.3782051282051282 0.06296296296296297 0.017279821627647716
17 0.20601851851851852 0.4498327759197324 0.14166666666666666 0.022296544035674472
17 0.16805555555555557 0.520066889632107 0.06759259259259259 0.021181716833890748
17 0.2050925925925926 0.5883500557413601 0.1398148148148148 0.017279821627647716
17 0.19722222222222224 0.967391304347826 0.12592592592592594 0.020624303232998884
9 0.06851851851851852 0.9646042363433668 0.05925925925925926 0.026198439241917504
8 0.06759259259259259 0.5880713489409142 0.061111111111111116 0.03455964325529543
9 0.06759259259259259 0.5175585284280937 0.061111111111111116 0.037346711259754736
9 0.06805555555555556 0.44732441471571904 0.062037037037037036 0.03288740245261984
8 0.06759259259259259 0.37709030100334445 0.05185185185185186 0.036231884057971016
9 0.06759259259259259 0.3054626532887402 0.061111111111111116 0.031215161649944256
9 0.3402777777777778 0.1544035674470457 0.6787037037037037 0.23522853957636566
6 0.34074074074074073 0.5186733556298774 0.6796296296296297 0.9626532887402452
20 0.500462962962963 0.018115942028985508 0.9990740740740741 0.03511705685618729
