17 0.4337962962962963 0.19509476031215162 0.46944444444444444 0.028985507246376812
5 0.3686799648148148 0.34368505239687847 0.3144919222222222 0.03057861315496097
17 0.40925925925925927 0.3430880713489409 0.23333333333333334 0.018394648829431436
5 0.3907407407407408 0.4136008918617614 0.3592592592592593 0.031215161649944256
17 0.4314814814814815 0.41555183946488294 0.2777777777777778 0.022853957636566332
5 0.35324074074074074 0.483835005574136 0.28425925925925927 0.031215161649944256
17 0.3925925925925926 0.48578595317725753 0.20555555555555557 0.022853957636566332
5 0.3148148148148148 0.5540691192865106 0.20740740740740743 0.031215161649944256
17 0.3541666666666667 0.5540691192865106 0.1287037037037037 0.0189520624303233
5 0.3101851851851852 0.6243032329988851 0.19814814814814816 0.031215161649944256
17 0.3490740740740741 0.6262541806020067 0.12037037037037038 0.022853957636566332
5 0.3995370370370371 0.6945373467112598 0.3768518518518519 0.031215161649944256
17 0.4388888888888889 0.6939799331103679 0.29814814814814816 0.0189520624303233
5 0.32037037037037036 0.7647714604236343 0.21851851851851853 0.031215161649944256
17 0.3592592592592593 0.7644927536231884 0.14074074074074075 0.018394648829431436
17 0.5611111111111111 0.8584169453734671 0.14074074074074075 0.017837235228539576
17 0.7453703703703703 0.8586956521739131 0.05 0.017279821627647716
11 0.500925925925926 0.5178372352285395 0.7240740740740741 0.7536231884057971
20 0.500462962962963 0.018115942028985508 0.9990740740740741 0.03511705685618729
