17 0.45416666666666666 0.3536789297658863 0.07685185185185185 0.013935340022296544
5 0.6333333333333333 0.5303790412486065 0.05 0.030657748049052396
5 0.45 0.5301003344481605 0.05 0.030100334448160536
17 0.6851851851851852 0.8160535117056856 0.08333333333333334 0.016722408026755852
17 0.47175925925925927 0.8160535117056856 0.13055555555555556 0.016722408026755852
17 0.5 0.6850613154960981 0.46851851851851856 0.024526198439241916
18 0.49953703703703706 0.7335562987736901 0.25462962962962965 0.06020066889632107
17 0.5337962962962963 0.6321070234113713 0.1675925925925926 0.016722408026755852
17 0.312962962962963 0.6323857302118172 0.2111111111111111 0.020624303232998884
17 0.6351851851851852 0.49136008918617613 0.12592592592592594 0.01950947603121516
17 0.45092592592592595 0.49136008918617613 0.08333333333333334 0.01950947603121516
17 0.31527777777777777 0.4921962095875139 0.0638888888888889 0.017837235228539576
9 0.6333333333333333 0.4523411371237458 0.05 0.04180602006688963
9 0.45 0.4520624303232999 0.05740740740740741 0.04124860646599777
7 0.5976851851851852 0.36148272017837235 0.3712962962962963 0.030657748049052396
8 0.2865740740740741 0.33890746934225197 0.15833333333333333 0.0947603121516165
17 0.28703703703703703 0.241917502787068 0.15 0.026755852842809364
11 0.500462962962963 0.5178372352285395 0.700925925925926 0.6666666666666666
20 0.500462962962963 0.018115942028985508 0.9990740740740741 0.03511705685618729
