17 0.6898148148148149 0.9607023411371237 0.10370370370370371 0.016164994425863992
17 0.500462962962963 0.8394648829431438 0.04537037037037037 0.016722408026755852
17 0.42314814814814816 0.9620958751393534 0.37962962962962965 0.021181716833890748
18 0.500925925925926 0.8935340022296544 0.8444444444444444 0.059085841694537344
17 0.48055555555555557 0.7859531772575251 0.8018518518518519 0.042363433667781496
18 0.500462962962963 0.7198996655518395 0.8453703703703704 0.05964325529542921
7 0.500462962962963 0.6535674470457079 0.8453703703703704 0.028428093645484948
7 0.5 0.5813823857302118 0.8462962962962963 0.027870680044593088
17 0.23055555555555557 0.0802675585284281 0.16666666666666669 0.028985507246376812
8 0.06944444444444445 0.07664437012263099 0.040740740740740744 0.02508361204013378
20 0.500462962962963 0.018115942028985508 0.9990740740740741 0.03511705685618729
