9 0.500462962962963 0.8623188405797101 0.9212962962962963 0.2753623188405797
9 0.7310185185185185 0.6488294314381271 0.049074074074074076 0.030100334448160536
17 0.7305555555555556 0.6842251950947603 0.1388888888888889 0.016164994425863992
17 0.27083333333333337 0.6845039018952063 0.18796296296296297 0.016722408026755852
8 0.27037037037037037 0.6485507246376812 0.05 0.030657748049052396
8 0.19722222222222224 0.43812709030100333 0.18888888888888888 0.020066889632107024
13 0.500462962962963 0.3054626532887402 0.14907407407407408 0.011148272017837236
10 0.500462962962963 0.8623188405797101 0.9212962962962963 0.2753623188405797
18 0.4990740740740741 0.5426421404682275 0.9203703703703704 0.08082497212931995
17 0.4078703703703704 0.4378483835005574 0.20092592592592592 0.017279821627647716
17 0.06296296296296297 0.4378483835005574 0.04814814814814815 0.017279821627647716
17 0.3148148148148148 0.3862876254180602 0.5425925925925926 0.027870680044593088
8 0.9319444444444445 0.3851727982162765 0.05092592592592593 0.028985507246376812
8 0.9347222222222222 0.07636566332218506 0.015740740740740743 0.026755852842809364
8 0.06898148148148149 0.07636566332218506 0.04166666666666667 0.02564102564102564
9 0.500462962962963 0.18729096989966554 0.9990740740740741 0.3032329988851728
20 0.500462962962963 0.018115942028985508 0.9990740740740741 0.03511705685618729
