8 0.07037037037037037 0.07692307692307693 0.040740740740740744 0.024526198439241916
17 0.41481481481481486 0.07748049052396878 0.4777777777777778 0.02564102564102564
11 0.500925925925926 0.5178372352285395 0.9240740740740742 0.6633221850613155
17 0.17777777777777778 0.23745819397993312 0.15555555555555556 0.028985507246376812
5 0.2962962962962963 0.3010033444816054 0.3851851851851852 0.031215161649944256
17 0.3527777777777778 0.30267558528428096 0.27222222222222225 0.027870680044593088
5 0.2990740740740741 0.37068004459308806 0.3907407407407408 0.030100334448160536
17 0.35555555555555557 0.3717948717948718 0.2777777777777778 0.027870680044593088
5 0.32962962962962966 0.44091415830546266 0.4518518518518519 0.030100334448160536
17 0.3851851851851852 0.44202898550724634 0.34074074074074073 0.027870680044593088
5 0.30833333333333335 0.5105908584169454 0.40925925925925927 0.031215161649944256
17 0.3648148148148148 0.512263099219621 0.2962962962962963 0.027870680044593088
5 0.27685185185185185 0.5808249721293199 0.3462962962962963 0.031215161649944256
17 0.33333333333333337 0.5824972129319955 0.23333333333333334 0.027870680044593088
5 0.3027777777777778 0.6510590858416945 0.39814814814814814 0.031215161649944256
17 0.35833333333333334 0.6527313266443701 0.28703703703703703 0.027870680044593088
5 0.2888888888888889 0.7212931995540691 0.3703703703703704 0.031215161649944256
17 0.34444444444444444 0.7229654403567447 0.25925925925925924 0.027870680044593088
17 0.6833333333333333 0.8088071348940914 0.13333333333333333 0.0189520624303233
17 0.8564814814814815 0.8088071348940914 0.05 0.0189520624303233
20 0.500925925925926 0.0189520624303233 0.9981481481481482 0.03567447045707915
