9 0.21944444444444444 0.0632664437012263 0.15 0.037346711259754736
8 0.06944444444444445 0.06270903010033445 0.040740740740740744 0.02508361204013378
17 0.5013888888888889 0.1362876254180602 0.08425925925925926 0.01950947603121516
17 0.8342592592592593 0.1362876254180602 0.1925925925925926 0.01950947603121516
17 0.1685185185185185 0.13656633221850614 0.16296296296296298 0.0189520624303233
17 0.13101851851851853 0.20624303232998883 0.18425925925925926 0.0189520624303233
17 0.12592592592592594 0.25863991081382387 0.17407407407407408 0.0189520624303233
17 0.10138888888888889 0.286231884057971 0.11944444444444445 0.018394648829431436
17 0.1337962962962963 0.3642697881828317 0.18796296296296297 0.022853957636566332
5 0.49259259259259264 0.4141583054626533 0.9055555555555556 0.027870680044593088
17 0.2388888888888889 0.4161092530657748 0.39814814814814814 0.022853957636566332
5 0.4930555555555556 0.49052396878483834 0.9046296296296297 0.027870680044593088
17 0.1763888888888889 0.491917502787068 0.2712962962962963 0.022853957636566332
17 0.15 0.568283166109253 0.22037037037037038 0.022853957636566332
17 0.15324074074074073 0.6424191750278707 0.22685185185185186 0.01950947603121516
17 0.14583333333333334 0.6945373467112598 0.20833333333333334 0.0189520624303233
20 0.500462962962963 0.018115942028985508 0.9990740740740741 0.03511705685618729
