8 0.9324074074074075 0.0758082497212932 0.061111111111111116 0.03567447045707915
9 0.3416666666666667 0.12263099219620958 0.29444444444444445 0.0802675585284281
17 0.2564814814814815 0.7731326644370122 0.1574074074074074 0.016722408026755852
17 0.2490740740740741 0.677257525083612 0.1462962962962963 0.016722408026755852
17 0.3314814814814815 0.6070234113712375 0.3074074074074074 0.016722408026755852
17 0.26203703703703707 0.512263099219621 0.17222222222222222 0.016722408026755852
17 0.25462962962962965 0.44202898550724634 0.1574074074074074 0.016722408026755852
17 0.26203703703703707 0.3717948717948718 0.17222222222222222 0.016722408026755852
17 0.26481481481481484 0.3015607580824972 0.17407407407407408 0.016722408026755852
17 0.13425925925925927 0.23411371237458192 0.18703703703703706 0.022296544035674472
8 0.6231481481481481 0.23132664437012262 0.04259259259259259 0.02564102564102564
9 0.06018518518518519 0.3015607580824972 0.04259259259259259 0.02564102564102564
9 0.05925925925925926 0.3717948717948718 0.040740740740740744 0.02564102564102564
9 0.05925925925925926 0.4414715719063545 0.040740740740740744 0.024526198439241916
8 0.05925925925925926 0.5117056856187291 0.040740740740740744 0.024526198439241916
8 0.05925925925925926 0.6070234113712375 0.040740740740740744 0.023411371237458192
8 0.05925925925925926 0.6767001114827201 0.040740740740740744 0.024526198439241916
8 0.058333333333333334 0.7725752508361204 0.024074074074074074 0.024526198439241916
18 0.3416666666666667 0.9648829431438127 0.6796296296296297 0.07023411371237458
6 0.3416666666666667 0.5178372352285395 0.6796296296296297 0.9643255295429208
20 0.500925925925926 0.0189520624303233 0.9981481481481482 0.03567447045707915
