8 0.9398148148148149 0.8896321070234113 0.0462962962962963 0.03567447045707915
9 0.8203703703703704 0.8901895206243032 0.05925925925925926 0.030100334448160536
17 0.312962962962963 0.8784838350055741 0.35185185185185186 0.022296544035674472
17 0.19814814814814816 0.9069119286510591 0.12222222222222223 0.021181716833890748
17 0.500925925925926 0.0713489409141583 0.17222222222222222 0.017837235228539576
9 0.06296296296296297 0.8896321070234113 0.10740740740740741 0.06465997770345597
9 0.500925925925926 0.7720178372352285 0.975925925925926 0.16387959866220736
17 0.12037037037037038 0.6309921962095875 0.11481481481481481 0.031215161649944256
17 0.13518518518518519 0.5997770345596433 0.14444444444444446 0.013377926421404682
9 0.500925925925926 0.5490523968784838 0.975925925925926 0.2686733556298774
17 0.13611111111111113 0.35618729096989965 0.1462962962962963 0.030100334448160536
17 0.1287037037037037 0.32274247491638797 0.13148148148148148 0.012263099219620958
9 0.500925925925926 0.2731326644370123 0.975925925925926 0.26978818283166106
8 0.9324074074074075 0.07692307692307693 0.061111111111111116 0.0379041248606466
8 0.06851851851851852 0.07636566332218506 0.05555555555555556 0.027870680044593088
19 0.500925925925926 0.07636566332218506 0.9981481481481482 0.07915273132664437
20 0.500925925925926 0.0189520624303233 0.9981481481481482 0.03567447045707915
