17 0.4652777777777778 0.0802675585284281 0.3472222222222222 0.05016722408026756
17 0.4689814814814815 0.15663322185061315 0.3509259259259259 0.02564102564102564
17 0.16620370370370371 0.23160535117056855 0.25092592592592594 0.017279821627647716
17 0.29583333333333334 0.302396878483835 0.23611111111111113 0.021739130434782608
17 0.25462962962962965 0.37235228539576365 0.15555555555555556 0.021181716833890748
17 0.2990740740740741 0.44258639910813824 0.2425925925925926 0.021181716833890748
17 0.2518518518518519 0.5128205128205128 0.15185185185185185 0.021181716833890748
17 0.20601851851851852 0.5964325529542921 0.33240740740740743 0.017837235228539576
17 0.3375 0.6672240802675585 0.3231481481481482 0.02564102564102564
17 0.33194444444444443 0.7391304347826086 0.3138888888888889 0.027870680044593088
17 0.31851851851851853 0.8074136008918618 0.2833333333333333 0.022853957636566332
17 0.4222222222222222 0.8793199554069119 0.48888888888888893 0.027313266443701224
17 0.11990740740740741 0.9604236343366778 0.16018518518518518 0.017837235228539576
9 0.06898148148148149 0.30128205128205127 0.06018518518518519 0.036231884057971016
8 0.06898148148148149 0.37151616499442586 0.06018518518518519 0.037346711259754736
8 0.06898148148148149 0.44175027870680045 0.06018518518518519 0.036231884057971016
8 0.06898148148148149 0.511984392419175 0.06018518518518519 0.036231884057971016
9 0.06898148148148149 0.6655518394648829 0.06018518518518519 0.03678929765886287
8 0.06898148148148149 0.7360646599777034 0.06018518518518519 0.036231884057971016
9 0.06898148148148149 0.8062987736900781 0.06018518518518519 0.036231884057971016
9 0.06898148148148149 0.8765328874024526 0.06018518518518519 0.036231884057971016
9 0.12268518518518519 0.11008918617614269 0.24351851851851852 0.14882943143812707
6 0.38981481481481484 0.5178372352285395 0.7777777777777778 0.9643255295429208
20 0.500462962962963 0.018115942028985508 0.9990740740740741 0.03511705685618729
