17 0.8925925925925926 0.9637681159420289 0.0925925925925926 0.0189520624303233
17 0.5018518518518519 0.7162764771460424 0.08888888888888889 0.0189520624303233
17 0.8083333333333333 0.3311036789297659 0.1462962962962963 0.017837235228539576
17 0.6805555555555556 0.9648829431438127 0.13148148148148148 0.0189520624303233
9 0.8083333333333333 0.8277591973244147 0.17592592592592593 0.10590858416945373
9 0.5027777777777778 0.8288740245261984 0.17222222222222222 0.10367892976588629
9 0.19166666666666668 0.8288740245261984 0.17222222222222222 0.10367892976588629
9 0.8101851851851852 0.6348940914158305 0.17222222222222222 0.10367892976588629
9 0.5 0.6354515050167224 0.17777777777777778 0.10702341137123746
9 0.19166666666666668 0.6348940914158305 0.17222222222222222 0.10367892976588629
9 0.8092592592592593 0.4431438127090301 0.17777777777777778 0.10813823857302118
9 0.500925925925926 0.44202898550724634 0.17592592592592593 0.10590858416945373
9 0.19166666666666668 0.4431438127090301 0.17222222222222222 0.10367892976588629
9 0.8083333333333333 0.24972129319955405 0.17592592592592593 0.10702341137123746
9 0.5027777777777778 0.2508361204013378 0.17592592592592593 0.10702341137123746
9 0.1925925925925926 0.24972129319955405 0.17777777777777778 0.10702341137123746
17 0.5018518518518519 0.9119286510590858 0.25925925925925924 0.022296544035674472
17 0.8074074074074075 0.9119286510590858 0.2 0.022296544035674472
17 0.19351851851851853 0.9096989966555183 0.12407407407407407 0.017837235228539576
17 0.8101851851851852 0.7190635451505016 0.1685185185185185 0.022296544035674472
17 0.19351851851851853 0.7196209587513935 0.18333333333333335 0.021181716833890748
17 0.8083333333333333 0.5234113712374582 0.17222222222222222 0.0189520624303233
17 0.5018518518518519 0.5245261984392419 0.16296296296296298 0.0189520624303233
17 0.19351851851851853 0.5234113712374582 0.21666666666666667 0.0189520624303233
17 0.500925925925926 0.33221850613154963 0.13518518518518519 0.022296544035674472
17 0.19166666666666668 0.3311036789297659 0.20185185185185187 0.017837235228539576
17 0.40092592592592596 0.12374581939799331 0.7277777777777779 0.022296544035674472
17 0.2638888888888889 0.09308807134894091 0.45 0.023411371237458192
20 0.500925925925926 0.0189520624303233 0.9981481481481482 0.03567447045707915
