17 0.8643518518518519 0.07720178372352285 0.19351851851851853 0.017279821627647716
17 0.8324074074074075 0.1535674470457079 0.17222222222222222 0.016164994425863992
9 0.13703703703703704 0.07357859531772575 0.19814814814814816 0.031215161649944256
17 0.24027777777777778 0.15133779264214048 0.4027777777777778 0.022853957636566332
17 0.09305555555555556 0.18422519509476032 0.10462962962962963 0.017279821627647716
17 0.26944444444444443 0.2798216276477146 0.18703703703703706 0.017837235228539576
17 0.2388888888888889 0.3520066889632107 0.12592592592592594 0.021739130434782608
17 0.25092592592592594 0.4205685618729097 0.15 0.018394648829431436
17 0.23287037037037037 0.5412486064659977 0.38796296296296295 0.022296544035674472
17 0.20370370370370372 0.6112040133779264 0.32592592592592595 0.021739130434782608
17 0.08564814814814815 0.6794871794871795 0.09351851851851853 0.017837235228539576
17 0.0976851851851852 0.7522296544035675 0.11574074074074074 0.020624303232998884
8 0.06898148148148149 0.27898550724637683 0.049074074074074076 0.026198439241917504
8 0.06851851851851852 0.34977703455964326 0.05 0.030657748049052396
8 0.06898148148148149 0.4197324414715719 0.05092592592592593 0.030100334448160536
6 0.34120370370370373 0.5178372352285395 0.6805555555555556 0.9643255295429208
20 0.500462962962963 0.018115942028985508 0.9990740740740741 0.03511705685618729
