17 0.23611111111111113 0.07998885172798216 0.17962962962962964 0.030657748049052396
17 0.19722222222222224 0.15105908584169453 0.09814814814814815 0.017837235228539576
17 0.21574074074074076 0.21822742474916387 0.1388888888888889 0.01950947603121516
17 0.2791666666666667 0.28818283166109254 0.26203703703703707 0.023411371237458192
17 0.2351851851851852 0.3536789297658863 0.17407407407407408 0.01950947603121516
17 0.22777777777777777 0.4236343366778149 0.15925925925925927 0.023411371237458192
17 0.31712962962962965 0.49136008918617613 0.33796296296296297 0.022853957636566332
17 0.2138888888888889 0.5593645484949833 0.13333333333333333 0.022853957636566332
17 0.22824074074074074 0.6245819397993311 0.15833333333333333 0.018394648829431436
17 0.24351851851851852 0.6928651059085842 0.19074074074074074 0.017837235228539576
8 0.06759259259259259 0.07552954292084726 0.04259259259259259 0.02508361204013378
8 0.06851851851851852 0.1505016722408027 0.0462962962962963 0.016722408026755852
9 0.06851851851851852 0.21822742474916387 0.0462962962962963 0.02508361204013378
8 0.06851851851851852 0.28567447045707917 0.05925925925925926 0.02508361204013378
8 0.06851851851851852 0.3536789297658863 0.0462962962962963 0.030657748049052396
8 0.06805555555555556 0.4214046822742475 0.05092592592592593 0.024526198439241916
9 0.06851851851851852 0.4891304347826087 0.0462962962962963 0.02508361204013378
8 0.06898148148148149 0.5565774804905239 0.05092592592592593 0.030657748049052396
8 0.06805555555555556 0.6243032329988851 0.05092592592592593 0.030100334448160536
9 0.06805555555555556 0.6920289855072463 0.05092592592592593 0.030657748049052396
18 0.29212962962962963 0.9651616499442586 0.5824074074074075 0.06967670011148272
6 0.2925925925925926 0.5585284280936454 0.5833333333333334 0.882943143812709
19 0.500462962962963 0.07636566332218506 0.9990740740740741 0.08138238573021181
20 0.500462962962963 0.018115942028985508 0.9990740740740741 0.03511705685618729
