9 0.07962962962962963 0.08918617614269789 0.0925925925925926 0.06020066889632107
17 0.27685185185185185 0.19007803790412486 0.20185185185185187 0.023411371237458192
17 0.22037037037037038 0.28372352285395763 0.08888888888888889 0.0189520624303233
17 0.3814814814814815 0.3556298773690078 0.41111111111111115 0.022296544035674472
17 0.28703703703703703 0.4241917502787068 0.22222222222222224 0.0189520624303233
17 0.22314814814814815 0.520066889632107 0.09444444444444444 0.0189520624303233
17 0.2675925925925926 0.5891861761426979 0.18333333333333335 0.0189520624303233
17 0.21203703703703705 0.6610925306577481 0.07222222222222223 0.022296544035674472
17 0.2574074074074074 0.7569676700111483 0.16296296296296298 0.022296544035674472
8 0.06944444444444445 0.7541806020066889 0.04259259259259259 0.007803790412486064
8 0.07037037037037037 0.6588628762541806 0.05185185185185186 0.031215161649944256
8 0.06944444444444445 0.588628762541806 0.05 0.031215161649944256
8 0.07037037037037037 0.5189520624303233 0.05185185185185186 0.030100334448160536
8 0.06759259259259259 0.4236343366778149 0.053703703703703705 0.033444816053511704
8 0.06944444444444445 0.3539576365663322 0.061111111111111116 0.027870680044593088
8 0.07037037037037037 0.2831661092530658 0.05185185185185186 0.031215161649944256
8 0.06944444444444445 0.1878483835005574 0.05 0.030100334448160536
6 0.34074074074074073 0.5183946488294314 0.6777777777777778 0.9632107023411371
20 0.500925925925926 0.0189520624303233 0.9981481481481482 0.03567447045707915
