17 0.2476851851851852 0.5585284280936454 0.14537037037037037 0.016722408026755852
9 0.12546296296296297 0.11008918617614269 0.15833333333333333 0.09531772575250835
17 0.17824074074074076 0.20345596432552954 0.25277777777777777 0.021181716833890748
17 0.24583333333333335 0.27731326644370125 0.1398148148148148 0.017279821627647716
17 0.2490740740740741 0.34977703455964326 0.14814814814814814 0.020624303232998884
17 0.23333333333333334 0.4175027870680045 0.11296296296296297 0.016722408026755852
17 0.24861111111111112 0.48968784838350055 0.14537037037037037 0.020624303232998884
17 0.26851851851851855 0.6279264214046822 0.1851851851851852 0.017279821627647716
17 0.23842592592592593 0.7003901895206243 0.125 0.021739130434782608
17 0.2263888888888889 0.7681159420289855 0.10092592592592593 0.017837235228539576
17 0.2449074074074074 0.8383500557413601 0.13796296296296298 0.017837235228539576
17 0.2111111111111111 0.9342251950947603 0.07037037037037037 0.016722408026755852
8 0.06898148148148149 0.9336677814938684 0.06018518518518519 0.024526198439241916
8 0.06898148148148149 0.8375139353400223 0.04722222222222222 0.030657748049052396
9 0.06898148148148149 0.7678372352285395 0.04537037037037037 0.027313266443701224
9 0.06944444444444445 0.6978818283166109 0.05 0.030100334448160536
8 0.06898148148148149 0.6276477146042363 0.05092592592592593 0.024526198439241916
8 0.06759259259259259 0.5565774804905239 0.04814814814814815 0.03177257525083612
9 0.06898148148148149 0.4874581939799331 0.05648148148148149 0.027313266443701224
9 0.06898148148148149 0.4180602006688963 0.05648148148148149 0.028985507246376812
8 0.06898148148148149 0.34698996655518394 0.04722222222222222 0.02508361204013378
8 0.06898148148148149 0.2761984392419175 0.05092592592592593 0.026198439241917504
6 0.34074074074074073 0.5178372352285395 0.6796296296296297 0.9643255295429208
20 0.500462962962963 0.018115942028985508 0.9990740740740741 0.03511705685618729
