17 0.11342592592592593 0.9743589743589743 0.1787037037037037 0.017837235228539576
17 0.21712962962962964 0.9119286510590858 0.3805555555555556 0.021181716833890748
17 0.18981481481481483 0.8478260869565217 0.32592592592592595 0.021181716833890748
17 0.16666666666666669 0.7834448160535117 0.2796296296296296 0.021739130434782608
17 0.1925925925925926 0.7190635451505016 0.3314814814814815 0.021181716833890748
17 0.18564814814814815 0.6552396878483835 0.3212962962962963 0.020624303232998884
17 0.12962962962962962 0.5900222965440357 0.20555555555555557 0.021739130434782608
17 0.10648148148148148 0.5239687848383501 0.15925925925925927 0.017837235228539576
17 0.10648148148148148 0.4620958751393534 0.15925925925925927 0.021181716833890748
17 0.12592592592592594 0.39409141583054624 0.2 0.020066889632107024
17 0.061111111111111116 0.3311036789297659 0.06851851851851852 0.017837235228539576
17 0.21666666666666667 0.2670011148272018 0.3851851851851852 0.016722408026755852
17 0.12222222222222223 0.20261984392419174 0.19074074074074074 0.017279821627647716
17 0.11805555555555557 0.13963210702341136 0.18425925925925926 0.021739130434782608
17 0.35694444444444445 0.07971014492753623 0.3601851851851852 0.030100334448160536
8 0.9416666666666667 0.07664437012263099 0.06666666666666667 0.036231884057971016
8 0.06759259259259259 0.07608695652173914 0.040740740740740744 0.02508361204013378
19 0.500462962962963 0.07636566332218506 0.9990740740740741 0.08138238573021181
6 0.2925925925925926 0.5585284280936454 0.5833333333333334 0.882943143812709
20 0.500462962962963 0.018115942028985508 0.9990740740740741 0.03511705685618729
