9 0.8842592592592593 0.9292084726867336 0.1574074074074074 0.0947603121516165
17 0.43703703703703706 0.770345596432553 0.4814814814814815 0.031215161649944256
8 0.09814814814814815 0.765886287625418 0.06296296296296297 0.042363433667781496
17 0.4277777777777778 0.6750278706800446 0.46296296296296297 0.030100334448160536
8 0.1 0.6722408026755853 0.06296296296296297 0.04013377926421405
17 0.4990740740740741 0.5312151616499442 0.7870370370370371 0.05239687848383501
17 0.5018518518518519 0.46878483835005574 0.6111111111111112 0.02564102564102564
9 0.4953703703703704 0.3015607580824972 0.37592592592592594 0.22630992196209587
17 0.5148148148148148 0.07525083612040134 0.32592592592592595 0.023411371237458192
8 0.9324074074074075 0.07413600891861762 0.09444444444444444 0.056856187290969896
8 0.06851851851851852 0.07748049052396878 0.05925925925925926 0.03678929765886287
19 0.4990740740740741 0.07803790412486064 0.9944444444444445 0.08249721293199554
20 0.500925925925926 0.0189520624303233 0.9981481481481482 0.03567447045707915
