17 0.2763888888888889 0.3258082497212932 0.39166666666666666 0.029542920847268672
9 0.8708333333333333 0.3219063545150502 0.09722222222222222 0.05964325529542921
17 0.37962962962962965 0.18534002229654403 0.6 0.029542920847268672
9 0.8685185185185186 0.18366778149386845 0.07777777777777778 0.06075808249721293
17 0.2425925925925926 0.07190635451505016 0.1277777777777778 0.022296544035674472
8 0.06851851851851852 0.06995540691192866 0.04814814814814815 0.020624303232998884
2 0.500462962962963 0.3219063545150502 0.9638888888888889 0.11872909698996656
2 0.500925925925926 0.18227424749163879 0.962962962962963 0.11928651059085842
19 0.500462962962963 0.07107023411371237 0.9990740740740741 0.06967670011148272
20 0.500462962962963 0.018115942028985508 0.9990740740740741 0.03511705685618729
