9 0.3402777777777778 0.10172798216276477 0.5083333333333333 0.08416945373467112
17 0.10370370370370371 0.21516164994425863 0.1277777777777778 0.016722408026755852
17 0.30185185185185187 0.28734671125975475 0.2518518518518519 0.021739130434782608
17 0.09212962962962963 0.36872909698996653 0.10648148148148148 0.017279821627647716
17 0.2939814814814815 0.4386845039018952 0.23796296296296296 0.0189520624303233
17 0.2925925925925926 0.5091973244147157 0.23333333333333334 0.018394648829431436
17 0.24629629629629632 0.5794314381270903 0.1388888888888889 0.017279821627647716
17 0.27870370370370373 0.6496655518394648 0.20555555555555557 0.017279821627647716
17 0.07962962962962963 0.7335562987736901 0.07962962962962963 0.016722408026755852
17 0.23935185185185187 0.8054626532887402 0.125 0.021181716833890748
8 0.06944444444444445 0.8029542920847269 0.03888888888888889 0.02508361204013378
8 0.06898148148148149 0.2845596432552954 0.021296296296296296 0.027313266443701224
8 0.06851851851851852 0.4384057971014493 0.04814814814814815 0.028428093645484948
9 0.06898148148148149 0.5086399108138239 0.04537037037037037 0.027313266443701224
8 0.06851851851851852 0.5785953177257525 0.04814814814814815 0.028985507246376812
8 0.06898148148148149 0.6488294314381271 0.04722222222222222 0.027870680044593088
6 0.34074074074074073 0.5178372352285395 0.6796296296296297 0.9643255295429208
20 0.500462962962963 0.018115942028985508 0.9990740740740741 0.03511705685618729
