17 0.23194444444444445 0.4278149386845039 0.2064814814814815 0.021739130434782608
17 0.22592592592592595 0.33974358974358976 0.19444444444444445 0.020624303232998884
17 0.18055555555555555 0.25055741360089184 0.10370370370370371 0.021739130434782608
17 0.2263888888888889 0.16192865105908583 0.19351851851851853 0.021739130434782608
8 0.9226851851851853 0.42725752508361203 0.05462962962962963 0.022853957636566332
8 0.0787037037037037 0.42642140468227424 0.040740740740740744 0.031215161649944256
8 0.0787037037037037 0.338628762541806 0.040740740740740744 0.027313266443701224
8 0.0787037037037037 0.25 0.05 0.023968784838350056
8 0.0787037037037037 0.1616499442586399 0.040740740740740744 0.024526198439241916
18 0.27037037037037037 0.588628762541806 0.4425925925925926 0.05351170568561873
18 0.7305555555555556 0.5891861761426979 0.4425925925925926 0.05351170568561873
18 0.500925925925926 0.5186733556298774 0.9037037037037038 0.05406911928651059
17 0.500462962962963 0.6499442586399108 0.7972222222222223 0.0189520624303233
7 0.500462962962963 0.43004459308807136 0.9046296296296297 0.039576365663322184
7 0.500462962962963 0.3430880713489409 0.9046296296296297 0.037346711259754736
7 0.500462962962963 0.2552954292084727 0.9046296296296297 0.03567447045707915
7 0.500462962962963 0.1669453734671126 0.9046296296296297 0.03511705685618729
17 0.25972222222222224 0.07998885172798216 0.1675925925925926 0.029542920847268672
8 0.06898148148148149 0.07664437012263099 0.04166666666666667 0.02508361204013378
19 0.500462962962963 0.07664437012263099 0.9990740740740741 0.08193979933110368
20 0.500462962962963 0.018115942028985508 0.9990740740740741 0.03511705685618729
