11 0.5027777777777778 0.5181159420289855 0.7166666666666667 0.9158305462653289
5 0.5041666666666667 0.11566332218506131 0.6472222222222223 0.04180602006688963
17 0.2476851851851852 0.11817168338907469 0.13425925925925927 0.02564102564102564
5 0.5050925925925926 0.21042363433667782 0.6453703703703704 0.04180602006688963
17 0.23148148148148148 0.21348940914158304 0.09814814814814815 0.024526198439241916
5 0.5041666666666667 0.30462653288740243 0.6490740740740741 0.04180602006688963
17 0.2064814814814815 0.3079710144927536 0.053703703703703705 0.023968784838350056
5 0.5037037037037038 0.39938684503901895 0.6481481481481481 0.04180602006688963
17 0.20787037037037037 0.4018952062430323 0.05648148148148149 0.024526198439241916
5 0.5050925925925926 0.49358974358974356 0.6453703703703704 0.04180602006688963
17 0.22037037037037038 0.4963768115942029 0.07592592592592592 0.023968784838350056
5 0.5050925925925926 0.5877926421404682 0.6453703703703704 0.04180602006688963
17 0.24074074074074076 0.5905797101449275 0.11666666666666667 0.02508361204013378
5 0.5050925925925926 0.6825529542920847 0.6435185185185185 0.04180602006688963
17 0.1865740740740741 0.685340022296544 0.006481481481481482 0.023968784838350056
5 0.5055555555555555 0.7767558528428093 0.6444444444444445 0.04292084726867335
17 0.19398148148148148 0.7801003344481605 0.021296296296296296 0.023968784838350056
5 0.5055555555555555 0.8715161649944259 0.6444444444444445 0.04180602006688963
17 0.2013888888888889 0.8745819397993311 0.036111111111111115 0.023411371237458192
17 0.20555555555555557 0.9612597547380156 0.044444444444444446 0.00947603121516165
20 0.500462962962963 0.018115942028985508 0.9990740740740741 0.03511705685618729
