17 0.18703703703703706 0.11482720178372352 0.12222222222222223 0.022296544035674472
17 0.33055555555555555 0.6181716833890747 0.1462962962962963 0.016722408026755852
8 0.33055555555555555 0.5579710144927537 0.09444444444444444 0.056856187290969896
17 0.812962962962963 0.9425863991081382 0.12962962962962962 0.016722408026755852
9 0.7074074074074075 0.882943143812709 0.11851851851851852 0.046822742474916385
9 0.3314814814814815 0.8835005574136009 0.11481481481481481 0.045707915273132664
17 0.7083333333333334 0.7870680044593088 0.08333333333333334 0.015607580824972128
17 0.33055555555555555 0.7870680044593088 0.08333333333333334 0.015607580824972128
9 0.7074074074074075 0.7263099219620959 0.10370370370370371 0.06131549609810479
9 0.3314814814814815 0.7263099219620959 0.10370370370370371 0.06131549609810479
17 0.7074074074074075 0.6059085841694537 0.12222222222222223 0.021181716833890748
9 0.7074074074074075 0.5501672240802675 0.0925925925925926 0.056856187290969896
17 0.3314814814814815 0.4498327759197324 0.17037037037037037 0.016722408026755852
17 0.7074074074074075 0.44202898550724634 0.14074074074074075 0.016722408026755852
9 0.712962962962963 0.3851727982162765 0.08888888888888889 0.06354515050167224
9 0.3314814814814815 0.38851727982162765 0.1 0.06354515050167224
17 0.7074074074074075 0.2842809364548495 0.16296296296296298 0.020066889632107024
17 0.33240740740740743 0.2814938684503902 0.2388888888888889 0.016722408026755852
8 0.3314814814814815 0.22129319955406912 0.11851851851851852 0.07023411371237458
9 0.7074074074074075 0.221850613154961 0.11111111111111112 0.06243032329988851
11 0.5 0.5178372352285395 0.8703703703703703 0.9175027870680045
20 0.500925925925926 0.0189520624303233 0.9981481481481482 0.03567447045707915
