8 0.8935185185185186 0.862876254180602 0.1388888888888889 0.08472686733556299
17 0.825925925925926 0.6666666666666666 0.26666666666666666 0.017837235228539576
17 0.5018518518518519 0.6688963210702341 0.15185185185185185 0.044593088071348944
17 0.17407407407407408 0.6688963210702341 0.15185185185185185 0.044593088071348944
8 0.8240740740740741 0.6042363433667781 0.07037037037037037 0.0379041248606466
9 0.5 0.6064659977703456 0.06296296296296297 0.0379041248606466
9 0.17407407407407408 0.6064659977703456 0.05925925925925926 0.0379041248606466
17 0.8268518518518518 0.4955406911928651 0.1537037037037037 0.045707915273132664
17 0.500925925925926 0.49498327759197325 0.1574074074074074 0.04013377926421405
17 0.17407407407407408 0.49498327759197325 0.18888888888888888 0.017837235228539576
9 0.8250000000000001 0.43255295429208473 0.07222222222222223 0.0379041248606466
9 0.5 0.43255295429208473 0.06296296296296297 0.03567447045707915
8 0.17314814814814816 0.43255295429208473 0.05740740740740741 0.03567447045707915
17 0.825925925925926 0.3216276477146042 0.26296296296296295 0.0189520624303233
17 0.500925925925926 0.32385730211817165 0.24629629629629632 0.021181716833890748
17 0.17407407407407408 0.32274247491638797 0.2 0.05016722408026756
9 0.8250000000000001 0.26031215161649945 0.06481481481481481 0.03678929765886287
8 0.500925925925926 0.2625418060200669 0.06851851851851852 0.03455964325529543
9 0.17314814814814816 0.26142697881828314 0.07592592592592592 0.045707915273132664
17 0.8685185185185186 0.15607580824972128 0.20740740740740743 0.031215161649944256
17 0.6027777777777777 0.15328874024526198 0.20555555555555557 0.02564102564102564
17 0.37592592592592594 0.15607580824972128 0.12962962962962962 0.031215161649944256
17 0.15833333333333333 0.1544035674470457 0.19074074074074074 0.023411371237458192
17 0.23425925925925928 0.07469342251950947 0.17222222222222222 0.026755852842809364
8 0.8250000000000001 0.07692307692307693 0.0462962962962963 0.028985507246376812
8 0.9407407407407408 0.07636566332218506 0.05185185185185186 0.030100334448160536
8 0.06851851851851852 0.07803790412486064 0.044444444444444446 0.026755852842809364
2 0.8305555555555556 0.6298773690078038 0.312962962962963 0.16499442586399107
2 0.5018518518518519 0.6276477146042363 0.3148148148148148 0.16499442586399107
2 0.17500000000000002 0.6282051282051282 0.312962962962963 0.16387959866220736
2 0.8250000000000001 0.45540691192865107 0.312962962962963 0.16387959866220736
2 0.500925925925926 0.45540691192865107 0.312962962962963 0.16387959866220736
2 0.17592592592592593 0.45540691192865107 0.3148148148148148 0.16387959866220736
2 0.8250000000000001 0.2826086956521739 0.312962962962963 0.16387959866220736
2 0.500925925925926 0.2831661092530658 0.312962962962963 0.16276477146042362
2 0.17500000000000002 0.2831661092530658 0.312962962962963 0.16276477146042362
20 0.500925925925926 0.0189520624303233 0.9981481481481482 0.03567447045707915
