17 0.16111111111111112 0.8840579710144927 0.06666666666666667 0.022296544035674472
9 0.85 0.8901895206243032 0.1962962962962963 0.05016722408026756
9 0.08055555555555556 0.8818283166109253 0.053703703703703705 0.033444816053511704
17 0.30185185185185187 0.7842809364548495 0.4962962962962963 0.05239687848383501
17 0.20370370370370372 0.7229654403567447 0.15555555555555556 0.0189520624303233
9 0.8518518518518519 0.7664437012263099 0.1962962962962963 0.11928651059085842
9 0.07962962962962963 0.7235228539576366 0.05555555555555556 0.033444816053511704
17 0.3861111111111111 0.6270903010033445 0.6648148148148149 0.056856187290969896
17 0.16111111111111112 0.5663322185061316 0.06666666666666667 0.022296544035674472
9 0.850925925925926 0.6064659977703456 0.19444444444444445 0.11817168338907469
9 0.08055555555555556 0.5652173913043478 0.053703703703703705 0.031215161649944256
17 0.3740740740740741 0.46878483835005574 0.6407407407407407 0.056856187290969896
17 0.20370370370370372 0.40635451505016723 0.15555555555555556 0.0189520624303233
9 0.850925925925926 0.44871794871794873 0.19444444444444445 0.11705685618729096
9 0.07962962962962963 0.40635451505016723 0.05555555555555556 0.032329988851727984
17 0.3194444444444445 0.2954292084726867 0.5314814814814816 0.026755852842809364
17 0.16111111111111112 0.24972129319955405 0.06666666666666667 0.022296544035674472
9 0.8518518518518519 0.2898550724637681 0.1925925925925926 0.11817168338907469
9 0.08055555555555556 0.24804905239687847 0.053703703703703705 0.032329988851727984
17 0.3611111111111111 0.14882943143812707 0.6111111111111112 0.05239687848383501
17 0.20555555555555557 0.08862876254180602 0.15555555555555556 0.0189520624303233
9 0.8518518518518519 0.13099219620958752 0.1962962962962963 0.11705685618729096
9 0.08055555555555556 0.08807134894091416 0.053703703703703705 0.033444816053511704
2 0.500925925925926 0.7664437012263099 0.9500000000000001 0.1527313266443701
2 0.5 0.6075808249721293 0.9555555555555556 0.14938684503901895
2 0.5 0.13043478260869565 0.9481481481481482 0.14938684503901895
2 0.500925925925926 0.44871794871794873 0.9537037037037037 0.1505016722408027
2 0.500925925925926 0.28929765886287623 0.9500000000000001 0.1505016722408027
20 0.500925925925926 0.0189520624303233 0.9981481481481482 0.03567447045707915
