17 0.13240740740740742 0.05964325529542921 0.1685185185185185 0.0189520624303233
17 0.25925925925925924 0.13823857302118173 0.12222222222222223 0.024526198439241916
17 0.28425925925925927 0.2508361204013378 0.17592592592592593 0.026755852842809364
17 0.2953703703703704 0.3656633221850613 0.19814814814814816 0.031215161649944256
17 0.2675925925925926 0.47491638795986624 0.1425925925925926 0.024526198439241916
17 0.08703703703703704 0.5540691192865106 0.07777777777777778 0.017837235228539576
17 0.1685185185185185 0.6220735785953178 0.23703703703703705 0.031215161649944256
17 0.22777777777777777 0.7480490523968785 0.35185185185185186 0.031215161649944256
17 0.22685185185185186 0.8567447045707915 0.35370370370370374 0.059085841694537344
17 0.13333333333333333 0.9715719063545151 0.16666666666666669 0.032329988851727984
8 0.09907407407407408 0.13879598662207357 0.06481481481481481 0.03901895206243032
9 0.09907407407407408 0.2508361204013378 0.07962962962962963 0.046822742474916385
8 0.09907407407407408 0.3656633221850613 0.07592592592592592 0.042363433667781496
9 0.09907407407407408 0.4754738015607581 0.06851851851851852 0.043478260869565216
6 0.27592592592592596 0.5183946488294314 0.5481481481481482 0.9632107023411371
20 0.500925925925926 0.0189520624303233 0.9981481481481482 0.03567447045707915
