17 0.4902777777777778 0.568283166109253 0.8231481481481482 0.13210702341137123
17 0.23796296296296296 0.46655518394648826 0.3055555555555556 0.023411371237458192
17 0.2555555555555556 0.40551839464882944 0.3462962962962963 0.022853957636566332
17 0.25 0.3595317725752508 0.337037037037037 0.0189520624303233
17 0.21064814814814817 0.31828316610925306 0.25833333333333336 0.022296544035674472
17 0.1564814814814815 0.2647714604236343 0.1462962962962963 0.023411371237458192
17 0.15787037037037038 0.2129319955406912 0.1527777777777778 0.017837235228539576
17 0.500925925925926 0.1596989966555184 0.3037037037037037 0.026198439241917504
18 0.500462962962963 0.8765328874024526 0.8601851851851852 0.05964325529542921
18 0.712037037037037 0.8174470457079153 0.41481481481481486 0.0451505016722408
18 0.28935185185185186 0.8174470457079153 0.41574074074074074 0.0451505016722408
11 0.5 0.5172798216276477 0.8592592592592593 0.7770345596432553
20 0.500462962962963 0.018115942028985508 0.9990740740740741 0.03511705685618729
