8 0.9222222222222223 0.08779264214046822 0.05740740740740741 0.028428093645484948
17 0.7828703703703704 0.08835005574136008 0.10462962962962963 0.016164994425863992
17 0.16064814814814815 0.1471571906354515 0.23796296296296296 0.016722408026755852
17 0.21574074074074076 0.09169453734671126 0.1925925925925926 0.022853957636566332
8 0.06759259259259259 0.08779264214046822 0.044444444444444446 0.027313266443701224
18 0.500462962962963 0.7371794871794871 0.6657407407407407 0.07525083612040134
17 0.5013888888888889 0.6368450390189521 0.6694444444444445 0.05629877369007804
9 0.5013888888888889 0.4414715719063545 0.6212962962962963 0.22630992196209587
17 0.5013888888888889 0.22742474916387959 0.4101851851851852 0.031215161649944256
11 0.500462962962963 0.5005574136008919 0.8712962962962963 0.6142697881828316
20 0.500462962962963 0.018115942028985508 0.9990740740740741 0.03511705685618729
