17 0.41250000000000003 0.0713489409141583 0.4712962962962963 0.0189520624303233
17 0.40092592592592596 0.10005574136008918 0.4481481481481482 0.018394648829431436
17 0.3236111111111111 0.14966555183946487 0.2935185185185185 0.021739130434782608
9 0.0787037037037037 0.08166109253065774 0.07037037037037037 0.040691192865105905
8 0.07916666666666666 0.2427536231884058 0.062037037037037036 0.03177257525083612
9 0.07824074074074075 0.31270903010033446 0.0638888888888889 0.0379041248606466
8 0.07916666666666666 0.3826644370122631 0.06018518518518519 0.03400222965440357
9 0.0787037037037037 0.45261984392419174 0.061111111111111116 0.033444816053511704
8 0.0787037037037037 0.5222965440356745 0.061111111111111116 0.028985507246376812
8 0.07916666666666666 0.5930880713489409 0.062037037037037036 0.03678929765886287
8 0.0787037037037037 0.6636008918617614 0.061111111111111116 0.036231884057971016
8 0.0787037037037037 0.7332775919732442 0.061111111111111116 0.036231884057971016
8 0.0787037037037037 0.8037904124860646 0.05185185185185186 0.026755852842809364
9 0.07916666666666666 0.8734671125975474 0.06018518518518519 0.03567447045707915
17 0.2212962962962963 0.8743032329988851 0.0925925925925926 0.017279821627647716
17 0.2337962962962963 0.8040691192865106 0.1175925925925926 0.017279821627647716
17 0.23981481481481481 0.7355072463768115 0.12962962962962962 0.021739130434782608
17 0.2537037037037037 0.6658305462653289 0.15555555555555556 0.020624303232998884
17 0.21805555555555556 0.5939241917502787 0.08425925925925926 0.017279821627647716
17 0.23750000000000002 0.5234113712374582 0.1212962962962963 0.017837235228539576
17 0.23240740740740742 0.45484949832775917 0.11296296296296297 0.021181716833890748
17 0.21851851851851853 0.382943143812709 0.08703703703703704 0.017837235228539576
17 0.2263888888888889 0.31270903010033446 0.10092592592592593 0.017837235228539576
17 0.23101851851851854 0.2438684503901895 0.11018518518518519 0.018394648829431436
9 0.7916666666666667 0.5236900780379041 0.04259259259259259 0.02508361204013378
9 0.7916666666666667 0.6638795986622074 0.040740740740740744 0.024526198439241916
6 0.42592592592592593 0.5178372352285395 0.85 0.9643255295429208
20 0.500462962962963 0.018115942028985508 0.9990740740740741 0.03511705685618729
