8 0.11851851851851852 0.11482720178372352 0.14814814814814814 0.08918617614269789
17 0.16203703703703703 0.21627647714604237 0.2425925925925926 0.022296544035674472
17 0.24629629629629632 0.28205128205128205 0.0925925925925926 0.017837235228539576
17 0.2638888888888889 0.4258639910813824 0.1277777777777778 0.022296544035674472
17 0.07962962962962963 0.3556298773690078 0.07777777777777778 0.022296544035674472
17 0.24722222222222223 0.49442586399108135 0.09444444444444444 0.0189520624303233
17 0.2935185185185185 0.564659977703456 0.18703703703703706 0.0189520624303233
17 0.23333333333333334 0.6343366778149386 0.06666666666666667 0.017837235228539576
17 0.18888888888888888 0.7084726867335562 0.2962962962962963 0.021181716833890748
17 0.17500000000000002 0.7775919732441472 0.26851851851851855 0.0189520624303233
17 0.10370370370370371 0.8483835005574136 0.12962962962962962 0.022296544035674472
8 0.7212962962962963 0.7759197324414716 0.02777777777777778 0.011148272017837236
8 0.7212962962962963 0.8455964325529542 0.031481481481481485 0.010033444816053512
8 0.07037037037037037 0.6354515050167224 0.05185185185185186 0.031215161649944256
8 0.06944444444444445 0.5641025641025641 0.04259259259259259 0.03567447045707915
9 0.0712962962962963 0.49442586399108135 0.05740740740740741 0.0189520624303233
8 0.7212962962962963 0.5635451505016722 0.02777777777777778 0.012263099219620958
8 0.7212962962962963 0.49331103678929766 0.02777777777777778 0.012263099219620958
8 0.7194444444444444 0.4236343366778149 0.02777777777777778 0.011148272017837236
9 0.07037037037037037 0.4230769230769231 0.05925925925925926 0.027870680044593088
8 0.06944444444444445 0.2809364548494983 0.05 0.026755852842809364
6 0.38981481481481484 0.5178372352285395 0.7759259259259259 0.9643255295429208
20 0.500925925925926 0.0189520624303233 0.9981481481481482 0.03567447045707915
