8 0.08611111111111111 0.9587513935340022 0.09444444444444444 0.03567447045707915
8 0.06944444444444445 0.899108138238573 0.05 0.030100334448160536
8 0.07037037037037037 0.8288740245261984 0.04814814814814815 0.027870680044593088
8 0.06944444444444445 0.7586399108138239 0.05 0.02564102564102564
8 0.07037037037037037 0.6633221850613155 0.04814814814814815 0.028985507246376812
8 0.06944444444444445 0.5936454849498327 0.05 0.023411371237458192
8 0.07037037037037037 0.5228539576365663 0.05185185185185186 0.026755852842809364
8 0.06944444444444445 0.3695652173913043 0.05 0.027870680044593088
8 0.07037037037037037 0.29988851727982163 0.04814814814814815 0.017837235228539576
8 0.07037037037037037 0.22853957636566333 0.05185185185185186 0.024526198439241916
17 0.40555555555555556 0.9609810479375697 0.4666666666666667 0.024526198439241916
17 0.3055555555555556 0.9002229654403567 0.25925925925925924 0.023411371237458192
17 0.2388888888888889 0.8311036789297659 0.12962962962962962 0.023411371237458192
17 0.30092592592592593 0.7608695652173912 0.25 0.023411371237458192
17 0.32037037037037036 0.6638795986622074 0.2888888888888889 0.0189520624303233
17 0.27037037037037037 0.5936454849498327 0.18888888888888888 0.0189520624303233
17 0.21666666666666667 0.5234113712374582 0.08518518518518518 0.0189520624303233
17 0.23425925925925928 0.45484949832775917 0.3907407407407408 0.022296544035674472
17 0.24351851851851852 0.3695652173913043 0.1388888888888889 0.0189520624303233
17 0.27222222222222225 0.3010033444816054 0.1925925925925926 0.022296544035674472
17 0.22222222222222224 0.22965440356744704 0.0925925925925926 0.017837235228539576
17 0.09444444444444444 0.1605351170568562 0.10740740740740741 0.022296544035674472
17 0.22870370370370371 0.07748049052396878 0.37962962962962965 0.023411371237458192
6 0.3907407407407408 0.5183946488294314 0.7777777777777778 0.9632107023411371
20 0.500925925925926 0.0189520624303233 0.9981481481481482 0.03567447045707915
