8 0.8935185185185186 0.93561872909699 0.1388888888888889 0.08305462653288741
9 0.5370370370370371 0.6089743589743589 0.3462962962962963 0.29375696767001114
17 0.49953703703703706 0.8411371237458194 0.44537037037037036 0.07469342251950947
18 0.8546296296296296 0.26142697881828314 0.21481481481481482 0.05351170568561873
17 0.6134259259259259 0.2625418060200669 0.18981481481481483 0.016722408026755852
17 0.45555555555555555 0.2120958751393534 0.8314814814814815 0.021739130434782608
17 0.3851851851851852 0.1714046822742475 0.6925925925925926 0.023968784838350056
17 0.2828703703703704 0.08054626532887402 0.20833333333333334 0.028428093645484948
8 0.9462962962962963 0.07636566332218506 0.012962962962962964 0.02564102564102564
8 0.06851851851851852 0.07608695652173914 0.04814814814814815 0.020624303232998884
19 0.500462962962963 0.07664437012263099 0.9990740740740741 0.08193979933110368
20 0.500462962962963 0.018115942028985508 0.9990740740740741 0.03511705685618729
