8 0.8930555555555556 0.93561872909699 0.13796296296296298 0.08305462653288741
8 0.06898148148148149 0.7644927536231884 0.05092592592592593 0.030657748049052396
8 0.06898148148148149 0.6948160535117057 0.049074074074074076 0.030657748049052396
8 0.06944444444444445 0.600613154960981 0.0462962962962963 0.028428093645484948
8 0.06851851851851852 0.5287068004459309 0.05185185185185186 0.029542920847268672
8 0.06944444444444445 0.4612597547380156 0.04259259259259259 0.02508361204013378
9 0.06898148148148149 0.29682274247491636 0.05277777777777778 0.030657748049052396
17 0.30185185185185187 0.7670011148272018 0.25 0.022296544035674472
17 0.23842592592592593 0.697324414715719 0.12685185185185185 0.021181716833890748
17 0.24212962962962964 0.600891861761427 0.13425925925925927 0.0189520624303233
17 0.22731481481481483 0.5314938684503902 0.09907407407407408 0.017279821627647716
17 0.24444444444444446 0.46181716833890746 0.13703703703703704 0.017279821627647716
17 0.33240740740740743 0.36705685618729095 0.312962962962963 0.018394648829431436
17 0.225 0.29765886287625415 0.09814814814814815 0.017837235228539576
8 0.0699074074074074 0.36705685618729095 0.04537037037037037 0.030657748049052396
17 0.22870370370370371 0.225752508361204 0.37777777777777777 0.022296544035674472
17 0.1328703703703704 0.19843924191750278 0.18796296296296297 0.022296544035674472
8 0.7101851851851853 0.21042363433667782 0.02777777777777778 0.00947603121516165
8 0.1175925925925926 0.10590858416945373 0.1574074074074074 0.0947603121516165
6 0.3902777777777778 0.5181159420289855 0.7768518518518519 0.9637681159420289
20 0.500462962962963 0.018115942028985508 0.9990740740740741 0.03511705685618729
