17 0.5666666666666667 0.33695652173913043 0.3574074074074074 0.08974358974358974
17 0.22175925925925927 0.5562987736900781 0.1953703703703704 0.021181716833890748
17 0.17453703703703705 0.4707357859531772 0.09907407407407408 0.020624303232998884
8 0.8592592592592593 0.5554626532887402 0.06296296296296297 0.038461538461538464
18 0.500462962962963 0.907190635451505 0.8064814814814815 0.06967670011148272
17 0.500925925925926 0.8068561872909699 0.040740740740740744 0.016164994425863992
18 0.5 0.6513377926421404 0.8074074074074075 0.07190635451505016
7 0.500462962962963 0.5554626532887402 0.8064814814814815 0.0641025641025641
7 0.500462962962963 0.4701783723522854 0.8064814814814815 0.0641025641025641
9 0.31527777777777777 0.33918617614269786 0.1212962962962963 0.07190635451505016
17 0.22268518518518518 0.07915273132664437 0.20833333333333334 0.02564102564102564
8 0.07222222222222223 0.07887402452619843 0.03518518518518519 0.037346711259754736
19 0.500462962962963 0.07859531772575251 0.9990740740740741 0.0858416945373467
20 0.500462962962963 0.018115942028985508 0.9990740740740741 0.03511705685618729
