17 0.21944444444444444 0.487736900780379 0.20555555555555557 0.021181716833890748
17 0.25416666666666665 0.427536231884058 0.275 0.021181716833890748
8 0.06574074074074074 0.48801560758082496 0.040740740740740744 0.03177257525083612
8 0.06574074074074074 0.427536231884058 0.05 0.024526198439241916
18 0.7439814814814815 0.9618171683389074 0.4842592592592593 0.07413600891861762
18 0.2564814814814815 0.9618171683389074 0.48333333333333334 0.07413600891861762
18 0.500462962962963 0.5635451505016722 0.9768518518518519 0.07469342251950947
7 0.5 0.48801560758082496 0.975925925925926 0.06298773690078038
7 0.5 0.42642140468227424 0.975925925925926 0.06354515050167224
9 0.49953703703703706 0.21739130434782608 0.25092592592592594 0.14604236343366778
20 0.500462962962963 0.018115942028985508 0.9990740740740741 0.03511705685618729
