18 0.5018518518518519 0.8946488294314381 0.9222222222222223 0.06800445930880714
17 0.500925925925926 0.8372352285395763 0.04259259259259259 0.024526198439241916
18 0.500925925925926 0.7759197324414716 0.7574074074074074 0.06243032329988851
17 0.5018518518518519 0.7090301003344481 0.45925925925925926 0.024526198439241916
17 0.5277777777777778 0.5406911928651059 0.4666666666666667 0.022296544035674472
8 0.19814814814814816 0.5395763656633221 0.07407407407407407 0.057971014492753624
17 0.4981481481481482 0.45707915273132665 0.40370370370370373 0.022296544035674472
8 0.20092592592592592 0.4559643255295429 0.06851851851851852 0.044593088071348944
17 0.4981481481481482 0.3734671125975474 0.40740740740740744 0.022296544035674472
8 0.20277777777777778 0.3717948717948718 0.07222222222222223 0.03455964325529543
17 0.575925925925926 0.30824972129319955 0.5592592592592592 0.021181716833890748
8 0.2 0.30657748049052397 0.07777777777777778 0.046822742474916385
9 0.5 0.18561872909698995 0.45555555555555555 0.04793756967670011
8 0.07777777777777778 0.0802675585284281 0.05185185185185186 0.031215161649944256
20 0.500925925925926 0.0189520624303233 0.9981481481481482 0.03567447045707915
