17 0.7157407407407408 0.17001114827201783 0.10925925925925926 0.014492753623188406
17 0.5060185185185185 0.17001114827201783 0.19166666666666668 0.014492753623188406
17 0.3944444444444445 0.09866220735785954 0.4981481481481482 0.022296544035674472
8 0.08888888888888889 0.09587513935340022 0.037037037037037035 0.022296544035674472
18 0.3814814814814815 0.8639910813823857 0.2388888888888889 0.059085841694537344
18 0.6199074074074075 0.8639910813823857 0.23796296296296296 0.059085841694537344
17 0.8986111111111111 0.979654403567447 0.09907407407407408 0.01282051282051282
8 0.8976851851851853 0.9503901895206243 0.06018518518518519 0.03678929765886287
8 0.10231481481481482 0.9509476031215162 0.05277777777777778 0.03455964325529543
8 0.13657407407407407 0.6686176142697882 0.1564814814814815 0.017279821627647716
17 0.29814814814814816 0.17001114827201783 0.10555555555555556 0.014492753623188406
17 0.12268518518518519 0.17001114827201783 0.125 0.014492753623188406
17 0.700462962962963 0.9793756967670011 0.07685185185185185 0.012263099219620958
17 0.5 0.979654403567447 0.06851851851851852 0.011705685618729096
17 0.3013888888888889 0.979933110367893 0.0787037037037037 0.012263099219620958
8 0.6990740740740741 0.9501114827201783 0.05555555555555556 0.03288740245261984
9 0.5 0.9503901895206243 0.053703703703703705 0.03455964325529543
8 0.30092592592592593 0.9509476031215162 0.061111111111111116 0.032329988851727984
17 0.10231481481481482 0.979654403567447 0.10648148148148148 0.01282051282051282
9 0.500462962962963 0.830546265328874 0.8842592592592593 0.17279821627647715
8 0.8796296296296297 0.7814938684503902 0.07222222222222223 0.03678929765886287
17 0.3092592592592593 0.6688963210702341 0.16111111111111112 0.015607580824972128
17 0.31574074074074077 0.637123745819398 0.5111111111111112 0.026755852842809364
8 0.8791666666666667 0.27842809364548493 0.06018518518518519 0.03177257525083612
9 0.5 0.41778149386845037 0.8833333333333334 0.3550724637681159
7 0.500925925925926 0.09559643255295429 0.9425925925925926 0.07413600891861762
20 0.500462962962963 0.018115942028985508 0.9990740740740741 0.03511705685618729
