17 0.16064814814814815 0.7550167224080268 0.08055555555555556 0.013935340022296544
8 0.9152777777777779 0.07664437012263099 0.058333333333333334 0.038461538461538464
8 0.8111111111111111 0.07636566332218506 0.05740740740740741 0.028985507246376812
17 0.30324074074074076 0.07664437012263099 0.31203703703703706 0.036231884057971016
8 0.06805555555555556 0.07664437012263099 0.04722222222222222 0.01950947603121516
18 0.6981481481481482 0.6173355629877368 0.3944444444444445 0.08193979933110368
18 0.500462962962963 0.8444816053511706 0.7898148148148149 0.07023411371237458
7 0.5 0.7547380156075808 0.7907407407407407 0.08138238573021181
17 0.17685185185185187 0.6884057971014492 0.14074074074074075 0.0189520624303233
18 0.3037037037037037 0.6173355629877368 0.3962962962962963 0.08193979933110368
17 0.13935185185185187 0.5498885172798216 0.062037037037037036 0.015050167224080268
17 0.49953703703703706 0.4495540691192865 0.5564814814814815 0.020624303232998884
17 0.4990740740740741 0.4119286510590858 0.6240740740740741 0.026755852842809364
9 0.5027777777777778 0.29041248606465997 0.55 0.16499442586399107
17 0.8824074074074074 0.1527313266443701 0.07222222222222223 0.023411371237458192
11 0.5 0.5178372352285395 0.9111111111111111 0.8127090301003345
20 0.500462962962963 0.018115942028985508 0.9990740740740741 0.03511705685618729
