18 0.500462962962963 0.967670011148272 0.9990740740740741 0.06465997770345597
17 0.46064814814814814 0.745819397993311 0.2064814814814815 0.015607580824972128
17 0.17222222222222222 0.6137123745819398 0.07962962962962963 0.015607580824972128
8 0.9162037037037037 0.07692307692307693 0.058333333333333334 0.0379041248606466
8 0.8101851851851852 0.07608695652173914 0.05740740740740741 0.028428093645484948
17 0.30462962962962964 0.07664437012263099 0.312962962962963 0.036231884057971016
8 0.06898148148148149 0.07720178372352285 0.04722222222222222 0.01950947603121516
7 0.6148148148148148 0.745819397993311 0.5611111111111111 0.08138238573021181
18 0.5 0.8358416945373467 0.7907407407407407 0.07079152731326645
18 0.21944444444444444 0.745819397993311 0.22962962962962963 0.08138238573021181
17 0.3611111111111111 0.6794871794871795 0.5092592592592593 0.020066889632107024
7 0.49953703703703706 0.6120401337792643 0.7898148148148149 0.07357859531772575
17 0.28564814814814815 0.5493311036789298 0.3564814814814815 0.020624303232998884
17 0.4990740740740741 0.44732441471571904 0.34444444444444444 0.015050167224080268
17 0.4986111111111111 0.40774804905239687 0.3805555555555556 0.020624303232998884
9 0.5023148148148149 0.2895763656633222 0.5564814814814815 0.16443701226309923
8 0.1 0.15384615384615385 0.05 0.030100334448160536
17 0.8824074074074074 0.1616499442586399 0.07037037037037037 0.023411371237458192
11 0.5 0.5178372352285395 0.9111111111111111 0.7948717948717948
20 0.500462962962963 0.018115942028985508 0.9990740740740741 0.03511705685618729
