9 0.08425925925925926 0.9503901895206243 0.1462962962962963 0.08807134894091416
17 0.2990740740740741 0.9526198439241917 0.25 0.021181716833890748
17 0.33333333333333337 0.8528428093645485 0.3148148148148148 0.022296544035674472
9 0.08425925925925926 0.8511705685618729 0.1462962962962963 0.08807134894091416
17 0.30648148148148147 0.7536231884057971 0.2611111111111111 0.022296544035674472
9 0.08425925925925926 0.7519509476031215 0.1462962962962963 0.08807134894091416
17 0.31666666666666665 0.6544035674470456 0.2814814814814815 0.022296544035674472
9 0.08425925925925926 0.6521739130434783 0.1462962962962963 0.08918617614269789
17 0.31203703703703706 0.5546265328874025 0.27222222222222225 0.021181716833890748
9 0.08425925925925926 0.5529542920847269 0.1462962962962963 0.08918617614269789
17 0.3231481481481482 0.45540691192865107 0.29444444444444445 0.021181716833890748
9 0.08333333333333334 0.45429208472686733 0.14814814814814814 0.08807134894091416
17 0.32222222222222224 0.3556298773690078 0.2925925925925926 0.022296544035674472
9 0.08425925925925926 0.3534002229654403 0.1462962962962963 0.08918617614269789
17 0.34814814814814815 0.2569676700111483 0.34444444444444444 0.021181716833890748
9 0.08425925925925926 0.25418060200668896 0.1462962962962963 0.08918617614269789
17 0.46296296296296297 0.15774804905239687 0.5740740740740741 0.021181716833890748
9 0.08425925925925926 0.1616499442586399 0.1462962962962963 0.0758082497212932
17 0.5018518518518519 0.08082497212931995 0.14444444444444446 0.02564102564102564
8 0.07962962962962963 0.07803790412486064 0.04814814814814815 0.028985507246376812
19 0.500925925925926 0.07971014492753623 0.9981481481481482 0.08807134894091416
20 0.500925925925926 0.0189520624303233 0.9981481481481482 0.03567447045707915
