8 0.6365740740740741 0.07748049052396878 0.05092592592592593 0.027870680044593088
17 0.7175925925925927 0.07720178372352285 0.06481481481481481 0.018394648829431436
8 0.8347222222222223 0.07664437012263099 0.05648148148148149 0.027313266443701224
17 0.924537037037037 0.07748049052396878 0.0787037037037037 0.017837235228539576
8 0.9194444444444445 0.15802675585284282 0.053703703703703705 0.00947603121516165
8 0.40046296296296297 0.15830546265328874 0.049074074074074076 0.032329988851727984
8 0.29953703703703705 0.1605351170568562 0.06018518518518519 0.030100334448160536
8 0.19212962962962965 0.15997770345596432 0.026851851851851852 0.032329988851727984
8 0.08287037037037037 0.15830546265328874 0.05648148148148149 0.033444816053511704
8 0.07685185185185185 0.07692307692307693 0.040740740740740744 0.024526198439241916
8 0.15185185185185185 0.7795429208472686 0.0462962962962963 0.028428093645484948
17 0.35833333333333334 0.7803790412486065 0.21296296296296297 0.023411371237458192
9 0.1564814814814815 0.6920289855072463 0.05 0.03511705685618729
17 0.5467592592592593 0.6931438127090301 0.5898148148148148 0.02508361204013378
9 0.15185185185185185 0.6042363433667781 0.05185185185185186 0.031215161649944256
17 0.4046296296296297 0.6059085841694537 0.3111111111111111 0.023411371237458192
9 0.15231481481481482 0.5164437012263099 0.05462962962962963 0.03177257525083612
17 0.3101851851851852 0.5181159420289855 0.11666666666666667 0.023968784838350056
9 0.1513888888888889 0.43004459308807136 0.05648148148148149 0.03177257525083612
17 0.37083333333333335 0.4345039018952062 0.23796296296296296 0.028428093645484948
8 0.15231481481481482 0.34253065774804903 0.058333333333333334 0.03511705685618729
17 0.3560185185185185 0.34364548494983277 0.20833333333333334 0.023968784838350056
17 0.20277777777777778 0.24526198439241917 0.15555555555555556 0.022296544035674472
11 0.5 0.5175585284280937 0.8722222222222222 0.6348940914158305
20 0.500462962962963 0.018115942028985508 0.9990740740740741 0.03511705685618729
