11 0.500462962962963 0.5175585284280937 0.6787037037037037 0.5691192865105908
9 0.49953703703703706 0.3798773690078038 0.33425925925925926 0.120958751393534
17 0.4467592592592593 0.5434782608695652 0.5120370370370371 0.046822742474916385
17 0.4981481481481482 0.6151059085841695 0.6148148148148148 0.04180602006688963
17 0.23148148148148148 0.6683389074693422 0.08333333333333334 0.014492753623188406
5 0.33240740740740743 0.7040133779264214 0.2777777777777778 0.020066889632107024
17 0.3541666666666667 0.7042920847268673 0.23425925925925928 0.015050167224080268
18 0.6652777777777779 0.7614269788182831 0.2916666666666667 0.046822742474916385
17 0.26435185185185184 0.7614269788182831 0.09722222222222222 0.0189520624303233
20 0.500462962962963 0.018115942028985508 0.9990740740740741 0.03511705685618729
