17 0.2972222222222222 0.6095317725752508 0.4166666666666667 0.021739130434782608
17 0.24444444444444446 0.5309364548494984 0.3111111111111111 0.026198439241917504
17 0.737037037037037 0.7867892976588629 0.2351851851851852 0.018394648829431436
17 0.31157407407407406 0.7867892976588629 0.3416666666666667 0.01950947603121516
18 0.500462962962963 0.6937012263099219 0.850925925925926 0.06521739130434782
7 0.500462962962963 0.6159420289855072 0.8324074074074075 0.03455964325529543
7 0.500925925925926 0.5340022296544036 0.8314814814814815 0.03455964325529543
18 0.500462962962963 0.4384057971014493 0.850925925925926 0.06744704570791527
17 0.5 0.35451505016722407 0.2925925925925926 0.020066889632107024
8 0.5 0.3088071348940914 0.07592592592592592 0.045707915273132664
9 0.5 0.19035674470457078 0.40370370370370373 0.1399108138238573
20 0.500462962962963 0.018115942028985508 0.9990740740740741 0.03511705685618729
