16 0.8861111111111112 0.2329988851727982 0.1277777777777778 0.042363433667781496
17 0.20277777777777778 0.6477146042363433 0.29814814814814816 0.022296544035674472
17 0.2537037037037037 0.5702341137123745 0.21481481481481482 0.023411371237458192
9 0.0787037037037037 0.5680044593088072 0.06481481481481481 0.021181716833890748
17 0.22592592592592595 0.4910813823857302 0.15925925925925927 0.0189520624303233
8 0.07685185185185185 0.4910813823857302 0.05 0.027870680044593088
17 0.2962962962962963 0.3907469342251951 0.3037037037037037 0.023411371237458192
8 0.937962962962963 0.3890746934225195 0.020370370370370372 0.020066889632107024
8 0.0787037037037037 0.3896321070234114 0.06481481481481481 0.0189520624303233
17 0.875 0.3115942028985507 0.0462962962962963 0.0189520624303233
17 0.20277777777777778 0.3132664437012263 0.11296296296296297 0.022296544035674472
8 0.9370370370370371 0.3110367892976589 0.018518518518518517 0.020066889632107024
8 0.07777777777777778 0.31215161649944256 0.06296296296296297 0.0379041248606466
17 0.23611111111111113 0.23411371237458192 0.17962962962962964 0.020066889632107024
8 0.07685185185185185 0.23411371237458192 0.05740740740740741 0.033444816053511704
17 0.8611111111111112 0.15663322185061315 0.07037037037037037 0.0189520624303233
17 0.21944444444444444 0.15830546265328874 0.1462962962962963 0.022296544035674472
8 0.9370370370370371 0.15663322185061315 0.018518518518518517 0.021181716833890748
8 0.0787037037037037 0.15551839464882944 0.05 0.030100334448160536
17 0.22870370370370371 0.08082497212931995 0.17962962962962964 0.030100334448160536
8 0.06759259259259259 0.07748049052396878 0.03888888888888889 0.02564102564102564
19 0.500925925925926 0.07748049052396878 0.9981481481481482 0.08138238573021181
20 0.500925925925926 0.0189520624303233 0.9981481481481482 0.03567447045707915
