17 0.2791666666666667 0.4969342251950947 0.18425925925925926 0.026198439241917504
17 0.33472222222222225 0.4166666666666667 0.2972222222222222 0.026198439241917504
17 0.06342592592592593 0.3380713489409142 0.09907407407407408 0.017279821627647716
17 0.07546296296296297 0.29738015607580826 0.11944444444444445 0.01950947603121516
9 0.1587962962962963 0.1959308807134894 0.27870370370370373 0.038461538461538464
17 0.6462962962962964 0.2040133779264214 0.6296296296296297 0.05128205128205128
17 0.41435185185185186 0.07775919732441472 0.5324074074074074 0.020624303232998884
8 0.06851851851851852 0.07608695652173914 0.04814814814814815 0.020624303232998884
18 0.49953703703703706 0.6845039018952063 0.6509259259259259 0.07023411371237458
17 0.37453703703703706 0.6031215161649944 0.39351851851851855 0.020066889632107024
17 0.6953703703703704 0.5562987736900781 0.25925925925925924 0.015607580824972128
7 0.500462962962963 0.5 0.6324074074074074 0.032329988851727984
7 0.500462962962963 0.4197324414715719 0.6324074074074074 0.03455964325529543
17 0.5 0.34141583054626534 0.4703703703703704 0.03177257525083612
11 0.500462962962963 0.5175585284280937 0.6990740740740741 0.4342251950947603
20 0.500462962962963 0.018115942028985508 0.9990740740740741 0.03511705685618729
