13 0.49212962962962964 0.6343366778149386 0.16018518518518518 0.0189520624303233
18 0.5023148148148149 0.7352285395763657 0.7324074074074074 0.0189520624303233
17 0.4990740740740741 0.36761426978818285 0.8296296296296297 0.12207357859531773
9 0.2837962962962963 0.0758082497212932 0.4916666666666667 0.046822742474916385
17 0.912962962962963 0.07971014492753623 0.10370370370370371 0.023411371237458192
18 0.500462962962963 0.8099219620958751 0.9990740740740741 0.07692307692307693
18 0.500462962962963 0.8860089186176142 0.9990740740740741 0.07525083612040134
18 0.500462962962963 0.9618171683389074 0.9990740740740741 0.07636566332218506
0 0.500462962962963 0.4035674470457079 0.9990740740740741 0.7357859531772575
20 0.500462962962963 0.018115942028985508 0.9990740740740741 0.03511705685618729
