9 0.3712962962962963 0.2346711259754738 0.7388888888888889 0.23522853957636566
17 0.22777777777777777 0.07692307692307693 0.1851851851851852 0.026755852842809364
8 0.06851851851851852 0.07748049052396878 0.04814814814814815 0.030100334448160536
8 0.3574074074074074 0.07692307692307693 0.03333333333333333 0.013377926421404682
8 0.7000000000000001 0.07803790412486064 0.04814814814814815 0.028985507246376812
9 0.8203703703703704 0.07748049052396878 0.04814814814814815 0.027870680044593088
8 0.9425925925925926 0.07748049052396878 0.014814814814814815 0.027870680044593088
17 0.26666666666666666 0.39297658862876256 0.1851851851851852 0.023411371237458192
17 0.2537037037037037 0.47881828316610925 0.15555555555555556 0.02564102564102564
17 0.24814814814814815 0.5607580824972129 0.14444444444444446 0.024526198439241916
17 0.2712962962962963 0.6426978818283166 0.19074074074074074 0.02564102564102564
17 0.35370370370370374 0.7229654403567447 0.35185185185185186 0.021181716833890748
17 0.10648148148148148 0.979933110367893 0.10185185185185186 0.017837235228539576
17 0.27685185185185185 0.9777034559643255 0.07962962962962963 0.015607580824972128
17 0.44722222222222224 0.979933110367893 0.1685185185185185 0.020066889632107024
17 0.6203703703703703 0.9782608695652174 0.04814814814814815 0.014492753623188406
8 0.10648148148148148 0.9292084726867336 0.07222222222222223 0.043478260869565216
8 0.2777777777777778 0.9292084726867336 0.07037037037037037 0.043478260869565216
9 0.4481481481481482 0.9292084726867336 0.07037037037037037 0.043478260869565216
9 0.6175925925925926 0.9292084726867336 0.07222222222222223 0.043478260869565216
9 0.08888888888888889 0.7224080267558528 0.05925925925925926 0.03567447045707915
9 0.08888888888888889 0.6399108138238573 0.05925925925925926 0.03567447045707915
8 0.08888888888888889 0.5579710144927537 0.05185185185185186 0.03678929765886287
9 0.09074074074074075 0.4760312151616499 0.05925925925925926 0.031215161649944256
8 0.08888888888888889 0.3918617614269788 0.06296296296296297 0.03455964325529543
19 0.500925925925926 0.07692307692307693 0.9981481481481482 0.0802675585284281
6 0.3712962962962963 0.5585284280936454 0.7388888888888889 0.882943143812709
20 0.500925925925926 0.0189520624303233 0.9981481481481482 0.03567447045707915
