17 0.5949074074074074 0.213768115942029 0.5157407407407407 0.05852842809364548
17 0.2550925925925926 0.44732441471571904 0.2138888888888889 0.020624303232998884
8 0.8907407407407407 0.9347826086956521 0.13703703703703704 0.08249721293199554
8 0.9462962962962963 0.07664437012263099 0.011111111111111112 0.02508361204013378
8 0.8439814814814816 0.07608695652173914 0.04537037037037037 0.027313266443701224
8 0.5944444444444444 0.07692307692307693 0.02592592592592593 0.008918617614269788
17 0.37777777777777777 0.07748049052396878 0.22962962962962963 0.023411371237458192
8 0.2175925925925926 0.07636566332218506 0.053703703703703705 0.027870680044593088
8 0.06898148148148149 0.07552954292084726 0.049074074074074076 0.021739130434782608
17 0.3662037037037037 0.5557413600891862 0.4620370370370371 0.06688963210702341
18 0.500462962962963 0.8511705685618729 0.7287037037037037 0.07023411371237458
17 0.500462962962963 0.7731326644370122 0.6138888888888889 0.021181716833890748
18 0.500462962962963 0.6789297658862876 0.7287037037037037 0.07023411371237458
18 0.7430555555555556 0.5510033444816054 0.24351851851851852 0.07079152731326645
7 0.500462962962963 0.45345596432552954 0.7101851851851853 0.03288740245261984
17 0.3814814814814815 0.38545150501672243 0.48888888888888893 0.01950947603121516
17 0.4550925925925926 0.33277591973244147 0.6361111111111112 0.06577480490523968
9 0.22916666666666669 0.21599777034559642 0.18425925925925926 0.11204013377926421
11 0.5 0.5178372352285395 0.7870370370370371 0.7725752508361204
20 0.500462962962963 0.018115942028985508 0.9990740740740741 0.03511705685618729
