8 0.6814814814814815 0.06577480490523968 0.04814814814814815 0.028985507246376812
17 0.38981481481481484 0.12040133779264214 0.2833333333333333 0.0379041248606466
18 0.34814814814814815 0.16387959866220736 0.20370370370370372 0.03567447045707915
8 0.12314814814814816 0.15997770345596432 0.17222222222222222 0.10367892976588629
17 0.10092592592592593 0.32831661092530656 0.11666666666666667 0.02564102564102564
17 0.20462962962962963 0.3879598662207358 0.3277777777777778 0.022296544035674472
17 0.22962962962962963 0.44481605351170567 0.37777777777777777 0.024526198439241916
17 0.23703703703703705 0.5301003344481605 0.3888888888888889 0.02564102564102564
17 0.22962962962962963 0.5908584169453734 0.37777777777777777 0.024526198439241916
17 0.23611111111111113 0.6460423634336677 0.3907407407407408 0.02564102564102564
17 0.36574074074074076 0.9531772575250836 0.12407407407407407 0.020066889632107024
16 0.6425925925925926 0.38684503901895206 0.08518518518518518 0.031215161649944256
16 0.6425925925925926 0.44202898550724634 0.08148148148148149 0.032329988851727984
16 0.6425925925925926 0.5891861761426979 0.08518518518518518 0.032329988851727984
16 0.6416666666666667 0.6438127090301003 0.08333333333333334 0.032329988851727984
6 0.36574074074074076 0.5183946488294314 0.7277777777777779 0.9632107023411371
20 0.500925925925926 0.0189520624303233 0.9981481481481482 0.03567447045707915
