9 0.2523148148148148 0.9484392419175027 0.4675925925925926 0.10312151616499442
9 0.7490740740740741 0.9470457079152731 0.47962962962962963 0.10590858416945373
17 0.7490740740740741 0.8578595317725752 0.19444444444444445 0.015607580824972128
17 0.2513888888888889 0.8592530657748049 0.23796296296296296 0.01950947603121516
8 0.9467592592592593 0.07664437012263099 0.05092592592592593 0.026198439241917504
17 0.2939814814814815 0.0802675585284281 0.23611111111111113 0.028985507246376812
8 0.06944444444444445 0.07720178372352285 0.05185185185185186 0.026198439241917504
17 0.5 0.7447045707915273 0.5722222222222223 0.0379041248606466
18 0.500925925925926 0.6610925306577481 0.22592592592592595 0.02564102564102564
18 0.6833333333333333 0.54041248606466 0.31851851851851853 0.08305462653288741
18 0.31851851851851853 0.5406911928651059 0.31666666666666665 0.08361204013377926
17 0.49953703703703706 0.4261426978818283 0.5175925925925926 0.02508361204013378
18 0.500925925925926 0.3311036789297659 0.47222222222222227 0.06131549609810479
11 0.5 0.5178372352285395 0.7777777777777778 0.5518394648829431
20 0.500462962962963 0.018115942028985508 0.9990740740740741 0.03511705685618729
