8 0.8930555555555556 0.9358974358974359 0.13611111111111113 0.08361204013377926
18 0.7138888888888889 0.842809364548495 0.4666666666666667 0.06354515050167224
18 0.500462962962963 0.23522853957636566 0.2138888888888889 0.043478260869565216
17 0.500462962962963 0.1505016722408027 0.23796296296296296 0.021181716833890748
17 0.4990740740740741 0.5713489409141583 0.4759259259259259 0.022296544035674472
18 0.500925925925926 0.7187848383500557 0.662962962962963 0.06298773690078038
18 0.500462962962963 0.6549609810479375 0.6620370370370371 0.06465997770345597
17 0.4986111111111111 0.5139353400222966 0.4953703703703704 0.021181716833890748
17 0.5013888888888889 0.4537346711259755 0.3027777777777778 0.021181716833890748
9 0.500462962962963 0.3664994425863991 0.1527777777777778 0.09197324414715718
11 0.500462962962963 0.5178372352285395 0.6638888888888889 0.4659977703455964
20 0.500462962962963 0.018115942028985508 0.9990740740740741 0.03511705685618729
