8 0.6560185185185186 0.7968227424749164 0.019444444444444445 0.018394648829431436
17 0.5 0.07469342251950947 0.6370370370370371 0.03455964325529543
17 0.49953703703703706 0.15496098104793757 0.7490740740740741 0.020066889632107024
17 0.4939814814814815 0.1931438127090301 0.4675925925925926 0.01950947603121516
17 0.500462962962963 0.23439241917502787 0.7324074074074074 0.01950947603121516
9 0.500925925925926 0.4746376811594203 0.7203703703703704 0.28818283166109254
18 0.737037037037037 0.717948717948718 0.21481481481481482 0.0713489409141583
18 0.36388888888888893 0.717948717948718 0.4166666666666667 0.0713489409141583
17 0.4777777777777778 0.7973801560758083 0.2833333333333333 0.017279821627647716
13 0.500462962962963 0.9646042363433668 0.10092592592592593 0.013935340022296544
20 0.500462962962963 0.016164994425863992 0.9990740740740741 0.031215161649944256
