17 0.8222222222222223 0.15384615384615385 0.20555555555555557 0.016722408026755852
17 0.46435185185185185 0.15412486064659978 0.21203703703703705 0.016164994425863992
17 0.14305555555555557 0.1544035674470457 0.13425925925925927 0.016722408026755852
17 0.5203703703703704 0.9573578595317725 0.5740740740740741 0.018394648829431436
17 0.3212962962962963 0.9297658862876254 0.17777777777777778 0.021181716833890748
8 0.9560185185185186 0.907190635451505 0.010185185185185186 0.01950947603121516
9 0.10601851851851853 0.9411928651059086 0.13425925925925927 0.08082497212931995
17 0.34490740740740744 0.8216276477146042 0.22314814814814815 0.014492753623188406
17 0.38703703703703707 0.7951505016722408 0.3055555555555556 0.021739130434782608
8 0.9564814814814815 0.7731326644370122 0.011111111111111112 0.020066889632107024
9 0.10555555555555556 0.8060200668896321 0.13703703703703704 0.08249721293199554
17 0.437962962962963 0.6864548494983278 0.41111111111111115 0.015050167224080268
17 0.28101851851851856 0.6613712374581939 0.09722222222222222 0.020624303232998884
8 0.9564814814814815 0.6385172798216276 0.011111111111111112 0.01950947603121516
9 0.10462962962962963 0.6714046822742474 0.17592592592592593 0.049609810479375696
17 0.5453703703703704 0.5535117056856187 0.625925925925926 0.03901895206243032
17 0.40092592592592596 0.5161649944258639 0.33333333333333337 0.021181716833890748
8 0.9555555555555556 0.5036231884057971 0.011111111111111112 0.01950947603121516
9 0.10601851851851853 0.5376254180602007 0.1787037037037037 0.1064659977703456
17 0.4847222222222222 0.41945373467112596 0.5064814814814815 0.018394648829431436
17 0.3944444444444445 0.39520624303233 0.31851851851851853 0.02564102564102564
8 0.9564814814814815 0.3690078037904125 0.011111111111111112 0.020066889632107024
9 0.1050925925925926 0.40217391304347827 0.16018518518518518 0.07302118171683389
17 0.3712962962962963 0.2831661092530658 0.2796296296296296 0.014492753623188406
17 0.33240740740740743 0.2578037904124861 0.1962962962962963 0.020624303232998884
8 0.9564814814814815 0.23439241917502787 0.011111111111111112 0.01950947603121516
9 0.10555555555555556 0.2683946488294314 0.17592592592592593 0.08193979933110368
9 0.3763888888888889 0.07636566332218506 0.4712962962962963 0.04013377926421405
8 0.937962962962963 0.0758082497212932 0.044444444444444446 0.026755852842809364
8 0.06851851851851852 0.07608695652173914 0.04814814814814815 0.020624303232998884
20 0.500462962962963 0.018115942028985508 0.9990740740740741 0.03511705685618729
