17 0.22870370370370371 0.22686733556298774 0.37962962962962965 0.023411371237458192
17 0.13333333333333333 0.19899665551839466 0.18888888888888888 0.023411371237458192
17 0.29074074074074074 0.5813823857302118 0.22962962962962963 0.023411371237458192
17 0.29074074074074074 0.5089186176142698 0.22962962962962963 0.0189520624303233
17 0.23981481481481481 0.44091415830546266 0.1277777777777778 0.021181716833890748
17 0.3148148148148148 0.37068004459308806 0.2777777777777778 0.023411371237458192
17 0.35185185185185186 0.3010033444816054 0.35185185185185186 0.022296544035674472
8 0.06944444444444445 0.5785953177257525 0.05 0.031215161649944256
8 0.07037037037037037 0.5083612040133779 0.05185185185185186 0.031215161649944256
8 0.06944444444444445 0.43812709030100333 0.05 0.031215161649944256
8 0.06944444444444445 0.36845039018952064 0.053703703703703705 0.02564102564102564
8 0.06851851851851852 0.2987736900780379 0.02962962962962963 0.028985507246376812
8 0.6722222222222223 0.21070234113712374 0.02592592592592593 0.008918617614269788
8 0.1175925925925926 0.10590858416945373 0.1574074074074074 0.09587513935340022
6 0.3712962962962963 0.5161649944258639 0.7388888888888889 0.967670011148272
20 0.500925925925926 0.0189520624303233 0.9981481481481482 0.03567447045707915
