17 0.31851851851851853 0.28651059085841696 0.2851851851851852 0.020066889632107024
17 0.2888888888888889 0.3600891861761427 0.22592592592592595 0.024526198439241916
17 0.3768518518518519 0.43255295429208473 0.40185185185185185 0.024526198439241916
17 0.3037037037037037 0.9442586399108138 0.2555555555555556 0.020066889632107024
8 0.06944444444444445 0.9409141583054627 0.053703703703703705 0.031215161649944256
17 0.225 0.8717948717948718 0.09444444444444444 0.020066889632107024
8 0.07037037037037037 0.8701226309921962 0.05185185185185186 0.02564102564102564
17 0.32407407407407407 0.8043478260869565 0.2925925925925926 0.02564102564102564
9 0.07037037037037037 0.7998885172798216 0.04814814814814815 0.03455964325529543
17 0.21666666666666667 0.7324414715719063 0.08148148148148149 0.020066889632107024
8 0.07037037037037037 0.729654403567447 0.05185185185185186 0.030100334448160536
17 0.12314814814814816 0.6638795986622074 0.16481481481481483 0.016722408026755852
17 0.225 0.5752508361204013 0.3685185185185185 0.017837235228539576
17 0.5231481481481481 0.5044593088071349 0.6907407407407408 0.023411371237458192
8 0.06944444444444445 0.5033444816053512 0.0462962962962963 0.027870680044593088
8 0.06944444444444445 0.43088071348940915 0.0462962962962963 0.027870680044593088
8 0.0712962962962963 0.3595317725752508 0.0462962962962963 0.027870680044593088
8 0.06944444444444445 0.2870680044593088 0.0462962962962963 0.027870680044593088
17 0.5370370370370371 0.2168338907469342 0.7222222222222222 0.023411371237458192
8 0.06944444444444445 0.2157190635451505 0.0462962962962963 0.027870680044593088
17 0.22685185185185186 0.08082497212931995 0.09814814814814815 0.030100334448160536
8 0.9472222222222223 0.07748049052396878 0.012962962962962964 0.02564102564102564
8 0.8435185185185186 0.07692307692307693 0.0462962962962963 0.026755852842809364
17 0.10092592592592593 0.1516164994425864 0.12037037037037038 0.022296544035674472
8 0.07037037037037037 0.07692307692307693 0.037037037037037035 0.022296544035674472
19 0.500925925925926 0.07803790412486064 0.9981481481481482 0.0802675585284281
20 0.500925925925926 0.0189520624303233 0.9981481481481482 0.03567447045707915
