17 0.3421296296296296 0.6845039018952063 0.22314814814814815 0.022296544035674472
17 0.851388888888889 0.9417502787068004 0.04537037037037037 0.017279821627647716
17 0.5449074074074074 0.8882385730211817 0.6324074074074074 0.022853957636566332
17 0.4861111111111111 0.8369565217391304 0.512962962962963 0.051839464882943144
9 0.14675925925925926 0.8274804905239688 0.05648148148148149 0.03400222965440357
8 0.8208333333333334 0.7642140468227424 0.026851851851851852 0.010033444816053512
17 0.5407407407407407 0.7204570791527313 0.6203703703703703 0.023968784838350056
8 0.14675925925925926 0.6900780379041248 0.05092592592592593 0.030100334448160536
17 0.26296296296296295 0.6379598662207357 0.31666666666666665 0.021739130434782608
8 0.8199074074074074 0.5769230769230769 0.026851851851851852 0.010033444816053512
17 0.5347222222222222 0.4205685618729097 0.6101851851851852 0.19342251950947603
9 0.1462962962962963 0.34057971014492755 0.05185185185185186 0.030100334448160536
17 0.30694444444444446 0.270066889632107 0.4046296296296297 0.023968784838350056
9 0.500462962962963 0.14687848383500557 0.8731481481481482 0.17558528428093645
11 0.500925925925926 0.5181159420289855 0.8740740740740741 0.9180602006688963
20 0.500462962962963 0.018115942028985508 0.9990740740740741 0.03511705685618729
