17 0.2111111111111111 0.7196209587513935 0.07407407407407407 0.0189520624303233
17 0.25277777777777777 0.6510590858416945 0.1537037037037037 0.022296544035674472
17 0.23148148148148148 0.5791527313266444 0.11481481481481481 0.0189520624303233
17 0.26481481481481484 0.435340022296544 0.17777777777777778 0.0189520624303233
17 0.2240740740740741 0.36510590858416947 0.0962962962962963 0.0189520624303233
17 0.23703703703703705 0.3010033444816054 0.12222222222222223 0.022296544035674472
17 0.23240740740740742 0.7892976588628763 0.11296296296296297 0.020066889632107024
17 0.22314814814814815 0.8600891861761427 0.09074074074074075 0.0189520624303233
17 0.23333333333333334 0.9297658862876254 0.11851851851851852 0.017837235228539576
8 0.07037037037037037 0.5780379041248607 0.05185185185185186 0.030100334448160536
8 0.07037037037037037 0.9292084726867336 0.05185185185185186 0.02564102564102564
17 0.712037037037037 0.9297658862876254 0.061111111111111116 0.017837235228539576
8 0.06944444444444445 0.8595317725752508 0.04259259259259259 0.031215161649944256
8 0.06944444444444445 0.7887402452619844 0.053703703703703705 0.032329988851727984
8 0.07037037037037037 0.7196209587513935 0.05555555555555556 0.027870680044593088
8 0.06944444444444445 0.6488294314381271 0.0462962962962963 0.022296544035674472
17 0.7092592592592593 0.6493868450390189 0.040740740740740744 0.016722408026755852
17 0.11018518518518519 0.5189520624303233 0.1425925925925926 0.0189520624303233
18 0.6972222222222223 0.4386845039018952 0.12407407407407407 0.03678929765886287
8 0.06944444444444445 0.4386845039018952 0.053703703703703705 0.032329988851727984
18 0.6972222222222223 0.36845039018952064 0.12407407407407407 0.03678929765886287
8 0.06944444444444445 0.36845039018952064 0.05740740740740741 0.023411371237458192
9 0.07037037037037037 0.2987736900780379 0.04814814814814815 0.028985507246376812
17 0.7101851851851853 0.29988851727982163 0.03888888888888889 0.017837235228539576
17 0.22870370370370371 0.22686733556298774 0.37962962962962965 0.023411371237458192
17 0.13240740740740742 0.19843924191750278 0.18703703703703706 0.022296544035674472
8 0.11851851851851852 0.1064659977703456 0.15925925925925927 0.0947603121516165
8 0.7101851851851853 0.21070234113712374 0.02777777777777778 0.008918617614269788
6 0.3907407407407408 0.5183946488294314 0.7777777777777778 0.9632107023411371
20 0.500925925925926 0.0189520624303233 0.9981481481481482 0.03567447045707915
