18 0.5 0.757803790412486 0.37962962962962965 0.07079152731326645
9 0.11712962962962964 0.44175027870680045 0.04537037037037037 0.048494983277591976
9 0.1175925925925926 0.5356744704570792 0.07962962962962963 0.022296544035674472
9 0.11712962962962964 0.629041248606466 0.04537037037037037 0.048494983277591976
17 0.525462962962963 0.6215161649944259 0.6601851851851852 0.02564102564102564
17 0.5504629629629629 0.5275919732441472 0.7101851851851853 0.022853957636566332
17 0.5287037037037037 0.44537346711259757 0.6703703703703704 0.04124860646599777
9 0.500925925925926 0.23076923076923075 0.1425925925925926 0.09587513935340022
17 0.8935185185185186 0.0947603121516165 0.06481481481481481 0.014492753623188406
17 0.500462962962963 0.3163322185061315 0.5620370370370371 0.06298773690078038
0 0.500462962962963 0.5178372352285395 0.9990740740740741 0.9643255295429208
20 0.500462962962963 0.018115942028985508 0.9990740740740741 0.03511705685618729
