17 0.4828703703703704 0.4091415830546265 0.8972222222222223 0.059085841694537344
8 0.9546296296296297 0.8394648829431438 0.02592592592592593 0.023411371237458192
17 0.1902777777777778 0.8394648829431438 0.09722222222222222 0.022296544035674472
9 0.0699074074074074 0.8403010033444815 0.0787037037037037 0.030657748049052396
8 0.9550925925925926 0.7664437012263099 0.025 0.023411371237458192
17 0.24537037037037038 0.7686733556298774 0.20555555555555557 0.027870680044593088
9 0.07546296296296297 0.7661649944258639 0.06759259259259259 0.04738015607580825
18 0.2587962962962963 0.6254180602006689 0.4527777777777778 0.059085841694537344
18 0.7425925925925926 0.6254180602006689 0.4518518518518519 0.059085841694537344
17 0.45416666666666666 0.511984392419175 0.8416666666666667 0.08416945373467112
17 0.42592592592592593 0.3366778149386845 0.7870370370370371 0.027870680044593088
18 0.5287037037037037 0.19620958751393533 0.21296296296296297 0.016722408026755852
8 0.38287037037037036 0.19509476031215162 0.03425925925925926 0.015607580824972128
17 0.18287037037037038 0.13823857302118173 0.28611111111111115 0.0189520624303233
9 0.19074074074074074 0.07636566332218506 0.10925925925925926 0.043478260869565216
8 0.06898148148148149 0.0758082497212932 0.049074074074074076 0.021181716833890748
19 0.500462962962963 0.07720178372352285 0.9990740740740741 0.08193979933110368
20 0.500462962962963 0.018115942028985508 0.9990740740740741 0.03511705685618729
