8 0.9412037037037038 0.07608695652173914 0.04351851851851852 0.026198439241917504
8 0.11574074074074074 0.10730211817168339 0.15555555555555556 0.09531772575250835
17 0.1615740740740741 0.17474916387959866 0.24537037037037038 0.02508361204013378
17 0.16064814814814815 0.2140468227424749 0.24537037037037038 0.021181716833890748
9 0.7601851851851852 0.1978818283166109 0.0962962962962963 0.057971014492753624
17 0.2523148148148148 0.29905239687848384 0.14722222222222223 0.018394648829431436
17 0.2189814814814815 0.3745819397993311 0.08055555555555556 0.0189520624303233
17 0.26342592592592595 0.4531772575250836 0.16574074074074074 0.022296544035674472
17 0.36388888888888893 0.5284280936454849 0.3685185185185185 0.023411371237458192
17 0.287962962962963 0.6399108138238573 0.21481481481481482 0.0189520624303233
17 0.27685185185185185 0.717948717948718 0.1925925925925926 0.022296544035674472
17 0.2449074074074074 0.7940356744704571 0.13240740740740742 0.022853957636566332
8 0.06898148148148149 0.7918060200668896 0.049074074074074076 0.030657748049052396
8 0.06898148148148149 0.7154403567447045 0.05092592592592593 0.030657748049052396
8 0.06898148148148149 0.6396321070234113 0.05648148148148149 0.02508361204013378
8 0.06712962962962964 0.5267558528428093 0.05092592592592593 0.031215161649944256
8 0.06944444444444445 0.45094760312151616 0.0462962962962963 0.027870680044593088
9 0.06898148148148149 0.3745819397993311 0.04537037037037037 0.027870680044593088
8 0.06898148148148149 0.29849498327759194 0.05462962962962963 0.021739130434782608
6 0.4226851851851852 0.5181159420289855 0.8435185185185186 0.9637681159420289
20 0.500462962962963 0.018115942028985508 0.9990740740740741 0.03511705685618729
