8 0.11990740740740741 0.11204013377926421 0.1287037037037037 0.07692307692307693
17 0.2972222222222222 0.17920847268673357 0.47962962962962963 0.030657748049052396
17 0.3125 0.2438684503901895 0.5101851851851852 0.028428093645484948
17 0.18796296296296297 0.31354515050167225 0.10370370370370371 0.018394648829431436
17 0.20972222222222223 0.3926978818283166 0.14722222222222223 0.023968784838350056
17 0.18842592592592594 0.4668338907469342 0.10833333333333334 0.01950947603121516
17 0.18842592592592594 0.5434782608695652 0.10462962962962963 0.020066889632107024
17 0.24120370370370373 0.620680044593088 0.2101851851851852 0.020624303232998884
17 0.30462962962962964 0.6995540691192865 0.337037037037037 0.024526198439241916
17 0.20555555555555557 0.7770345596432553 0.14074074074074075 0.023411371237458192
17 0.21342592592592594 0.8514492753623188 0.15833333333333333 0.01950947603121516
8 0.600925925925926 0.6964882943143813 0.022222222222222223 0.00947603121516165
8 0.0763888888888889 0.850613154960981 0.04166666666666667 0.024526198439241916
8 0.07592592592592592 0.7736900780379041 0.04259259259259259 0.024526198439241916
8 0.07592592592592592 0.6964882943143813 0.04259259259259259 0.022853957636566332
8 0.07592592592592592 0.6204013377926422 0.04259259259259259 0.022296544035674472
8 0.07592592592592592 0.5434782608695652 0.04259259259259259 0.023411371237458192
8 0.0763888888888889 0.4659977703455964 0.04351851851851852 0.021181716833890748
8 0.07592592592592592 0.38935340022296544 0.04259259259259259 0.023968784838350056
8 0.07592592592592592 0.31270903010033446 0.04259259259259259 0.017837235228539576
9 0.6078703703703704 0.7736900780379041 0.06759259259259259 0.027870680044593088
6 0.34120370370370373 0.5178372352285395 0.6805555555555556 0.9643255295429208
20 0.500462962962963 0.018115942028985508 0.9990740740740741 0.03511705685618729
