17 0.14120370370370372 0.46739130434782605 0.1638888888888889 0.016164994425863992
17 0.10416666666666667 0.4080267558528428 0.09166666666666667 0.016722408026755852
8 0.9263888888888889 0.4116499442586399 0.036111111111111115 0.021739130434782608
9 0.9222222222222223 0.4707357859531772 0.031481481481481485 0.022853957636566332
18 0.500462962962963 0.8890746934225195 0.9268518518518519 0.059085841694537344
18 0.500462962962963 0.8299888517279822 0.9268518518518519 0.059085841694537344
17 0.75 0.9618171683389074 0.12037037037037038 0.021739130434782608
17 0.25 0.9615384615384616 0.16111111111111112 0.020066889632107024
18 0.500462962962963 0.544593088071349 0.9268518518518519 0.059085841694537344
7 0.500462962962963 0.4763099219620959 0.9268518518518519 0.03511705685618729
7 0.500462962962963 0.4169453734671126 0.9268518518518519 0.03455964325529543
9 0.500462962962963 0.17279821627647715 0.2916666666666667 0.11371237458193979
17 0.500925925925926 0.6045150501672241 0.27592592592592596 0.021739130434782608
20 0.500462962962963 0.018115942028985508 0.9990740740740741 0.03511705685618729
