8 0.9324074074074075 0.07720178372352285 0.05740740740740741 0.040691192865105905
17 0.19953703703703704 0.06939799331103678 0.10277777777777779 0.018394648829431436
17 0.24953703703703706 0.13795986622073578 0.20277777777777778 0.023968784838350056
17 0.24953703703703706 0.20234113712374582 0.20277777777777778 0.0189520624303233
17 0.25324074074074077 0.2709030100334448 0.2138888888888889 0.023411371237458192
17 0.23703703703703705 0.33528428093645485 0.17962962962962964 0.01950947603121516
17 0.19583333333333333 0.4044035674470457 0.09537037037037037 0.022853957636566332
17 0.2791666666666667 0.4701783723522854 0.26203703703703707 0.022853957636566332
17 0.2990740740740741 0.5342809364548495 0.30185185185185187 0.01950947603121516
17 0.21944444444444444 0.6036789297658863 0.14444444444444446 0.023411371237458192
17 0.2087962962962963 0.6702898550724637 0.1212962962962963 0.022853957636566332
8 0.07361111111111111 0.6661092530657748 0.05462962962962963 0.0379041248606466
8 0.07361111111111111 0.5994983277591973 0.062037037037037036 0.037346711259754736
8 0.07361111111111111 0.5331661092530657 0.0638888888888889 0.037346711259754736
9 0.07361111111111111 0.4668338907469342 0.05277777777777778 0.037346711259754736
8 0.07407407407407407 0.4005016722408027 0.07037037037037037 0.037346711259754736
8 0.07407407407407407 0.3341694537346711 0.06296296296296297 0.037346711259754736
8 0.07314814814814816 0.2678372352285396 0.044444444444444446 0.037346711259754736
8 0.07361111111111111 0.20122630992196208 0.0638888888888889 0.0379041248606466
8 0.07407407407407407 0.13489409141583053 0.07592592592592592 0.0379041248606466
8 0.07407407407407407 0.06856187290969899 0.06851851851851852 0.0379041248606466
6 0.29212962962962963 0.5178372352285395 0.5824074074074075 0.9643255295429208
20 0.500462962962963 0.018115942028985508 0.9990740740740741 0.03511705685618729
