17 0.6981481481481482 0.9141583054626533 0.14814814814814814 0.028985507246376812
17 0.30462962962962964 0.9147157190635451 0.19814814814814816 0.027870680044593088
9 0.6981481481481482 0.7948717948717948 0.2925925925925926 0.17614269788182832
9 0.3037037037037037 0.7948717948717948 0.2925925925925926 0.17614269788182832
17 0.6972222222222223 0.5785953177257525 0.20185185185185187 0.03567447045707915
17 0.30462962962962964 0.5785953177257525 0.17962962962962964 0.03567447045707915
9 0.6981481481481482 0.45540691192865107 0.2925925925925926 0.17502787068004458
9 0.3037037037037037 0.4559643255295429 0.2925925925925926 0.17614269788182832
17 0.5 0.3216276477146042 0.6851851851851852 0.030100334448160536
17 0.4990740740740741 0.24303232998885171 0.19814814814814816 0.024526198439241916
17 0.500925925925926 0.19899665551839466 0.22037037037037038 0.023411371237458192
17 0.500925925925926 0.1505016722408027 0.17592592592592593 0.028985507246376812
17 0.2972222222222222 0.08138238573021181 0.2388888888888889 0.028985507246376812
9 0.9416666666666667 0.07803790412486064 0.07592592592592592 0.031215161649944256
8 0.06944444444444445 0.07636566332218506 0.05 0.021181716833890748
19 0.500925925925926 0.07692307692307693 0.9981481481481482 0.0802675585284281
20 0.500925925925926 0.0189520624303233 0.9981481481481482 0.03567447045707915
