17 0.5 0.5813823857302118 0.8296296296296297 0.13935340022296544
17 0.500925925925926 0.48049052396878483 0.48703703703703705 0.031215161649944256
18 0.500925925925926 0.7597547380156076 0.9203703703703704 0.07023411371237458
9 0.500925925925926 0.36399108138238573 0.19814814814814816 0.11928651059085842
17 0.27222222222222225 0.07803790412486064 0.18888888888888888 0.024526198439241916
9 0.9398148148148149 0.07636566332218506 0.03888888888888889 0.03455964325529543
8 0.06944444444444445 0.07692307692307693 0.04259259259259259 0.024526198439241916
2 0.5018518518518519 0.5791527313266444 0.9259259259259259 0.4336677814938684
19 0.500925925925926 0.07692307692307693 0.9981481481481482 0.08249721293199554
20 0.500925925925926 0.0189520624303233 0.9981481481481482 0.03567447045707915
