17 0.22870370370370371 0.22742474916387959 0.37962962962962965 0.022296544035674472
17 0.13333333333333333 0.19899665551839466 0.18888888888888888 0.023411371237458192
17 0.2898148148148148 0.5808249721293199 0.22777777777777777 0.022296544035674472
17 0.2898148148148148 0.5083612040133779 0.22777777777777777 0.017837235228539576
17 0.2388888888888889 0.44091415830546266 0.12592592592592594 0.021181716833890748
17 0.31574074074074077 0.37068004459308806 0.27592592592592596 0.021181716833890748
17 0.35185185185185186 0.3004459308807135 0.35185185185185186 0.021181716833890748
8 0.06944444444444445 0.5785953177257525 0.05 0.031215161649944256
8 0.06944444444444445 0.507803790412486 0.05 0.030100334448160536
8 0.06944444444444445 0.43812709030100333 0.05 0.031215161649944256
8 0.07037037037037037 0.36789297658862874 0.05185185185185186 0.024526198439241916
8 0.06851851851851852 0.2987736900780379 0.02962962962962963 0.028985507246376812
8 0.6703703703703704 0.21125975473801561 0.02592592592592593 0.010033444816053512
8 0.1175925925925926 0.1064659977703456 0.1574074074074074 0.0947603121516165
6 0.3703703703703704 0.520066889632107 0.737037037037037 0.959866220735786
20 0.500925925925926 0.0189520624303233 0.9981481481481482 0.03567447045707915
