17 0.18981481481481483 0.24721293199554067 0.20740740740740743 0.016164994425863992
17 0.16064814814814815 0.32831661092530656 0.14907407407407408 0.016722408026755852
17 0.500462962962963 0.5016722408026756 0.27685185185185185 0.0189520624303233
18 0.500462962962963 0.4306020066889632 0.8546296296296296 0.07079152731326645
7 0.500462962962963 0.33835005574136007 0.8361111111111111 0.03678929765886287
7 0.500462962962963 0.25418060200668896 0.8435185185185186 0.031215161649944256
17 0.40231481481481485 0.08138238573021181 0.5083333333333333 0.033444816053511704
8 0.06944444444444445 0.07664437012263099 0.05 0.028428093645484948
19 0.500462962962963 0.07664437012263099 0.9990740740740741 0.08193979933110368
20 0.500462962962963 0.018115942028985508 0.9990740740740741 0.03511705685618729
