6 0.34120370370370373 0.5178372352285395 0.6805555555555556 0.9643255295429208
8 0.07268518518518519 0.0758082497212932 0.06759259259259259 0.04013377926421405
17 0.2263888888888889 0.0794314381270903 0.1212962962962963 0.02508361204013378
17 0.2300925925925926 0.14659977703455965 0.13055555555555556 0.020066889632107024
8 0.07314814814814816 0.15802675585284282 0.06666666666666667 0.039576365663322184
17 0.3125 0.17474916387959866 0.2953703703703704 0.016164994425863992
17 0.26712962962962966 0.22826086956521738 0.20833333333333334 0.021739130434782608
9 0.075 0.23885172798216275 0.07222222222222223 0.03177257525083612
17 0.32546296296296295 0.25585284280936454 0.3175925925925926 0.016722408026755852
17 0.24120370370370373 0.31270903010033446 0.14907407407407408 0.024526198439241916
9 0.08657407407407408 0.31995540691192864 0.09722222222222222 0.0379041248606466
17 0.3773148148148148 0.3403010033444816 0.42314814814814816 0.01950947603121516
17 0.24629629629629632 0.39241917502787066 0.1574074074074074 0.020066889632107024
9 0.07546296296296297 0.4044035674470457 0.058333333333333334 0.03511705685618729
17 0.4027777777777778 0.42196209587513933 0.4740740740740741 0.0189520624303233
9 0.05787037037037037 0.4855072463768116 0.03981481481481482 0.023411371237458192
17 0.20555555555555557 0.4885730211817168 0.19814814814814816 0.02508361204013378
5 0.19351851851851853 0.5691192865105908 0.3092592592592593 0.026755852842809364
17 0.22685185185185186 0.5702341137123745 0.2425925925925926 0.024526198439241916
9 0.058333333333333334 0.6438127090301003 0.03888888888888889 0.023411371237458192
17 0.2064814814814815 0.64520624303233 0.2 0.015050167224080268
8 0.05787037037037037 0.7140468227424749 0.03981481481481482 0.023411371237458192
17 0.1527777777777778 0.7154403567447045 0.0962962962962963 0.015050167224080268
20 0.500462962962963 0.018115942028985508 0.9990740740740741 0.03511705685618729
