9 0.4226851851851852 0.11148272017837235 0.15462962962962964 0.09364548494983277
17 0.42453703703703705 0.20206243032329987 0.28425925925925927 0.029542920847268672
9 0.4226851851851852 0.15914158305462653 0.8435185185185186 0.24581939799331104
17 0.08611111111111111 0.32998885172798215 0.08888888888888889 0.021181716833890748
17 0.22870370370370371 0.42391304347826086 0.10185185185185186 0.016164994425863992
17 0.27592592592592596 0.4955406911928651 0.20185185185185187 0.021181716833890748
17 0.26342592592592595 0.5657748049052397 0.17685185185185187 0.021181716833890748
17 0.25 0.6343366778149386 0.14444444444444446 0.017837235228539576
17 0.31157407407407406 0.7062430323299889 0.2675925925925926 0.021181716833890748
17 0.28935185185185186 0.7764771460423634 0.22685185185185186 0.021181716833890748
17 0.29953703703703705 0.8450390189520625 0.2490740740740741 0.017837235228539576
17 0.2898148148148148 0.9169453734671126 0.22777777777777777 0.021181716833890748
8 0.06851851851851852 0.9130434782608695 0.05185185185185186 0.027870680044593088
18 0.7685185185185186 0.9147157190635451 0.07592592592592592 0.030100334448160536
9 0.06944444444444445 0.8444816053511706 0.061111111111111116 0.027870680044593088
8 0.06620370370370371 0.774247491638796 0.05092592592592593 0.031215161649944256
8 0.06759259259259259 0.7040133779264214 0.053703703703703705 0.027870680044593088
8 0.06898148148148149 0.6340579710144928 0.05092592592592593 0.028428093645484948
8 0.06944444444444445 0.5638238573021181 0.04259259259259259 0.02508361204013378
9 0.06944444444444445 0.49358974358974356 0.053703703703703705 0.03511705685618729
8 0.06898148148148149 0.42251950947603123 0.05092592592592593 0.026755852842809364
18 0.7689814814814815 0.49358974358974356 0.075 0.030657748049052396
6 0.4226851851851852 0.5178372352285395 0.8435185185185186 0.9643255295429208
20 0.500462962962963 0.018115942028985508 0.9990740740740741 0.03511705685618729
