17 0.3712962962962963 0.15384615384615385 0.49444444444444446 0.017837235228539576
8 0.09166666666666667 0.15328874024526198 0.0462962962962963 0.027870680044593088
17 0.9231481481481482 0.3411371237458194 0.10555555555555556 0.020066889632107024
17 0.8981481481481481 0.31828316610925306 0.15555555555555556 0.0189520624303233
8 0.8805555555555555 0.29208472686733555 0.19444444444444445 0.024526198439241916
8 0.8796296296296297 0.4559643255295429 0.1962962962962963 0.024526198439241916
8 0.8796296296296297 0.6192865105908584 0.1962962962962963 0.02564102564102564
8 0.8796296296296297 0.8010033444816054 0.1962962962962963 0.02564102564102564
9 0.11111111111111112 0.9698996655518395 0.17037037037037037 0.06020066889632107
9 0.11111111111111112 0.8244147157190636 0.17037037037037037 0.1326644370122631
9 0.11111111111111112 0.6415830546265329 0.17037037037037037 0.1326644370122631
9 0.11111111111111112 0.4777034559643255 0.16666666666666669 0.13043478260869565
9 0.11111111111111112 0.31382385730211815 0.16666666666666669 0.13043478260869565
17 0.3425925925925926 0.9888517279821627 0.24074074074074076 0.022296544035674472
17 0.34814814814814815 0.9526198439241917 0.2555555555555556 0.0189520624303233
17 0.8444444444444444 0.9866220735785953 0.26296296296296295 0.020066889632107024
17 0.9231481481481482 0.8511705685618729 0.10555555555555556 0.021181716833890748
17 0.912962962962963 0.8288740245261984 0.12592592592592594 0.0189520624303233
17 0.9231481481481482 0.6683389074693422 0.10555555555555556 0.021181716833890748
17 0.9120370370370371 0.6460423634336677 0.1277777777777778 0.0189520624303233
17 0.9240740740740742 0.5044593088071349 0.10370370370370371 0.021181716833890748
17 0.9027777777777778 0.4821627647714604 0.1462962962962963 0.0189520624303233
17 0.2601851851851852 0.6510590858416945 0.07962962962962963 0.017837235228539576
17 0.28703703703703703 0.6237458193979933 0.13333333333333333 0.0189520624303233
17 0.40555555555555556 0.8734671125975474 0.3740740740740741 0.04793756967670011
17 0.2611111111111111 0.8333333333333334 0.07777777777777778 0.0189520624303233
17 0.33611111111111114 0.8065774804905239 0.23148148148148148 0.021181716833890748
17 0.27222222222222225 0.7725752508361204 0.10740740740740741 0.024526198439241916
17 0.4064814814814815 0.6917502787068004 0.37222222222222223 0.04793756967670011
17 0.2935185185185185 0.5903010033444815 0.15 0.023411371237458192
17 0.40555555555555556 0.48717948717948717 0.3740740740740741 0.07357859531772575
17 0.3388888888888889 0.42642140468227424 0.24074074074074076 0.023411371237458192
17 0.40555555555555556 0.3232998885172798 0.3740740740740741 0.0758082497212932
17 0.3787037037037037 0.2625418060200669 0.32037037037037036 0.02564102564102564
17 0.33425925925925926 0.21181716833890746 0.5018518518518519 0.022296544035674472
8 0.04537037037037037 0.21014492753623187 0.04259259259259259 0.02564102564102564
8 0.17037037037037037 0.07692307692307693 0.04814814814814815 0.0379041248606466
17 0.912962962962963 0.1544035674470457 0.0962962962962963 0.0189520624303233
9 0.8268518518518518 0.1527313266443701 0.05740740740740741 0.0379041248606466
7 0.4083333333333333 0.15830546265328874 0.7203703703703704 0.04013377926421405
17 0.9268518518518519 0.07915273132664437 0.09814814814814815 0.022296544035674472
8 0.8444444444444444 0.07636566332218506 0.04814814814814815 0.032329988851727984
17 0.4962962962962963 0.07692307692307693 0.562962962962963 0.022296544035674472
8 0.06944444444444445 0.07636566332218506 0.05 0.03455964325529543
20 0.500925925925926 0.0189520624303233 0.9981481481481482 0.03567447045707915
