17 0.1787037037037037 0.5072463768115942 0.16481481481481483 0.024526198439241916
17 0.1425925925925926 0.4431438127090301 0.0925925925925926 0.0189520624303233
17 0.500925925925926 0.07971014492753623 0.312962962962963 0.02564102564102564
8 0.06944444444444445 0.07692307692307693 0.04259259259259259 0.024526198439241916
8 0.8250000000000001 0.07859531772575251 0.061111111111111116 0.03901895206243032
8 0.9370370370370371 0.0802675585284281 0.06666666666666667 0.0379041248606466
17 0.1787037037037037 0.2246376811594203 0.20925925925925926 0.027870680044593088
17 0.3138888888888889 0.2591973244147157 0.412962962962963 0.027870680044593088
9 0.500925925925926 0.24526198439241917 0.9981481481481482 0.2564102564102564
7 0.5037037037037038 0.4492753623188406 0.8185185185185185 0.031215161649944256
7 0.5037037037037038 0.5105908584169454 0.8185185185185185 0.031215161649944256
18 0.5037037037037038 0.5830546265328874 0.8407407407407408 0.0713489409141583
18 0.5037037037037038 0.664994425863991 0.8407407407407408 0.07023411371237458
17 0.5046296296296297 0.7525083612040133 0.3314814814814815 0.017837235228539576
17 0.5018518518518519 0.8199554069119286 0.6666666666666667 0.05239687848383501
18 0.5046296296296297 0.9052396878483835 0.8388888888888889 0.0713489409141583
19 0.500925925925926 0.07692307692307693 0.9981481481481482 0.0802675585284281
20 0.500925925925926 0.0189520624303233 0.9981481481481482 0.03567447045707915
