17 0.5018518518518519 0.5359531772575251 0.3277777777777778 0.022853957636566332
17 0.500462962962963 0.5872352285395763 0.8398148148148148 0.04626532887402453
13 0.49444444444444446 0.6521739130434783 0.08148148148148149 0.015607580824972128
17 0.4986111111111111 0.9175027870680045 0.587962962962963 0.04013377926421405
18 0.500925925925926 0.7603121516164995 0.9037037037037038 0.0713489409141583
18 0.500462962962963 0.8453177257525083 0.9046296296296297 0.07190635451505016
9 0.4990740740740741 0.32608695652173914 0.5518518518518519 0.3311036789297659
17 0.3106481481481482 0.07887402452619843 0.34351851851851856 0.03177257525083612
8 0.06898148148148149 0.07664437012263099 0.04166666666666667 0.02508361204013378
19 0.500462962962963 0.07664437012263099 0.9990740740740741 0.08193979933110368
20 0.500462962962963 0.018115942028985508 0.9990740740740741 0.03511705685618729
