17 0.1953703703703704 0.06828316610925307 0.31666666666666665 0.030657748049052396
17 0.18981481481481483 0.10005574136008918 0.3 0.021739130434782608
17 0.22222222222222224 0.18255295429208473 0.09074074074074075 0.018394648829431436
17 0.26666666666666666 0.2770345596432553 0.1814814814814815 0.0189520624303233
17 0.24305555555555555 0.34782608695652173 0.13425925925925927 0.016722408026755852
17 0.2638888888888889 0.41722408026755853 0.17592592592592593 0.01950947603121516
17 0.24629629629629632 0.4882943143812709 0.14074074074074075 0.017837235228539576
17 0.2712962962962963 0.5576923076923077 0.19074074074074074 0.018394648829431436
17 0.33287037037037037 0.6541248606465998 0.3138888888888889 0.018394648829431436
17 0.2828703703703704 0.7240802675585284 0.21203703703703705 0.0189520624303233
17 0.23842592592592593 0.8210702341137124 0.12685185185185185 0.021181716833890748
8 0.06944444444444445 0.818561872909699 0.05 0.030657748049052396
8 0.06898148148148149 0.7232441471571907 0.05092592592592593 0.030657748049052396
8 0.06898148148148149 0.653288740245262 0.05092592592592593 0.028985507246376812
8 0.06851851851851852 0.5576923076923077 0.044444444444444446 0.027313266443701224
8 0.06898148148148149 0.48717948717948717 0.05092592592592593 0.028985507246376812
9 0.06898148148148149 0.4175027870680045 0.05092592592592593 0.031215161649944256
8 0.06898148148148149 0.34782608695652173 0.04722222222222222 0.032329988851727984
8 0.06898148148148149 0.27731326644370125 0.04166666666666667 0.030657748049052396
8 0.06944444444444445 0.18115942028985507 0.05 0.026755852842809364
6 0.34074074074074073 0.5178372352285395 0.6796296296296297 0.9643255295429208
20 0.500462962962963 0.018115942028985508 0.9990740740740741 0.03511705685618729
