8 0.1175925925925926 0.10479375696767002 0.1574074074074074 0.09587513935340022
17 0.1328703703703704 0.19007803790412486 0.18796296296296297 0.022296544035674472
17 0.2240740740740741 0.217670011148272 0.3685185185185185 0.023968784838350056
17 0.36342592592592593 0.3076923076923077 0.375 0.022296544035674472
17 0.3578703703703704 0.37931995540691194 0.36388888888888893 0.022853957636566332
17 0.3106481481481482 0.4489966555183946 0.2712962962962963 0.022853957636566332
17 0.22546296296296298 0.5420847268673356 0.10092592592592593 0.020624303232998884
17 0.2513888888888889 0.612876254180602 0.15092592592592594 0.020624303232998884
17 0.21157407407407408 0.6847826086956521 0.0712962962962963 0.022853957636566332
17 0.24351851851851852 0.7555741360089187 0.13518518518518519 0.020624303232998884
17 0.23472222222222222 0.8511705685618729 0.1175925925925926 0.022296544035674472
9 0.06898148148148149 0.8478260869565217 0.04722222222222222 0.028985507246376812
8 0.06759259259259259 0.7513935340022296 0.040740740740740744 0.023411371237458192
8 0.06851851851851852 0.6828316610925307 0.05185185185185186 0.032329988851727984
8 0.06851851851851852 0.6123188405797101 0.05185185185185186 0.03177257525083612
8 0.06898148148148149 0.5420847268673356 0.04722222222222222 0.028428093645484948
8 0.0699074074074074 0.44704570791527315 0.05648148148148149 0.028985507246376812
8 0.06851851851851852 0.37681159420289856 0.037037037037037035 0.031215161649944256
8 0.06944444444444445 0.3068561872909699 0.05740740740740741 0.03511705685618729
6 0.3888888888888889 0.5181159420289855 0.7759259259259259 0.9637681159420289
20 0.500462962962963 0.018115942028985508 0.9990740740740741 0.03511705685618729
