17 0.26481481481481484 0.08639910813823858 0.32592592592592595 0.03678929765886287
17 0.13333333333333333 0.17224080267558528 0.18888888888888888 0.021181716833890748
17 0.22870370370370371 0.20066889632107024 0.37592592592592594 0.022296544035674472
9 0.06481481481481481 0.0858416945373467 0.05555555555555556 0.055741360089186176
8 0.07037037037037037 0.2814938684503902 0.04814814814814815 0.027870680044593088
8 0.06944444444444445 0.35228539576365664 0.04259259259259259 0.026755852842809364
8 0.06944444444444445 0.42196209587513933 0.04259259259259259 0.032329988851727984
8 0.07037037037037037 0.4916387959866221 0.05185185185185186 0.031215161649944256
8 0.06944444444444445 0.5875139353400223 0.05 0.033444816053511704
17 0.23981481481481481 0.5897435897435898 0.1277777777777778 0.022296544035674472
17 0.32592592592592595 0.49442586399108135 0.3 0.023411371237458192
17 0.22314814814814815 0.28205128205128205 0.09444444444444444 0.017837235228539576
17 0.25462962962962965 0.3539576365663322 0.1574074074074074 0.023411371237458192
17 0.2675925925925926 0.42474916387959866 0.17962962962962964 0.022296544035674472
6 0.3416666666666667 0.5183946488294314 0.6796296296296297 0.9632107023411371
20 0.500925925925926 0.0189520624303233 0.9981481481481482 0.03567447045707915
