11 0.5 0.5175585284280937 0.7037037037037037 0.4230769230769231
17 0.3805555555555556 0.35005574136008916 0.3425925925925926 0.0189520624303233
5 0.5106481481481482 0.4136008918617614 0.5953703703703704 0.030100334448160536
17 0.3527777777777778 0.41638795986622074 0.2796296296296296 0.023411371237458192
5 0.5101851851851852 0.4604236343366778 0.5944444444444444 0.028985507246376812
17 0.34814814814814815 0.4607023411371237 0.27037037037037037 0.01950947603121516
5 0.5115740740740741 0.5069676700111483 0.5935185185185186 0.028428093645484948
17 0.3685185185185185 0.5094760312151616 0.3074074074074074 0.023411371237458192
5 0.5111111111111112 0.5535117056856187 0.5962962962962963 0.028985507246376812
17 0.3194444444444445 0.5546265328874025 0.21296296296296297 0.021181716833890748
5 0.5111111111111112 0.600613154960981 0.5944444444444444 0.029542920847268672
17 0.2611111111111111 0.600891861761427 0.09444444444444444 0.020066889632107024
17 0.7453703703703703 0.6889632107023411 0.05185185185185186 0.0189520624303233
20 0.500462962962963 0.018115942028985508 0.9990740740740741 0.03511705685618729
