8 0.7759259259259259 0.7530657748049052 0.05 0.030100334448160536
9 0.5 0.2040133779264214 0.27037037037037037 0.16276477146042362
17 0.49953703703703706 0.3539576365663322 0.44907407407407407 0.033444816053511704
17 0.49953703703703706 0.4018952062430323 0.7361111111111112 0.02564102564102564
17 0.5 0.7564102564102564 0.4462962962962963 0.027870680044593088
18 0.500462962962963 0.5 0.9490740740740741 0.06577480490523968
18 0.5 0.5808249721293199 0.9481481481481482 0.06577480490523968
18 0.5 0.6613712374581939 0.9481481481481482 0.06521739130434782
17 0.5 0.967948717948718 0.7740740740740741 0.021739130434782608
20 0.500462962962963 0.018115942028985508 0.9990740740740741 0.03511705685618729
