17 0.2537037037037037 0.22881828316610925 0.4277777777777778 0.02508361204013378
17 0.14583333333333334 0.1967670011148272 0.21574074074074076 0.02564102564102564
17 0.20925925925925926 0.28818283166109254 0.10370370370370371 0.0189520624303233
17 0.2125 0.36148272017837235 0.11203703703703705 0.01950947603121516
17 0.27037037037037037 0.4367335562987737 0.22592592592592595 0.023968784838350056
17 0.27037037037037037 0.5097547380156076 0.22777777777777777 0.02508361204013378
17 0.2740740740740741 0.5811036789297659 0.2351851851851852 0.022853957636566332
17 0.21481481481481482 0.653288740245262 0.11666666666666667 0.020066889632107024
17 0.22824074074074074 0.7307692307692307 0.14351851851851852 0.024526198439241916
17 0.300462962962963 0.8029542920847269 0.28425925925925927 0.02508361204013378
8 0.07824074074074075 0.8012820512820513 0.05092592592592593 0.030657748049052396
8 0.0787037037037037 0.7279821627647715 0.05 0.031215161649944256
8 0.0787037037037037 0.653288740245262 0.05185185185185186 0.031215161649944256
8 0.0787037037037037 0.5794314381270903 0.05555555555555556 0.029542920847268672
8 0.0787037037037037 0.5069676700111483 0.05185185185185186 0.02508361204013378
8 0.07962962962962963 0.4331103678929766 0.044444444444444446 0.021181716833890748
9 0.07916666666666666 0.36064659977703456 0.04722222222222222 0.02564102564102564
8 0.0787037037037037 0.28678929765886285 0.05 0.026198439241917504
8 0.6615740740740741 0.21042363433667782 0.026851851851851852 0.00947603121516165
8 0.11712962962962964 0.10590858416945373 0.15833333333333333 0.0947603121516165
6 0.3652777777777778 0.5178372352285395 0.7287037037037037 0.9643255295429208
20 0.500462962962963 0.018115942028985508 0.9990740740740741 0.03511705685618729
