17 0.20694444444444446 0.4584726867335563 0.19351851851851853 0.01950947603121516
17 0.21203703703703705 0.5473801560758083 0.20555555555555557 0.021181716833890748
17 0.49953703703703706 0.9768673355629878 0.1712962962962963 0.015050167224080268
17 0.4990740740740741 0.38405797101449274 0.37592592592592594 0.024526198439241916
9 0.5185185185185185 0.28288740245261984 0.18703703703703706 0.11315496098104794
7 0.500462962962963 0.4640468227424749 0.8083333333333333 0.03177257525083612
7 0.500462962962963 0.552396878483835 0.8083333333333333 0.033444816053511704
18 0.500925925925926 0.6435340022296544 0.35000000000000003 0.061872909698996656
17 0.5013888888888889 0.7229654403567447 0.33796296296296297 0.021181716833890748
17 0.500925925925926 0.9319955406911928 0.46296296296296297 0.021181716833890748
20 0.500462962962963 0.018115942028985508 0.9990740740740741 0.03511705685618729
