17 0.17407407407407408 0.45875139353400224 0.20555555555555557 0.022296544035674472
17 0.12314814814814816 0.35451505016722407 0.10370370370370371 0.022296544035674472
9 0.5 0.11454849498327759 0.4351851851851852 0.061872909698996656
18 0.500462962962963 0.2410813823857302 0.42685185185185187 0.049609810479375696
7 0.500462962962963 0.3600891861761427 0.8657407407407408 0.03455964325529543
7 0.500462962962963 0.4651616499442586 0.8675925925925926 0.03511705685618729
18 0.500462962962963 0.5763656633221851 0.8657407407407408 0.055741360089186176
17 0.500925925925926 0.664994425863991 0.4740740740740741 0.024526198439241916
17 0.5018518518518519 0.7310479375696767 0.40185185185185185 0.02508361204013378
20 0.500462962962963 0.018115942028985508 0.9990740740740741 0.03511705685618729
