9 0.500462962962963 0.6020066889632107 0.058333333333333334 0.04013377926421405
17 0.500925925925926 0.6647157190635451 0.6314814814814815 0.05518394648829431
13 0.500925925925926 0.7126532887402452 0.12962962962962962 0.010590858416945374
18 0.500462962962963 0.7650501672240803 0.9231481481481482 0.05406911928651059
18 0.500462962962963 0.8408584169453734 0.9231481481481482 0.05406911928651059
17 0.5 0.9035674470457079 0.21851851851851853 0.017837235228539576
9 0.49953703703703706 0.955406911928651 0.28055555555555556 0.03678929765886287
9 0.5 0.11984392419175027 0.27592592592592596 0.1939799331103679
17 0.5032407407407408 0.2329988851727982 0.075 0.008918617614269788
9 0.5101851851851852 0.26031215161649945 0.16666666666666669 0.028985507246376812
0 0.500462962962963 0.500278706800446 0.9990740740740741 0.9994425863991081
