17 0.2337962962962963 0.765886287625418 0.19166666666666668 0.021181716833890748
17 0.2800925925925926 0.6499442586399108 0.28240740740740744 0.021181716833890748
17 0.24166666666666667 0.5342809364548495 0.20740740740740743 0.020624303232998884
17 0.500925925925926 0.07720178372352285 0.32407407407407407 0.022853957636566332
8 0.033796296296296297 0.07692307692307693 0.02314814814814815 0.020066889632107024
17 0.10925925925925926 0.07692307692307693 0.09074074074074075 0.021181716833890748
19 0.500462962962963 0.07664437012263099 0.9990740740740741 0.08193979933110368
17 0.4990740740740741 0.17279821627647715 0.6574074074074074 0.033444816053511704
17 0.5 0.21460423634336678 0.5166666666666667 0.023411371237458192
18 0.5 0.30267558528428096 0.7277777777777779 0.07692307692307693
17 0.4277777777777778 0.3843366778149387 0.6351851851851852 0.039576365663322184
17 0.500925925925926 0.4531772575250836 0.21296296296296297 0.020066889632107024
7 0.500462962962963 0.5331661092530657 0.7805555555555556 0.08639910813823858
7 0.5 0.6496655518394648 0.7814814814814816 0.08639910813823858
7 0.5 0.7656075808249722 0.7814814814814816 0.08639910813823858
17 0.500462962962963 0.8522853957636566 0.5972222222222222 0.045707915273132664
18 0.500462962962963 0.947324414715719 0.5064814814814815 0.07079152731326645
20 0.500462962962963 0.018115942028985508 0.9990740740740741 0.03511705685618729
