17 0.19861111111111113 0.5769230769230769 0.1953703703703704 0.021181716833890748
17 0.2740740740740741 0.5019509476031215 0.34814814814814815 0.020624303232998884
8 0.8740740740740741 0.5763656633221851 0.05555555555555556 0.028985507246376812
17 0.500462962962963 0.8835005574136009 0.2175925925925926 0.026755852842809364
17 0.500925925925926 0.8355629877369007 0.6055555555555556 0.021181716833890748
7 0.500462962962963 0.5752508361204013 0.8842592592592593 0.0758082497212932
7 0.500462962962963 0.5019509476031215 0.8842592592592593 0.07636566332218506
17 0.7962962962962963 0.7469342251950948 0.29074074074074074 0.022296544035674472
18 0.500462962962963 0.6711259754738016 0.8842592592592593 0.0713489409141583
17 0.5013888888888889 0.4269788182831661 0.03981481481481482 0.016722408026755852
18 0.500925925925926 0.3475473801560758 0.8833333333333334 0.07079152731326645
9 0.5018518518518519 0.20150501672240803 0.4314814814814815 0.0451505016722408
8 0.06898148148148149 0.07692307692307693 0.04166666666666667 0.024526198439241916
20 0.500462962962963 0.018115942028985508 0.9990740740740741 0.03511705685618729
