9 0.06944444444444445 0.9632107023411371 0.03888888888888889 0.023411371237458192
9 0.06944444444444445 0.8932552954292085 0.02592592592592593 0.022853957636566332
9 0.06898148148148149 0.822742474916388 0.021296296296296296 0.023411371237458192
9 0.06944444444444445 0.7527870680044593 0.03888888888888889 0.020624303232998884
9 0.06898148148148149 0.6822742474916388 0.04722222222222222 0.03455964325529543
9 0.06944444444444445 0.6120401337792643 0.03888888888888889 0.011148272017837236
9 0.06898148148148149 0.5420847268673356 0.036111111111111115 0.022853957636566332
9 0.06898148148148149 0.47157190635451507 0.04722222222222222 0.0189520624303233
9 0.06898148148148149 0.39938684503901895 0.03796296296296296 0.026198439241917504
8 0.06898148148148149 0.32887402452619846 0.05092592592592593 0.02564102564102564
17 0.32222222222222224 0.9637681159420289 0.29444444444444445 0.017837235228539576
17 0.33611111111111114 0.8938127090301003 0.31851851851851853 0.017279821627647716
17 0.3578703703703704 0.8244147157190636 0.36203703703703705 0.0189520624303233
17 0.34444444444444444 0.7533444816053512 0.3351851851851852 0.017279821627647716
17 0.2791666666666667 0.6831103678929765 0.20277777777777778 0.017279821627647716
17 0.32037037037037036 0.612597547380156 0.28703703703703703 0.016722408026755852
17 0.3597222222222222 0.5429208472686734 0.36574074074074076 0.016722408026755852
17 0.24583333333333335 0.47268673355629875 0.13796296296296298 0.016722408026755852
17 0.2189814814814815 0.4005016722408027 0.08425925925925926 0.017279821627647716
17 0.22268518518518518 0.33054626532887404 0.09166666666666667 0.016722408026755852
17 0.15925925925925927 0.24303232998885171 0.23703703703703705 0.022296544035674472
17 0.10972222222222222 0.20206243032329987 0.14351851851851852 0.018394648829431436
8 0.13703703703703704 0.11761426978818283 0.16481481481481483 0.10033444816053512
6 0.3888888888888889 0.5178372352285395 0.7759259259259259 0.9643255295429208
20 0.500462962962963 0.018115942028985508 0.9990740740740741 0.03511705685618729
