8 0.06944444444444445 0.6633221850613155 0.05740740740740741 0.023411371237458192
17 0.07453703703703704 0.1978818283166109 0.06944444444444445 0.017837235228539576
17 0.24212962962962964 0.31438127090301005 0.13611111111111113 0.022296544035674472
17 0.32916666666666666 0.382943143812709 0.30833333333333335 0.017837235228539576
17 0.23842592592592593 0.4531772575250836 0.12685185185185185 0.017837235228539576
17 0.26990740740740743 0.5250836120401338 0.18981481481481483 0.021181716833890748
17 0.3138888888888889 0.5939241917502787 0.27592592592592596 0.017279821627647716
17 0.2212962962962963 0.6658305462653289 0.0925925925925926 0.021739130434782608
17 0.250462962962963 0.733835005574136 0.14907407407407408 0.017279821627647716
17 0.22962962962962963 0.8043478260869565 0.10740740740740741 0.016722408026755852
17 0.21851851851851853 0.8472686733556298 0.08333333333333334 0.017837235228539576
17 0.2388888888888889 0.9102564102564102 0.12592592592592594 0.021181716833890748
17 0.2212962962962963 0.9690635451505016 0.09444444444444444 0.017279821627647716
8 0.06851851851851852 0.9693422519509476 0.04259259259259259 0.02564102564102564
8 0.06898148148148149 0.9077480490523968 0.04166666666666667 0.026198439241917504
8 0.06898148148148149 0.846711259754738 0.04351851851851852 0.022296544035674472
9 0.06898148148148149 0.8037904124860646 0.05648148148148149 0.0189520624303233
8 0.06944444444444445 0.7329988851727982 0.05740740740740741 0.027870680044593088
9 0.06898148148148149 0.5930880713489409 0.05092592592592593 0.03455964325529543
9 0.06898148148148149 0.5228539576365663 0.04537037037037037 0.03455964325529543
9 0.06805555555555556 0.45261984392419174 0.03981481481481482 0.023411371237458192
9 0.06898148148148149 0.38238573021181715 0.049074074074074076 0.03455964325529543
8 0.0699074074074074 0.31215161649944256 0.05648148148148149 0.021181716833890748
6 0.3893518518518519 0.5181159420289855 0.7768518518518519 0.9637681159420289
20 0.500462962962963 0.018115942028985508 0.9990740740740741 0.03511705685618729
