17 0.5046296296296297 0.3963210702341137 0.1537037037037037 0.014492753623188406
17 0.500925925925926 0.5774804905239688 0.15 0.015607580824972128
17 0.500925925925926 0.483835005574136 0.08333333333333334 0.015607580824972128
9 0.500925925925926 0.17001114827201783 0.19444444444444445 0.11928651059085842
7 0.500925925925926 0.40245261984392416 0.587037037037037 0.026755852842809364
7 0.5 0.49275362318840576 0.5851851851851853 0.033444816053511704
7 0.500925925925926 0.5858416945373467 0.587037037037037 0.032329988851727984
17 0.500925925925926 0.794314381270903 0.13148148148148148 0.0189520624303233
17 0.500925925925926 0.8522853957636566 0.6240740740740741 0.016722408026755852
18 0.500925925925926 0.9559643255295429 0.9981481481481482 0.08807134894091416
0 0.500925925925926 0.4738015607580825 0.9981481481481482 0.8762541806020067
20 0.500925925925926 0.018394648829431436 0.9981481481481482 0.03455964325529543
