8 0.8680555555555556 0.9202898550724637 0.13796296296296298 0.08361204013377926
8 0.8444444444444444 0.07664437012263099 0.031481481481481485 0.03288740245261984
8 0.9462962962962963 0.07636566332218506 0.014814814814814815 0.02564102564102564
8 0.06851851851851852 0.07664437012263099 0.04814814814814815 0.028428093645484948
17 0.2986111111111111 0.07971014492753623 0.3101851851851852 0.030100334448160536
17 0.26296296296296295 0.1507803790412486 0.11666666666666667 0.021739130434782608
17 0.31712962962962965 0.21822742474916387 0.225 0.022853957636566332
17 0.2449074074074074 0.28595317725752506 0.08611111111111111 0.022296544035674472
17 0.26851851851851855 0.35256410256410253 0.13518518518518519 0.022853957636566332
17 0.3388888888888889 0.4227982162764771 0.2740740740740741 0.028428093645484948
17 0.2916666666666667 0.487736900780379 0.17962962962962964 0.022296544035674472
17 0.31157407407407406 0.5574136008918618 0.2175925925925926 0.027870680044593088
17 0.28240740740740744 0.6245819397993311 0.15925925925925927 0.027313266443701224
8 0.08611111111111111 0.15105908584169453 0.08333333333333334 0.05128205128205128
8 0.08796296296296297 0.21906354515050167 0.0925925925925926 0.055741360089186176
8 0.08611111111111111 0.2853957636566332 0.05740740740740741 0.04793756967670011
8 0.08981481481481482 0.35312151616499443 0.04814814814814815 0.027313266443701224
8 0.08564814814814815 0.42084726867335565 0.062037037037037036 0.042363433667781496
9 0.08611111111111111 0.4874581939799331 0.05 0.04292084726867335
8 0.08611111111111111 0.5551839464882943 0.06851851851851852 0.04124860646599777
8 0.08611111111111111 0.6223522853957636 0.05925925925925926 0.038461538461538464
19 0.500462962962963 0.07664437012263099 0.9990740740740741 0.08193979933110368
6 0.2925925925925926 0.5588071348940914 0.5833333333333334 0.8823857302118171
20 0.500462962962963 0.018115942028985508 0.9990740740740741 0.03511705685618729
