18 0.5018518518518519 0.9331103678929765 0.9222222222222223 0.0713489409141583
17 0.500925925925926 0.8756967670011148 0.03518518518518519 0.016722408026755852
18 0.5 0.8171683389074693 0.9222222222222223 0.0713489409141583
18 0.500925925925926 0.729654403567447 0.9203703703703704 0.07023411371237458
18 0.5018518518518519 0.6421404682274248 0.9222222222222223 0.0713489409141583
17 0.5 0.3455964325529543 0.42592592592592593 0.044593088071348944
17 0.31851851851851853 0.07971014492753623 0.34444444444444444 0.027870680044593088
8 0.07037037037037037 0.07692307692307693 0.040740740740740744 0.022296544035674472
0 0.500925925925926 0.5161649944258639 0.9981481481481482 0.967670011148272
20 0.500925925925926 0.016722408026755852 0.9981481481481482 0.031215161649944256
