17 0.14722222222222223 0.580267558528428 0.18703703703703706 0.021181716833890748
17 0.18981481481481483 0.48606465997770343 0.27592592592592596 0.022296544035674472
8 0.6 0.8634336677814939 0.03333333333333333 0.021181716833890748
8 0.07037037037037037 0.07692307692307693 0.037037037037037035 0.022296544035674472
9 0.5435185185185185 0.23634336677814938 0.4203703703703704 0.042363433667781496
7 0.500925925925926 0.49442586399108135 0.9055555555555556 0.04124860646599777
7 0.5 0.5891861761426979 0.9037037037037038 0.03901895206243032
18 0.5 0.6962095875139354 0.9037037037037038 0.059085841694537344
18 0.500925925925926 0.7803790412486065 0.9055555555555556 0.057971014492753624
17 0.3212962962962963 0.8651059085841695 0.5055555555555555 0.024526198439241916
17 0.500925925925926 0.903010033444816 0.031481481481481485 0.013377926421404682
17 0.500925925925926 0.9531772575250836 0.6574074074074074 0.017837235228539576
0 0.500925925925926 0.5183946488294314 0.9981481481481482 0.9632107023411371
20 0.500925925925926 0.0189520624303233 0.9981481481481482 0.03567447045707915
