8 0.9773148148148149 0.8642697881828316 0.02314814814814815 0.020624303232998884
8 0.022685185185185187 0.8642697881828316 0.02314814814814815 0.020624303232998884
17 0.5023148148148149 0.5710702341137124 0.8638888888888889 0.07636566332218506
17 0.4986111111111111 0.6808807134894092 0.8324074074074075 0.06633221850613155
13 0.500462962962963 0.8648272017837235 0.1398148148148148 0.011705685618729096
17 0.8648148148148148 0.8653846153846154 0.17962962962962964 0.01950947603121516
17 0.1398148148148148 0.8653846153846154 0.10185185185185186 0.01950947603121516
18 0.75 0.9565217391304348 0.4740740740740741 0.06911928651059086
18 0.25 0.9568004459308806 0.47222222222222227 0.06856187290969899
9 0.5046296296296297 0.253901895206243 0.7111111111111111 0.342809364548495
20 0.500462962962963 0.018115942028985508 0.9990740740740741 0.03511705685618729
