17 0.2888888888888889 0.11677814938684504 0.4962962962962963 0.08082497212931995
17 0.300462962962963 0.2310479375696767 0.28055555555555556 0.023968784838350056
17 0.21712962962962964 0.322463768115942 0.11388888888888889 0.018394648829431436
17 0.3680555555555556 0.3926978818283166 0.41574074074074074 0.01950947603121516
17 0.23333333333333334 0.4623745819397993 0.1462962962962963 0.01950947603121516
17 0.3101851851851852 0.5328874024526198 0.2962962962962963 0.020066889632107024
17 0.08611111111111111 0.6159420289855072 0.09074074074074075 0.017837235228539576
17 0.1537037037037037 0.6875696767001115 0.22592592592592595 0.023968784838350056
17 0.1212962962962963 0.7555741360089187 0.16111111111111112 0.018394648829431436
17 0.10925925925925926 0.8280379041248607 0.13703703703703704 0.023968784838350056
17 0.1587962962962963 0.8979933110367893 0.23796296296296296 0.023411371237458192
8 0.06157407407407408 0.22937569676700112 0.03796296296296296 0.028428093645484948
8 0.06157407407407408 0.32274247491638797 0.04722222222222222 0.027870680044593088
8 0.06064814814814815 0.39325529542920845 0.04722222222222222 0.028428093645484948
8 0.06157407407407408 0.46348940914158304 0.04537037037037037 0.027313266443701224
9 0.06157407407407408 0.5334448160535117 0.04537037037037037 0.026755852842809364
6 0.3652777777777778 0.5181159420289855 0.7287037037037037 0.9637681159420289
20 0.500462962962963 0.018115942028985508 0.9990740740740741 0.03511705685618729
