8 0.3648148148148148 0.13099219620958752 0.24444444444444446 0.1471571906354515
17 0.36388888888888893 0.24052396878483834 0.26851851851851855 0.03511705685618729
17 0.36435185185185187 0.28846153846153844 0.4027777777777778 0.027313266443701224
17 0.2902777777777778 0.3720735785953177 0.24722222222222223 0.02508361204013378
17 0.26851851851851855 0.44342251950947603 0.20185185185185187 0.02508361204013378
17 0.3148148148148148 0.5189520624303233 0.30185185185185187 0.031215161649944256
17 0.20231481481481484 0.5872352285395763 0.06944444444444445 0.02508361204013378
17 0.28194444444444444 0.6624860646599777 0.23055555555555557 0.03177257525083612
17 0.2300925925925926 0.7355072463768115 0.125 0.029542920847268672
8 0.0962962962962963 0.7332775919732442 0.05 0.037346711259754736
8 0.09583333333333334 0.6619286510590858 0.0638888888888889 0.037346711259754736
9 0.09583333333333334 0.5897435897435898 0.062037037037037036 0.03567447045707915
8 0.09583333333333334 0.5183946488294314 0.0638888888888889 0.03567447045707915
8 0.09675925925925927 0.4459308807134894 0.05648148148148149 0.032329988851727984
8 0.0962962962962963 0.3743032329988852 0.05740740740740741 0.027313266443701224
17 0.36064814814814816 0.9696209587513935 0.11944444444444445 0.01950947603121516
6 0.3652777777777778 0.5178372352285395 0.7287037037037037 0.9643255295429208
20 0.500462962962963 0.018115942028985508 0.9990740740740741 0.03511705685618729
