9 0.9416666666666667 0.07859531772575251 0.07407407407407407 0.044593088071348944
17 0.3087962962962963 0.15468227424749165 0.17314814814814816 0.018394648829431436
17 0.3861111111111111 0.18422519509476032 0.32407407407407407 0.020624303232998884
8 0.1125 0.16722408026755853 0.13611111111111113 0.08138238573021181
17 0.19768518518518519 0.2717391304347826 0.09166666666666667 0.021739130434782608
17 0.21805555555555556 0.3483835005574136 0.13240740740740742 0.02564102564102564
17 0.2476851851851852 0.4236343366778149 0.18981481481481483 0.026755852842809364
17 0.2476851851851852 0.4986064659977703 0.18796296296296297 0.026198439241917504
17 0.24444444444444446 0.572742474916388 0.18333333333333335 0.026198439241917504
17 0.22777777777777777 0.6485507246376812 0.15185185185185185 0.02508361204013378
8 0.08518518518518518 0.644927536231884 0.06851851851851852 0.04124860646599777
8 0.08611111111111111 0.5705128205128205 0.06851851851851852 0.038461538461538464
8 0.08564814814814815 0.49526198439241914 0.07314814814814816 0.04403567447045708
9 0.08611111111111111 0.42084726867335565 0.06851851851851852 0.04124860646599777
8 0.08564814814814815 0.3458751393534002 0.06018518518518519 0.0451505016722408
9 0.08611111111111111 0.27118171683389075 0.06851851851851852 0.04180602006688963
6 0.3527777777777778 0.5178372352285395 0.7037037037037037 0.9643255295429208
20 0.500462962962963 0.018115942028985508 0.9990740740740741 0.03511705685618729
