17 0.1763888888888889 0.9339464882943144 0.19907407407407407 0.020624303232998884
9 0.500462962962963 0.3595317725752508 0.3564814814814815 0.21516164994425863
17 0.5 0.5518394648829431 0.6685185185185185 0.05351170568561873
17 0.500925925925926 0.6259754738015607 0.5277777777777778 0.06577480490523968
13 0.500925925925926 0.7193422519509476 0.17962962962962964 0.015050167224080268
18 0.7314814814814815 0.7912486064659977 0.44074074074074077 0.07079152731326645
18 0.26851851851851855 0.7912486064659977 0.44074074074074077 0.07079152731326645
17 0.500925925925926 0.8698439241917503 0.46481481481481485 0.017279821627647716
8 0.9092592592592593 0.9345039018952063 0.03518518518518519 0.038461538461538464
7 0.4393518518518519 0.9403567447045708 0.7620370370370371 0.033444816053511704
20 0.500462962962963 0.018115942028985508 0.9990740740740741 0.03511705685618729
