20 0.500925925925926 0.018394648829431436 0.9981481481481482 0.03455964325529543
9 0.2916666666666667 0.26755852842809363 0.19074074074074074 0.11594202898550725
17 0.6129629629629629 0.2670011148272018 0.3888888888888889 0.05462653288740245
17 0.19907407407407407 0.3835005574136009 0.25 0.022296544035674472
17 0.18796296296296297 0.49052396878483834 0.22777777777777777 0.022296544035674472
17 0.5481481481481482 0.5863991081382386 0.8037037037037037 0.09364548494983277
5 0.5092592592592593 0.5858416945373467 0.8851851851851852 0.0947603121516165
18 0.500925925925926 0.6828316610925307 0.3907407407407408 0.07246376811594203
17 0.22037037037037038 0.7787068004459309 0.34444444444444444 0.023411371237458192
17 0.788888888888889 0.778149386845039 0.32592592592592595 0.022296544035674472
7 0.500925925925926 0.3835005574136009 0.9018518518518519 0.06243032329988851
7 0.500925925925926 0.4894091415830546 0.9018518518518519 0.06243032329988851
0 0.500925925925926 0.5178372352285395 0.9981481481481482 0.9643255295429208
