17 0.5013888888888889 0.6797658862876254 0.49722222222222223 0.030657748049052396
17 0.5013888888888889 0.7388517279821627 0.5842592592592593 0.05406911928651059
13 0.4930555555555556 0.7998885172798216 0.13425925925925927 0.013377926421404682
18 0.9023148148148149 0.08110367892976589 0.11018518518518519 0.03177257525083612
9 0.14814814814814814 0.0838907469342252 0.21851851851851853 0.05072463768115942
9 0.5287037037037037 0.3366778149386845 0.5611111111111111 0.3879598662207358
17 0.5018518518518519 0.9690635451505016 0.7703703703703704 0.015050167224080268
8 0.19212962962962965 0.8848940914158305 0.30648148148148147 0.09977703455964325
8 0.500925925925926 0.8848940914158305 0.3055555555555556 0.09977703455964325
8 0.8083333333333333 0.8848940914158305 0.3055555555555556 0.09977703455964325
20 0.500462962962963 0.018115942028985508 0.9990740740740741 0.03511705685618729
