9 0.06898148148148149 0.5287068004459309 0.06018518518518519 0.036231884057971016
8 0.06944444444444445 0.45875139353400224 0.044444444444444446 0.027870680044593088
8 0.06898148148148149 0.36315496098104794 0.06018518518518519 0.036231884057971016
9 0.06851851851851852 0.29292084726867335 0.04814814814814815 0.028428093645484948
8 0.06944444444444445 0.2238015607580825 0.0462962962962963 0.028428093645484948
8 0.06944444444444445 0.1535674470457079 0.0462962962962963 0.026198439241917504
8 0.06944444444444445 0.08277591973244147 0.0462962962962963 0.028428093645484948
17 0.3092592592592593 0.5317725752508361 0.26851851851851855 0.024526198439241916
17 0.24583333333333335 0.46181716833890746 0.14166666666666666 0.023968784838350056
17 0.2726851851851852 0.36622073578595316 0.1953703703703704 0.024526198439241916
17 0.26481481481481484 0.294314381270903 0.17962962962962964 0.020066889632107024
17 0.3 0.2238015607580825 0.25 0.01950947603121516
17 0.2550925925925926 0.1535674470457079 0.16203703703703703 0.020624303232998884
17 0.22824074074074074 0.0838907469342252 0.10648148148148148 0.018394648829431436
6 0.34120370370370373 0.5178372352285395 0.6805555555555556 0.9643255295429208
20 0.500462962962963 0.018115942028985508 0.9990740740740741 0.03511705685618729
