17 0.1953703703703704 0.07971014492753623 0.11851851851851852 0.03455964325529543
9 0.7398148148148148 0.93561872909699 0.4425925925925926 0.12876254180602006
9 0.25972222222222224 0.93561872909699 0.44351851851851853 0.12876254180602006
17 0.500462962962963 0.818561872909699 0.28425925925925927 0.028428093645484948
17 0.6736111111111112 0.6622073578595318 0.30648148148148147 0.023411371237458192
17 0.6125 0.6284838350055741 0.1824074074074074 0.01282051282051282
9 0.26990740740740743 0.6457636566332219 0.4620370370370371 0.22240802675585283
17 0.7162037037037037 0.41722408026755853 0.39537037037037037 0.052954292084726864
17 0.611574074074074 0.36872909698996653 0.1824074074074074 0.01282051282051282
9 0.27037037037037037 0.4007803790412486 0.46111111111111114 0.221850613154961
17 0.500462962962963 0.23439241917502787 0.2916666666666667 0.023968784838350056
17 0.875462962962963 0.15412486064659978 0.08240740740740742 0.017279821627647716
17 0.6550925925925927 0.15607580824972128 0.20462962962962963 0.020066889632107024
17 0.41620370370370374 0.15607580824972128 0.1564814814814815 0.021181716833890748
17 0.15416666666666667 0.15412486064659978 0.24351851851851852 0.017279821627647716
8 0.951388888888889 0.07051282051282051 0.0787037037037037 0.04738015607580825
8 0.825462962962963 0.07692307692307693 0.06018518518518519 0.03678929765886287
8 0.06898148148148149 0.07720178372352285 0.04722222222222222 0.020624303232998884
2 0.49722222222222223 0.6457636566332219 0.9240740740740742 0.22240802675585283
20 0.500462962962963 0.018115942028985508 0.9990740740740741 0.03511705685618729
