17 0.5018518518518519 0.10981047937569677 0.34074074074074073 0.030100334448160536
17 0.6342592592592593 0.23411371237458192 0.3907407407407408 0.046822742474916385
17 0.6203703703703703 0.3996655518394649 0.362962962962963 0.045707915273132664
17 0.637962962962963 0.5652173913043478 0.40185185185185185 0.046822742474916385
9 0.2962962962962963 0.23076923076923075 0.23703703703703705 0.10479375696767002
9 0.2888888888888889 0.3974358974358974 0.24814814814814815 0.10813823857302118
9 0.29074074074074074 0.560200668896321 0.17777777777777778 0.12151616499442586
13 0.4953703703703704 0.9526198439241917 0.17962962962962964 0.014492753623188406
17 0.8407407407407408 0.9537346711259754 0.08888888888888889 0.016722408026755852
18 0.5 0.745819397993311 0.7814814814814816 0.05351170568561873
18 0.5018518518518519 0.8160535117056856 0.7814814814814816 0.05351170568561873
20 0.500925925925926 0.0189520624303233 0.9981481481481482 0.03567447045707915
