17 0.3611111111111111 0.4620958751393534 0.4351851851851852 0.026755852842809364
17 0.31851851851851853 0.3717948717948718 0.35370370370370374 0.022296544035674472
17 0.3106481481481482 0.286231884057971 0.33981481481481485 0.027313266443701224
8 0.07685185185185185 0.45903010033444813 0.07592592592592592 0.0451505016722408
9 0.07685185185185185 0.370958751393534 0.07592592592592592 0.0451505016722408
8 0.07685185185185185 0.28288740245261984 0.07592592592592592 0.036231884057971016
17 0.475462962962963 0.20707915273132665 0.8712962962962963 0.051839464882943144
17 0.3236111111111111 0.07692307692307693 0.2953703703703704 0.024526198439241916
8 0.07083333333333333 0.07692307692307693 0.032407407407407406 0.031215161649944256
19 0.500925925925926 0.07636566332218506 0.9981481481481482 0.08138238573021181
20 0.500462962962963 0.018115942028985508 0.9990740740740741 0.03511705685618729
