9 0.0976851851851852 0.12513935340022297 0.11203703703703705 0.06856187290969899
8 0.06805555555555556 0.2806577480490524 0.05092592592592593 0.027313266443701224
8 0.06898148148148149 0.35144927536231885 0.05092592592592593 0.028428093645484948
8 0.06759259259259259 0.42168338907469344 0.053703703703703705 0.028428093645484948
8 0.06898148148148149 0.49247491638795987 0.04351851851851852 0.03177257525083612
8 0.06898148148148149 0.5621516164994426 0.05092592592592593 0.030657748049052396
8 0.06944444444444445 0.6323857302118172 0.037037037037037035 0.021739130434782608
8 0.06898148148148149 0.7859531772575251 0.06018518518518519 0.024526198439241916
8 0.06898148148148149 0.8564659977703456 0.06018518518518519 0.02508361204013378
8 0.06527777777777778 0.9264214046822742 0.05462962962962963 0.027870680044593088
9 0.0638888888888889 0.9913600891861761 0.053703703703703705 0.017279821627647716
17 0.33564814814814814 0.9938684503901895 0.325 0.012263099219620958
17 0.33101851851851855 0.9286510590858417 0.3101851851851852 0.022296544035674472
17 0.3180555555555556 0.8581382385730212 0.28425925925925927 0.022853957636566332
17 0.31157407407407406 0.7876254180602007 0.26944444444444443 0.022296544035674472
17 0.08009259259259259 0.7162764771460424 0.08240740740740742 0.017837235228539576
17 0.28240740740740744 0.6323857302118172 0.21666666666666667 0.018394648829431436
17 0.22546296296296298 0.56438127090301 0.10092592592592593 0.021739130434782608
17 0.2189814814814815 0.49247491638795987 0.08425925925925926 0.017279821627647716
17 0.22037037037037038 0.42391304347826086 0.08888888888888889 0.021739130434782608
17 0.2263888888888889 0.35172798216276474 0.09907407407407408 0.017837235228539576
17 0.2125 0.2817725752508361 0.07314814814814816 0.017279821627647716
17 0.1962962962962963 0.19927536231884058 0.312962962962963 0.022853957636566332
6 0.34120370370370373 0.5178372352285395 0.6805555555555556 0.9643255295429208
20 0.500462962962963 0.018115942028985508 0.9990740740740741 0.03511705685618729
