9 0.6587962962962963 0.14994425863991082 0.275 0.16499442586399107
17 0.6597222222222222 0.2653288740245262 0.24166666666666667 0.027870680044593088
17 0.4898148148148148 0.4227982162764771 0.10185185185185186 0.026198439241917504
17 0.8305555555555556 0.42251950947603123 0.2537037037037037 0.02564102564102564
17 0.5425925925925926 0.5214604236343366 0.19074074074074074 0.022853957636566332
17 0.576388888888889 0.5972686733556298 0.25833333333333336 0.027313266443701224
17 0.6083333333333334 0.6686176142697882 0.32222222222222224 0.02508361204013378
17 0.5263888888888889 0.7438684503901896 0.16203703703703703 0.027313266443701224
8 0.40370370370370373 0.7402452619843924 0.0462962962962963 0.027870680044593088
8 0.40324074074074073 0.6675027870680045 0.04537037037037037 0.026198439241917504
8 0.4027777777777778 0.5942028985507246 0.0462962962962963 0.027870680044593088
9 0.4041666666666667 0.5209030100334449 0.04166666666666667 0.026198439241917504
8 0.4898148148148148 0.38071348940914157 0.05555555555555556 0.033444816053511704
9 0.8305555555555556 0.38071348940914157 0.05555555555555556 0.030100334448160536
6 0.6597222222222222 0.5178372352285395 0.6805555555555556 0.9632107023411371
20 0.500462962962963 0.018115942028985508 0.9990740740740741 0.03511705685618729
