8 0.06712962962962964 0.07608695652173914 0.04351851851851852 0.02508361204013378
9 0.17546296296296296 0.07720178372352285 0.075 0.039576365663322184
8 0.8384259259259259 0.07302118171683389 0.0787037037037037 0.046822742474916385
8 0.9407407407407408 0.07720178372352285 0.06851851851851852 0.040691192865105905
17 0.32592592592592595 0.07720178372352285 0.2 0.02508361204013378
17 0.18611111111111112 0.15579710144927536 0.3037037037037037 0.02508361204013378
17 0.1388888888888889 0.23773690078037904 0.20185185185185187 0.01950947603121516
17 0.24675925925925926 0.3085284280936455 0.14166666666666666 0.017279821627647716
17 0.23240740740740742 0.37848383500557414 0.11481481481481481 0.017837235228539576
17 0.25833333333333336 0.44816053511705684 0.16481481481481483 0.0189520624303233
17 0.14814814814814814 0.532329988851728 0.21666666666666667 0.017837235228539576
17 0.27314814814814814 0.6022853957636566 0.1962962962962963 0.018394648829431436
17 0.25462962962962965 0.6741917502787068 0.1574074074074074 0.022853957636566332
17 0.2189814814814815 0.7427536231884058 0.08611111111111111 0.018394648829431436
17 0.22314814814814815 0.8132664437012262 0.09814814814814815 0.0189520624303233
17 0.13194444444444445 0.8963210702341137 0.18796296296296297 0.017837235228539576
17 0.27314814814814814 0.9668338907469342 0.1962962962962963 0.018394648829431436
8 0.06851851851851852 0.9659977703455964 0.05185185185185186 0.030100334448160536
8 0.07037037037037037 0.8124303232998885 0.05 0.028428093645484948
8 0.06898148148148149 0.742196209587514 0.04722222222222222 0.028428093645484948
8 0.06898148148148149 0.6719620958751393 0.04722222222222222 0.03177257525083612
8 0.06944444444444445 0.6017279821627648 0.05185185185185186 0.03177257525083612
8 0.06898148148148149 0.44816053511705684 0.05462962962962963 0.030100334448160536
8 0.06851851851851852 0.3773690078037904 0.0462962962962963 0.031215161649944256
8 0.06944444444444445 0.30741360089186176 0.061111111111111116 0.037346711259754736
19 0.5 0.07664437012263099 0.9981481481481482 0.08193979933110368
6 0.38981481481481484 0.5588071348940914 0.7777777777777778 0.8823857302118171
20 0.500462962962963 0.018115942028985508 0.9990740740740741 0.03511705685618729
