8 0.8444444444444444 0.07664437012263099 0.05555555555555556 0.036231884057971016
8 0.9462962962962963 0.07608695652173914 0.012962962962962964 0.026198439241917504
17 0.4671296296296297 0.07887402452619843 0.5805555555555556 0.030657748049052396
8 0.06898148148148149 0.07664437012263099 0.04166666666666667 0.02508361204013378
11 0.500462962962963 0.5181159420289855 0.8731481481481482 0.7207357859531772
17 0.2657407407407408 0.2068004459308807 0.2833333333333333 0.028985507246376812
5 0.23611111111111113 0.27034559643255296 0.21851851851851853 0.031215161649944256
17 0.2935185185185185 0.27285395763656634 0.10370370370370371 0.026198439241917504
5 0.24675925925925926 0.3403010033444816 0.23981481481481481 0.03177257525083612
17 0.3041666666666667 0.342809364548495 0.125 0.026755852842809364
5 0.26296296296296295 0.4099777034559643 0.27222222222222225 0.029542920847268672
17 0.32083333333333336 0.41025641025641024 0.1564814814814815 0.022296544035674472
5 0.275 0.479933110367893 0.2962962962962963 0.030100334448160536
17 0.3314814814814815 0.4807692307692308 0.18333333333333335 0.022853957636566332
5 0.274537037037037 0.5504459308807135 0.2953703703703704 0.029542920847268672
17 0.33194444444444443 0.5510033444816054 0.18055555555555555 0.020624303232998884
5 0.24212962962962964 0.6215161649944259 0.23055555555555557 0.031215161649944256
17 0.29953703703703705 0.6240245261984392 0.11574074074074074 0.026198439241917504
5 0.25277777777777777 0.6914715719063546 0.2518518518518519 0.03177257525083612
17 0.3087962962962963 0.6942586399108138 0.1398148148148148 0.026198439241917504
5 0.25277777777777777 0.7617056856187291 0.2518518518518519 0.03177257525083612
17 0.3101851851851852 0.7644927536231884 0.13703703703703704 0.026198439241917504
5 0.22546296296296298 0.8313823857302118 0.19722222222222224 0.029542920847268672
17 0.28240740740740744 0.8341694537346711 0.08333333333333334 0.016164994425863992
17 0.09305555555555556 0.9267001114827201 0.13425925925925927 0.020624303232998884
17 0.15601851851851853 0.9763099219620959 0.2675925925925926 0.01950947603121516
20 0.500462962962963 0.018115942028985508 0.9990740740740741 0.03511705685618729
