8 0.9277777777777778 0.5075250836120401 0.05 0.027313266443701224
17 0.20972222222222223 0.9052396878483835 0.33981481481481485 0.022296544035674472
17 0.6490740740740741 0.9052396878483835 0.22777777777777777 0.023411371237458192
17 0.6685185185185185 0.4523411371237458 0.26666666666666666 0.0451505016722408
17 0.2125 0.45429208472686733 0.34351851851851856 0.023411371237458192
8 0.4328703703703704 0.5075250836120401 0.05092592592592593 0.027313266443701224
9 0.7472222222222222 0.7196209587513935 0.4740740740740741 0.2931995540691193
9 0.25462962962962965 0.7196209587513935 0.4740740740740741 0.2931995540691193
17 0.5842592592592593 0.5331661092530657 0.0962962962962963 0.013935340022296544
17 0.9263888888888889 0.5365105908584169 0.049074074074074076 0.013935340022296544
17 0.6277777777777778 0.5030657748049052 0.1814814814814815 0.015050167224080268
17 0.09027777777777778 0.5328874024526198 0.09537037037037037 0.014492753623188406
17 0.43333333333333335 0.5367892976588629 0.06481481481481481 0.014492753623188406
17 0.1328703703703704 0.5036231884057971 0.1824074074074074 0.015050167224080268
9 0.7476851851851852 0.2692307692307692 0.47500000000000003 0.2931995540691193
9 0.25277777777777777 0.26950947603121517 0.4759259259259259 0.2926421404682274
17 0.2916666666666667 0.0802675585284281 0.23148148148148148 0.028985507246376812
8 0.9407407407407408 0.07664437012263099 0.03518518518518519 0.020624303232998884
8 0.06851851851851852 0.07692307692307693 0.04259259259259259 0.023411371237458192
19 0.500462962962963 0.07664437012263099 0.9990740740740741 0.08193979933110368
20 0.500462962962963 0.018115942028985508 0.9990740740740741 0.03511705685618729
