17 0.32685185185185184 0.08528428093645485 0.34814814814814815 0.026755852842809364
13 0.4981481481481482 0.4938684503901895 0.13148148148148148 0.014492753623188406
17 0.500925925925926 0.4450947603121516 0.3425925925925926 0.022853957636566332
8 0.8847222222222223 0.8536789297658862 0.14351851851851852 0.08305462653288741
9 0.500462962962963 0.8062987736900781 0.9990740740740741 0.24247491638795987
18 0.7425925925925926 0.6385172798216276 0.4759259259259259 0.07079152731326645
18 0.25787037037037036 0.6385172798216276 0.47685185185185186 0.07079152731326645
18 0.7425925925925926 0.5624303232998885 0.4759259259259259 0.0713489409141583
18 0.25833333333333336 0.5627090301003345 0.4759259259259259 0.07079152731326645
9 0.500462962962963 0.3258082497212932 0.9990740740740741 0.38071348940914157
8 0.08888888888888889 0.08305462653288741 0.05 0.020066889632107024
7 0.500925925925926 0.08305462653288741 0.9611111111111111 0.0713489409141583
20 0.500462962962963 0.018115942028985508 0.9990740740740741 0.03511705685618729
