17 0.27592592592592596 0.9055183946488294 0.46851851851851856 0.022853957636566332
8 0.8777777777777778 0.5075250836120401 0.05 0.027313266443701224
17 0.3425925925925926 0.4551282051282051 0.6 0.022853957636566332
9 0.500462962962963 0.7198996655518395 0.9694444444444444 0.2926421404682274
17 0.08657407407407408 0.5334448160535117 0.08611111111111111 0.014492753623188406
17 0.09907407407407408 0.5039018952062431 0.11666666666666667 0.014492753623188406
9 0.5 0.26950947603121517 0.9703703703703704 0.2926421404682274
17 0.31157407407407406 0.07692307692307693 0.2675925925925926 0.024526198439241916
8 0.9412037037037038 0.07636566332218506 0.03425925925925926 0.020066889632107024
8 0.06898148148148149 0.07664437012263099 0.04166666666666667 0.023968784838350056
2 0.500462962962963 0.3430880713489409 0.9712962962962963 0.4397993311036789
19 0.500462962962963 0.07692307692307693 0.9990740740740741 0.08249721293199554
20 0.500462962962963 0.018115942028985508 0.9990740740740741 0.03511705685618729
