17 0.5203703703703704 0.07692307692307693 0.2962962962962963 0.05128205128205128
8 0.06944444444444445 0.07692307692307693 0.05 0.022296544035674472
8 0.9453703703703704 0.07803790412486064 0.012962962962962964 0.024526198439241916
11 0.500925925925926 0.5178372352285395 0.9240740740740742 0.5986622073578595
17 0.27685185185185185 0.26421404682274247 0.3092592592592593 0.028985507246376812
5 0.287962962962963 0.34894091415830547 0.37222222222222223 0.031215161649944256
17 0.3453703703703704 0.34894091415830547 0.2574074074074074 0.022296544035674472
5 0.23611111111111113 0.41917502787068006 0.26851851851851855 0.031215161649944256
17 0.2935185185185185 0.4214046822742475 0.1537037037037037 0.026755852842809364
5 0.23240740740740742 0.48885172798216275 0.2611111111111111 0.030100334448160536
17 0.2898148148148148 0.4894091415830546 0.1462962962962963 0.022296544035674472
5 0.2240740740740741 0.5596432552954292 0.24444444444444446 0.031215161649944256
17 0.2814814814814815 0.5590858416945373 0.12962962962962962 0.021181716833890748
5 0.3138888888888889 0.6293199554069119 0.4240740740740741 0.032329988851727984
17 0.3712962962962963 0.6315496098104794 0.3092592592592593 0.027870680044593088
5 0.2240740740740741 0.6995540691192865 0.24444444444444446 0.030100334448160536
17 0.2814814814814815 0.6989966555183946 0.12962962962962962 0.022296544035674472
5 0.27592592592592596 0.7692307692307692 0.34814814814814815 0.031215161649944256
17 0.33240740740740743 0.7692307692307692 0.2351851851851852 0.022296544035674472
18 0.2611111111111111 0.9537346711259754 0.4444444444444445 0.05462653288740245
18 0.7601851851851852 0.9537346711259754 0.4425925925925926 0.05462653288740245
20 0.500925925925926 0.0189520624303233 0.9981481481481482 0.03567447045707915
