8 0.9006944444444445 0.9613281250000001 0.051388888888888894 0.02890625
8 0.6986111111111112 0.9613281250000001 0.05 0.02890625
8 0.5006944444444444 0.9613281250000001 0.051388888888888894 0.025781250000000002
8 0.29930555555555555 0.9613281250000001 0.043055555555555555 0.02421875
8 0.10069444444444445 0.9617187500000001 0.04583333333333334 0.0234375
17 0.17916666666666667 0.9031250000000001 0.275 0.0203125
17 0.17291666666666666 0.826171875 0.2625 0.02109375
17 0.17152777777777778 0.751953125 0.25972222222222224 0.025781250000000002
17 0.18888888888888888 0.6734375 0.29444444444444445 0.0203125
17 0.16458333333333333 0.598828125 0.24583333333333335 0.025781250000000002
17 0.18333333333333335 0.520703125 0.28611111111111115 0.01953125
9 0.5006944444444444 0.29609375 0.9986111111111111 0.371875
17 0.2833333333333333 0.072265625 0.2138888888888889 0.02421875
8 0.06875 0.071484375 0.04027777777777778 0.022656250000000003
20 0.5006944444444444 0.0140625 0.9986111111111111 0.026562500000000003
