17 0.5 0.616796875 0.39166666666666666 0.03671875
8 0.9 0.9617187500000001 0.05 0.028125
8 0.6986111111111112 0.9613281250000001 0.05 0.02890625
8 0.5006944444444444 0.9613281250000001 0.051388888888888894 0.025781250000000002
8 0.29930555555555555 0.9609375 0.043055555555555555 0.025
8 0.10069444444444445 0.9613281250000001 0.04861111111111111 0.02421875
18 0.7215277777777778 0.7464843750000001 0.4041666666666667 0.06640625
18 0.28055555555555556 0.7464843750000001 0.4027777777777778 0.06640625
17 0.5013888888888889 0.6667968750000001 0.5055555555555555 0.025781250000000002
9 0.5013888888888889 0.42734375 0.5055555555555555 0.30312500000000003
20 0.5006944444444444 0.0140625 0.9986111111111111 0.026562500000000003
