17 0.14375000000000002 0.501171875 0.15694444444444444 0.014843750000000001
17 0.18194444444444446 0.43515625 0.23333333333333334 0.015625
17 0.6215277777777778 0.37031250000000004 0.1736111111111111 0.015625
17 0.1527777777777778 0.369921875 0.17500000000000002 0.014843750000000001
7 0.5 0.501171875 0.9222222222222223 0.055468750000000004
7 0.5013888888888889 0.435546875 0.9222222222222223 0.055468750000000004
7 0.2652777777777778 0.369921875 0.4527777777777778 0.055468750000000004
7 0.7347222222222223 0.369921875 0.4527777777777778 0.055468750000000004
17 0.49930555555555556 0.13007812500000002 0.2125 0.06484375
17 0.4986111111111111 0.190234375 0.28611111111111115 0.01953125
17 0.5 0.307421875 0.1388888888888889 0.01953125
17 0.5013888888888889 0.6234375000000001 0.33055555555555555 0.0203125
17 0.4979166666666667 0.958203125 0.826388888888889 0.03671875
18 0.5 0.7410156250000001 0.9222222222222223 0.055468750000000004
18 0.7208333333333333 0.67578125 0.4416666666666667 0.0546875
18 0.2604166666666667 0.675390625 0.4430555555555556 0.055468750000000004
18 0.5 0.566796875 0.9222222222222223 0.055468750000000004
20 0.5006944444444444 0.0171875 0.9986111111111111 0.0328125
