8 0.9 0.9617187500000001 0.05 0.028125
8 0.6979166666666667 0.962109375 0.051388888888888894 0.02890625
8 0.5006944444444444 0.9613281250000001 0.051388888888888894 0.025781250000000002
8 0.29930555555555555 0.9609375 0.043055555555555555 0.025
8 0.10208333333333333 0.9617187500000001 0.04583333333333334 0.0234375
17 0.23750000000000002 0.7523437500000001 0.3944444444444445 0.025
17 0.17847222222222223 0.6734375 0.27361111111111114 0.0203125
17 0.18819444444444444 0.598828125 0.29305555555555557 0.025781250000000002
17 0.14652777777777778 0.5203125000000001 0.2152777777777778 0.0203125
9 0.5006944444444444 0.29609375 0.9986111111111111 0.371875
17 0.2743055555555556 0.072265625 0.19583333333333333 0.02421875
8 0.07013888888888889 0.07187500000000001 0.04027777777777778 0.021875000000000002
20 0.5006944444444444 0.0140625 0.9986111111111111 0.026562500000000003
