17 0.2215277777777778 0.07265625 0.1513888888888889 0.0203125
17 0.7548611111111111 0.07265625 0.12916666666666668 0.015625
17 0.23611111111111113 0.14375000000000002 0.2638888888888889 0.015625
17 0.5027777777777778 0.144140625 0.10833333333333334 0.014843750000000001
17 0.6826388888888889 0.144140625 0.09305555555555556 0.014843750000000001
17 0.8569444444444445 0.144140625 0.09166666666666667 0.014843750000000001
17 0.5013888888888889 0.238671875 0.13055555555555556 0.022656250000000003
17 0.5013888888888889 0.27734375 0.3805555555555556 0.03125
17 0.10138888888888889 0.98046875 0.07777777777777778 0.0125
17 0.3013888888888889 0.980078125 0.12222222222222223 0.013281250000000001
17 0.5 0.980078125 0.09166666666666667 0.013281250000000001
17 0.7006944444444445 0.98046875 0.10972222222222222 0.0125
17 0.9006944444444445 0.98046875 0.059722222222222225 0.0125
8 0.10069444444444445 0.950390625 0.05694444444444444 0.02890625
8 0.3013888888888889 0.951171875 0.058333333333333334 0.02890625
8 0.5013888888888889 0.951171875 0.05555555555555556 0.030468750000000003
8 0.6993055555555556 0.950390625 0.04861111111111111 0.030468750000000003
8 0.9006944444444445 0.95078125 0.05694444444444444 0.026562500000000003
8 0.55 0.071484375 0.03888888888888889 0.02890625
8 0.9027777777777778 0.07187500000000001 0.025 0.0078125
18 0.2513888888888889 0.85859375 0.4666666666666667 0.0734375
18 0.7506944444444444 0.8582031250000001 0.4652777777777778 0.07265625
18 0.7506944444444444 0.397265625 0.4652777777777778 0.07265625
18 0.7506944444444444 0.48945312500000004 0.4652777777777778 0.07265625
18 0.7506944444444444 0.58203125 0.4652777777777778 0.07187500000000001
18 0.7506944444444444 0.6742187500000001 0.4652777777777778 0.0734375
18 0.7506944444444444 0.7660156250000001 0.4652777777777778 0.07265625
18 0.25069444444444444 0.765625 0.4652777777777778 0.0734375
18 0.25069444444444444 0.6734375 0.4652777777777778 0.0734375
18 0.25069444444444444 0.5808593750000001 0.4652777777777778 0.07265625
18 0.25069444444444444 0.48945312500000004 0.4652777777777778 0.07265625
18 0.2513888888888889 0.397265625 0.4638888888888889 0.07265625
8 0.09236111111111112 0.07265625 0.051388888888888894 0.028125
9 0.5006944444444444 0.264453125 0.9986111111111111 0.17421875
7 0.5 0.07187500000000001 0.9222222222222223 0.0546875
20 0.5006944444444444 0.0171875 0.9986111111111111 0.0328125
