17 0.21805555555555556 0.40937500000000004 0.275 0.0171875
17 0.17916666666666667 0.52578125 0.19444444444444445 0.0171875
17 0.18611111111111112 0.29453125 0.2111111111111111 0.0171875
17 0.18819444444444444 0.177734375 0.2125 0.017968750000000002
7 0.5013888888888889 0.5375 0.8472222222222222 0.040625
7 0.5006944444444444 0.421875 0.8458333333333333 0.0421875
7 0.5013888888888889 0.30625 0.8472222222222222 0.040625
7 0.5013888888888889 0.18984375 0.8472222222222222 0.0421875
17 0.38472222222222224 0.073046875 0.4138888888888889 0.02109375
17 0.5020833333333333 0.7230468750000001 0.5458333333333334 0.017968750000000002
18 0.5006944444444444 0.650390625 0.9236111111111112 0.07734375
8 0.07013888888888889 0.072265625 0.04583333333333334 0.025781250000000002
20 0.5006944444444444 0.0171875 0.9986111111111111 0.0328125
