17 0.22847222222222224 0.2984375 0.3819444444444445 0.026562500000000003
17 0.29375 0.19921875 0.5125000000000001 0.026562500000000003
7 0.5006944444444444 0.30078125 0.9319444444444445 0.045312500000000006
7 0.5006944444444444 0.20468750000000002 0.9319444444444445 0.037500000000000006
17 0.8902777777777778 0.072265625 0.10833333333333334 0.017968750000000002
17 0.18472222222222223 0.073046875 0.11666666666666667 0.02734375
17 0.5 0.40625 0.325 0.0234375
8 0.8916666666666667 0.288671875 0.05555555555555556 0.02109375
8 0.06041666666666667 0.071484375 0.04027777777777778 0.022656250000000003
20 0.5006944444444444 0.0171875 0.9986111111111111 0.0328125
