17 0.5020833333333333 0.9496093750000001 0.576388888888889 0.04453125
17 0.49375 0.8562500000000001 0.6791666666666667 0.0234375
18 0.5013888888888889 0.767578125 0.9222222222222223 0.06640625
18 0.5013888888888889 0.6878906250000001 0.9222222222222223 0.06640625
17 0.5027777777777778 0.6109375 0.5666666666666667 0.034375
17 0.5013888888888889 0.3296875 0.5472222222222223 0.018750000000000003
9 0.5236111111111111 0.256640625 0.5555555555555556 0.09296875
17 0.7743055555555556 0.07578125000000001 0.3680555555555556 0.0171875
9 0.5006944444444444 0.27578125000000003 0.9986111111111111 0.5484375
20 0.5006944444444444 0.0171875 0.9986111111111111 0.0328125
