17 0.20555555555555557 0.072265625 0.36388888888888893 0.025781250000000002
17 0.5006944444444444 0.24960937500000002 0.05416666666666667 0.02109375
17 0.5006944444444444 0.52578125 0.24027777777777778 0.021875000000000002
17 0.5006944444444444 0.801953125 0.32916666666666666 0.02109375
17 0.08402777777777778 0.9832031250000001 0.06805555555555556 0.013281250000000001
17 0.2520833333333333 0.9851562500000001 0.09583333333333334 0.015625
17 0.41875 0.9832031250000001 0.08750000000000001 0.013281250000000001
17 0.5861111111111111 0.98359375 0.06944444444444445 0.0125
17 0.7513888888888889 0.9851562500000001 0.11388888888888889 0.015625
17 0.9173611111111112 0.98359375 0.0375 0.0125
8 0.8930555555555556 0.8582031250000001 0.1388888888888889 0.07734375
8 0.9173611111111112 0.944921875 0.05694444444444444 0.03359375
8 0.7506944444444444 0.944921875 0.05416666666666667 0.03359375
8 0.5833333333333334 0.9453125 0.06944444444444445 0.03125
9 0.4173611111111111 0.9453125 0.06805555555555556 0.0421875
8 0.25 0.944921875 0.058333333333333334 0.030468750000000003
8 0.08541666666666667 0.944921875 0.0625 0.030468750000000003
8 0.9409722222222222 0.071484375 0.059722222222222225 0.03359375
9 0.5006944444444444 0.24921875000000002 0.9986111111111111 0.2734375
9 0.5006944444444444 0.525 0.9986111111111111 0.2734375
9 0.5006944444444444 0.7914062500000001 0.9986111111111111 0.253125
20 0.5006944444444444 0.0171875 0.9986111111111111 0.0328125
