17 0.10208333333333333 0.9078125 0.0625 0.0234375
17 0.10208333333333333 0.866796875 0.07083333333333333 0.01640625
17 0.10208333333333333 0.39687500000000003 0.0625 0.0234375
17 0.10208333333333333 0.35585937500000003 0.0625 0.01640625
9 0.5006944444444444 0.68359375 0.9236111111111112 0.259375
17 0.5368055555555555 0.8933593750000001 0.7458333333333333 0.06796875000000001
8 0.8701388888888889 0.8132812500000001 0.11527777777777778 0.065625
8 0.7388888888888889 0.8140625 0.11666666666666667 0.065625
17 0.5041666666666667 0.465625 0.6777777777777778 0.05625
17 0.5298611111111111 0.38007812500000004 0.7291666666666667 0.06484375
8 0.86875 0.30234375 0.11805555555555557 0.065625
8 0.7368055555555556 0.30312500000000003 0.11805555555555557 0.065625
9 0.5013888888888889 0.17265625 0.9222222222222223 0.259375
20 0.5 0.0171875 0.9972222222222222 0.0328125
8 0.10138888888888889 0.9671875000000001 0.05 0.028125
8 0.3 0.966796875 0.05 0.02734375
8 0.5013888888888889 0.966015625 0.05 0.02421875
8 0.7000000000000001 0.966796875 0.04166666666666667 0.02890625
8 0.9006944444444445 0.966796875 0.0125 0.022656250000000003
