8 0.11319444444444444 0.8921875 0.05416666666666667 0.028125
17 0.8270833333333334 0.983984375 0.22083333333333335 0.014843750000000001
8 0.4638888888888889 0.983984375 0.24166666666666667 0.022656250000000003
17 0.6361111111111112 0.9125000000000001 0.5944444444444444 0.0859375
9 0.1798611111111111 0.925390625 0.2763888888888889 0.14921875
17 0.8458333333333333 0.704296875 0.18333333333333335 0.014843750000000001
17 0.8381944444444445 0.7898437500000001 0.19861111111111113 0.021875000000000002
18 0.4479166666666667 0.78125 0.21805555555555556 0.045312500000000006
8 0.4625 0.703125 0.24166666666666667 0.0234375
17 0.6166666666666667 0.6511718750000001 0.55 0.055468750000000004
9 0.17916666666666667 0.71015625 0.2777777777777778 0.209375
8 0.11180555555555556 0.6449218750000001 0.05416666666666667 0.02890625
17 0.8125 0.4578125 0.24722222222222223 0.0140625
17 0.8465277777777778 0.5437500000000001 0.1763888888888889 0.021875000000000002
18 0.4479166666666667 0.5359375000000001 0.21805555555555556 0.045312500000000006
8 0.46111111111111114 0.45742187500000003 0.24166666666666667 0.022656250000000003
17 0.625 0.404296875 0.5722222222222223 0.055468750000000004
9 0.17916666666666667 0.46406250000000004 0.2777777777777778 0.209375
8 0.11319444444444444 0.4 0.05416666666666667 0.028125
17 0.8430555555555556 0.236328125 0.18888888888888888 0.014843750000000001
17 0.8347222222222223 0.298046875 0.20277777777777778 0.02109375
18 0.44930555555555557 0.2890625 0.21805555555555556 0.045312500000000006
8 0.4618055555555556 0.23554687500000002 0.24027777777777778 0.022656250000000003
17 0.6236111111111111 0.166015625 0.5638888888888889 0.08984375
9 0.17916666666666667 0.21250000000000002 0.2777777777777778 0.22031250000000002
8 0.11319444444444444 0.14296875 0.05416666666666667 0.028125
8 0.06180555555555556 0.07109375 0.051388888888888894 0.025
8 0.9409722222222222 0.071484375 0.05416666666666667 0.025781250000000002
20 0.5006944444444444 0.0171875 0.9986111111111111 0.0328125
