8 0.4305555555555556 0.513671875 0.03888888888888889 0.01953125
8 0.8854166666666667 0.5140625 0.0375 0.018750000000000003
8 0.8854166666666667 0.1625 0.0375 0.018750000000000003
8 0.4305555555555556 0.162109375 0.036111111111111115 0.01953125
17 0.24583333333333335 0.087109375 0.125 0.01640625
17 0.16458333333333333 0.31562500000000004 0.20972222222222223 0.0140625
17 0.24027777777777778 0.35859375000000004 0.35833333333333334 0.045312500000000006
17 0.18819444444444444 0.40351562500000004 0.25416666666666665 0.02421875
17 0.6138888888888889 0.31679687500000003 0.19444444444444445 0.01171875
17 0.7125 0.35859375000000004 0.3944444444444445 0.045312500000000006
17 0.6451388888888889 0.404296875 0.25416666666666665 0.022656250000000003
17 0.5381944444444444 0.432421875 0.04583333333333334 0.014843750000000001
17 0.7104166666666667 0.433203125 0.018055555555555557 0.013281250000000001
17 0.6256944444444444 0.6683593750000001 0.21805555555555556 0.01171875
17 0.6854166666666667 0.7132812500000001 0.3375 0.0484375
17 0.1590277777777778 0.6683593750000001 0.19583333333333333 0.01171875
17 0.25 0.7109375 0.37777777777777777 0.043750000000000004
17 0.1902777777777778 0.755859375 0.25833333333333336 0.022656250000000003
17 0.5486111111111112 0.784375 0.06666666666666667 0.0140625
17 0.7402777777777778 0.784765625 0.036111111111111115 0.013281250000000001
17 0.27222222222222225 0.7839843750000001 0.05277777777777778 0.014843750000000001
17 0.08333333333333334 0.784375 0.04722222222222222 0.0140625
17 0.10208333333333333 0.9808593750000001 0.11527777777777778 0.01171875
17 0.30069444444444443 0.9812500000000001 0.08750000000000001 0.010937500000000001
17 0.5 0.9812500000000001 0.07222222222222223 0.010937500000000001
17 0.6993055555555556 0.9812500000000001 0.08194444444444444 0.010937500000000001
17 0.8972222222222223 0.9812500000000001 0.10277777777777779 0.010937500000000001
8 0.8965277777777778 0.9535156250000001 0.059722222222222225 0.03359375
8 0.6972222222222223 0.952734375 0.05555555555555556 0.030468750000000003
9 0.49930555555555556 0.9535156250000001 0.051388888888888894 0.032031250000000004
8 0.30069444444444443 0.9539062500000001 0.059722222222222225 0.029687500000000002
8 0.10347222222222223 0.9535156250000001 0.051388888888888894 0.032031250000000004
18 0.5 0.8703125 0.8833333333333334 0.07187500000000001
17 0.6451388888888889 0.755859375 0.2569444444444445 0.022656250000000003
8 0.6506944444444445 0.784765625 0.12361111111111112 0.013281250000000001
8 0.17569444444444446 0.784765625 0.12361111111111112 0.013281250000000001
8 0.6298611111111111 0.433203125 0.12361111111111112 0.013281250000000001
9 0.7277777777777779 0.562890625 0.425 0.16015625
9 0.27361111111111114 0.562890625 0.425 0.16015625
9 0.27361111111111114 0.211328125 0.425 0.16015625
9 0.7277777777777779 0.211328125 0.425 0.16015625
8 0.12361111111111112 0.08867187500000001 0.02777777777777778 0.014843750000000001
20 0.5006944444444444 0.0171875 0.9986111111111111 0.0328125
