17 0.25416666666666665 0.22109375 0.11944444444444445 0.0171875
17 0.4986111111111111 0.14375000000000002 0.6333333333333333 0.0703125
18 0.5006944444444444 0.9144531250000001 0.8541666666666667 0.08984375
8 0.06597222222222222 0.0765625 0.034722222222222224 0.03125
8 0.14652777777777778 0.221484375 0.04583333333333334 0.025781250000000002
9 0.15833333333333333 0.334765625 0.0638888888888889 0.02890625
9 0.607638888888889 0.33359375 0.07916666666666666 0.0234375
8 0.6069444444444445 0.44960937500000003 0.06666666666666667 0.02890625
8 0.15625 0.448828125 0.0625 0.03515625
9 0.1590277777777778 0.564453125 0.0625 0.025781250000000002
9 0.6069444444444445 0.564453125 0.0638888888888889 0.03671875
9 0.15833333333333333 0.6804687500000001 0.0638888888888889 0.035937500000000004
9 0.6069444444444445 0.6804687500000001 0.04722222222222222 0.035937500000000004
8 0.6069444444444445 0.796875 0.0638888888888889 0.028125
8 0.15833333333333333 0.796484375 0.0638888888888889 0.030468750000000003
7 0.5013888888888889 0.220703125 0.8527777777777779 0.055468750000000004
18 0.2763888888888889 0.79296875 0.40555555555555556 0.08281250000000001
18 0.725 0.79296875 0.40555555555555556 0.08281250000000001
18 0.7256944444444444 0.680859375 0.4041666666666667 0.08984375
18 0.275 0.68125 0.4027777777777778 0.0890625
18 0.2763888888888889 0.5652343750000001 0.40555555555555556 0.08984375
18 0.7256944444444444 0.565625 0.4041666666666667 0.0890625
18 0.725 0.44960937500000003 0.40555555555555556 0.08984375
18 0.275 0.448828125 0.40555555555555556 0.08984375
18 0.27569444444444446 0.333984375 0.4041666666666667 0.08984375
18 0.7256944444444444 0.334765625 0.4041666666666667 0.08984375
20 0.5006944444444444 0.0171875 0.9986111111111111 0.0328125
