17 0.2701388888888889 0.07500000000000001 0.32916666666666666 0.021875000000000002
17 0.2548611111111111 0.17109375000000002 0.4291666666666667 0.03125
17 0.28958333333333336 0.22382812500000002 0.5013888888888889 0.01953125
17 0.14652777777777778 0.294140625 0.20972222222222223 0.01953125
17 0.25069444444444444 0.3640625 0.4152777777777778 0.0203125
17 0.22569444444444445 0.4546875 0.3736111111111111 0.028125
17 0.45763888888888893 0.508984375 0.8291666666666667 0.02421875
17 0.17291666666666666 0.5828125000000001 0.25972222222222224 0.025
17 0.30069444444444443 0.6578125 0.5236111111111111 0.0203125
17 0.19583333333333333 0.8054687500000001 0.3138888888888889 0.025
17 0.2388888888888889 0.8734375000000001 0.4 0.0203125
17 0.9006944444444445 0.9792968750000001 0.12916666666666668 0.014843750000000001
17 0.701388888888889 0.980078125 0.05555555555555556 0.013281250000000001
17 0.4986111111111111 0.980078125 0.058333333333333334 0.013281250000000001
17 0.30069444444444443 0.98203125 0.06805555555555556 0.0171875
17 0.10208333333333333 0.980078125 0.07916666666666666 0.013281250000000001
17 0.17152777777777778 0.7484375000000001 0.25972222222222224 0.0203125
8 0.8319444444444445 0.071484375 0.04722222222222222 0.02421875
8 0.9215277777777778 0.072265625 0.04583333333333334 0.022656250000000003
8 0.0763888888888889 0.07109375 0.036111111111111115 0.0203125
8 0.9395833333333333 0.225 0.04583333333333334 0.0171875
8 0.9395833333333333 0.29531250000000003 0.04583333333333334 0.0171875
8 0.9395833333333333 0.36562500000000003 0.04583333333333334 0.0171875
8 0.9381944444444444 0.507421875 0.04583333333333334 0.017968750000000002
16 0.9333333333333333 0.5808593750000001 0.08055555555555556 0.02890625
16 0.9333333333333333 0.658203125 0.08055555555555556 0.02890625
8 0.9395833333333333 0.8046875 0.04583333333333334 0.0171875
8 0.9381944444444444 0.87421875 0.04583333333333334 0.0171875
8 0.8993055555555556 0.9480468750000001 0.059722222222222225 0.032031250000000004
8 0.6993055555555556 0.951171875 0.059722222222222225 0.030468750000000003
8 0.5006944444444444 0.95078125 0.05416666666666667 0.029687500000000002
9 0.3 0.95078125 0.061111111111111116 0.034375
8 0.10069444444444445 0.951171875 0.04583333333333334 0.025781250000000002
7 0.3993055555555556 0.072265625 0.7402777777777778 0.055468750000000004
20 0.5006944444444444 0.0140625 0.9986111111111111 0.026562500000000003
