8 0.1125 0.8968750000000001 0.05555555555555556 0.029687500000000002
17 0.8215277777777779 0.9558593750000001 0.22916666666666669 0.014843750000000001
8 0.4625 0.955078125 0.24166666666666667 0.022656250000000003
17 0.5979166666666667 0.9015625 0.5152777777777778 0.051562500000000004
17 0.8430555555555556 0.710546875 0.18611111111111112 0.014843750000000001
17 0.84375 0.79609375 0.1875 0.021875000000000002
18 0.4486111111111111 0.7878906250000001 0.21666666666666667 0.04453125
8 0.4625 0.708984375 0.24166666666666667 0.022656250000000003
17 0.6291666666666667 0.6578125 0.5750000000000001 0.05625
8 0.11319444444444444 0.6511718750000001 0.05694444444444444 0.02890625
17 0.8236111111111112 0.48750000000000004 0.225 0.0140625
17 0.84375 0.550390625 0.1875 0.02109375
18 0.4486111111111111 0.54140625 0.21666666666666667 0.045312500000000006
8 0.4625 0.487109375 0.24166666666666667 0.022656250000000003
17 0.5423611111111112 0.41875 0.4041666666666667 0.09062500000000001
8 0.1125 0.39453125 0.05555555555555556 0.029687500000000002
17 0.8354166666666667 0.207421875 0.20416666666666666 0.014843750000000001
17 0.8465277777777778 0.29335937500000003 0.1763888888888889 0.02109375
18 0.4486111111111111 0.284765625 0.21666666666666667 0.04453125
8 0.4625 0.20625000000000002 0.24166666666666667 0.021875000000000002
17 0.6236111111111111 0.15585937500000002 0.5666666666666667 0.055468750000000004
8 0.11319444444444444 0.148828125 0.05416666666666667 0.02890625
8 0.06180555555555556 0.071484375 0.051388888888888894 0.025781250000000002
8 0.9402777777777778 0.07109375 0.05555555555555556 0.026562500000000003
9 0.17847222222222223 0.716015625 0.2791666666666667 0.21015625000000002
9 0.17847222222222223 0.9285156250000001 0.2791666666666667 0.14296875
9 0.17916666666666667 0.46484375 0.2777777777777778 0.22031250000000002
9 0.17916666666666667 0.213671875 0.2777777777777778 0.20859375000000002
20 0.5006944444444444 0.0171875 0.9986111111111111 0.0328125
