17 0.31527777777777777 0.6664062500000001 0.3527777777777778 0.0234375
17 0.23333333333333334 0.566015625 0.18611111111111112 0.01953125
17 0.5958333333333333 0.47109375000000003 0.2833333333333333 0.018750000000000003
17 0.19861111111111113 0.37578125 0.11666666666666667 0.0203125
17 0.25069444444444444 0.283203125 0.22083333333333335 0.017968750000000002
17 0.2534722222222222 0.18828125 0.2263888888888889 0.0203125
17 0.3298611111111111 0.470703125 0.07083333333333333 0.02109375
8 0.39513888888888893 0.46992187500000004 0.02638888888888889 0.00859375
18 0.5013888888888889 0.8445312500000001 0.9222222222222223 0.06406250000000001
17 0.5041666666666667 0.7578125 0.8861111111111112 0.043750000000000004
9 0.20347222222222222 0.46992187500000004 0.059722222222222225 0.03359375
8 0.9027777777777778 0.568359375 0.05 0.02421875
8 0.9027777777777778 0.6667968750000001 0.05 0.02421875
8 0.07013888888888889 0.658203125 0.03194444444444445 0.025781250000000002
8 0.06875 0.5593750000000001 0.03194444444444445 0.025
9 0.06736111111111111 0.46210937500000004 0.043055555555555555 0.02734375
8 0.07013888888888889 0.36953125000000003 0.04027777777777778 0.0171875
8 0.07013888888888889 0.276171875 0.029166666666666667 0.02734375
8 0.06875 0.18281250000000002 0.029166666666666667 0.026562500000000003
8 0.06944444444444445 0.072265625 0.04722222222222222 0.02421875
17 0.5006944444444444 0.074609375 0.15694444444444444 0.022656250000000003
7 0.5437500000000001 0.67109375 0.8152777777777778 0.0328125
7 0.5437500000000001 0.57265625 0.8152777777777778 0.0328125
7 0.7027777777777778 0.476171875 0.5 0.030468750000000003
7 0.5437500000000001 0.381640625 0.8152777777777778 0.032031250000000004
7 0.5444444444444445 0.288671875 0.8166666666666667 0.030468750000000003
7 0.5437500000000001 0.194140625 0.8152777777777778 0.032031250000000004
20 0.5006944444444444 0.0171875 0.9986111111111111 0.0328125
