9 0.5013888888888889 0.15703125 0.061111111111111116 0.037500000000000006
17 0.5013888888888889 0.21171875 0.5388888888888889 0.0234375
17 0.7083333333333334 0.614453125 0.11111111111111112 0.017968750000000002
17 0.29375 0.6140625000000001 0.1763888888888889 0.018750000000000003
17 0.5 0.70234375 0.41111111111111115 0.0203125
17 0.5 0.7429687500000001 0.17777777777777778 0.015625
18 0.5006944444444444 0.8171875000000001 0.4291666666666667 0.05625
9 0.29444444444444445 0.478515625 0.33611111111111114 0.18828125
9 0.7041666666666667 0.47695312500000003 0.33055555555555555 0.18671875000000002
20 0.5006944444444444 0.0171875 0.9986111111111111 0.0328125
