17 0.5583333333333333 0.10507812500000001 0.6166666666666667 0.041406250000000006
17 0.5020833333333333 0.191796875 0.826388888888889 0.05859375
17 0.5006944444444444 0.43476562500000004 0.33194444444444443 0.02421875
17 0.45069444444444445 0.83359375 0.6291666666666667 0.025
17 0.5006944444444444 0.9203125000000001 0.22083333333333335 0.0203125
17 0.81875 0.96796875 0.14305555555555557 0.021875000000000002
17 0.6222222222222222 0.96796875 0.15 0.0203125
17 0.44722222222222224 0.96796875 0.10277777777777779 0.021875000000000002
17 0.2638888888888889 0.9691406250000001 0.16944444444444445 0.01953125
9 0.1423611111111111 0.96796875 0.0625 0.021875000000000002
13 0.5027777777777778 0.4921875 0.13333333333333333 0.0125
9 0.18055555555555555 0.10546875 0.08888888888888889 0.0484375
9 0.5013888888888889 0.325 0.24444444444444446 0.1375
18 0.5006944444444444 0.56015625 0.7291666666666667 0.07187500000000001
18 0.5006944444444444 0.6531250000000001 0.7291666666666667 0.07187500000000001
18 0.5006944444444444 0.74609375 0.7291666666666667 0.07187500000000001
20 0.5006944444444444 0.0171875 0.9986111111111111 0.0328125
