17 0.3763888888888889 0.36250000000000004 0.6472222222222223 0.021875000000000002
17 0.6881944444444444 0.7273437500000001 0.1513888888888889 0.0203125
7 0.5013888888888889 0.37148437500000003 0.9027777777777778 0.041406250000000006
9 0.4979166666666667 0.18710937500000002 0.10138888888888889 0.07265625
17 0.5006944444444444 0.2703125 0.15694444444444444 0.0328125
17 0.5020833333333333 0.446875 0.04861111111111111 0.015625
17 0.41458333333333336 0.7253906250000001 0.3763888888888889 0.01640625
17 0.5027777777777778 0.9539062500000001 0.8083333333333333 0.037500000000000006
18 0.5013888888888889 0.622265625 0.9027777777777778 0.07109375
18 0.5006944444444444 0.537109375 0.9041666666666667 0.07265625
20 0.5006944444444444 0.0171875 0.9986111111111111 0.0328125
