17 0.4395833333333333 0.14296875 0.22361111111111112 0.0171875
17 0.31527777777777777 0.95859375 0.47500000000000003 0.0546875
18 0.2534722222222222 0.43984375000000003 0.30694444444444446 0.0578125
17 0.3736111111111111 0.37265625 0.5416666666666667 0.043750000000000004
17 0.5034722222222222 0.26210937500000003 0.8152777777777778 0.12265625000000001
8 0.9222222222222223 0.065234375 0.08055555555555556 0.04609375
8 0.8083333333333333 0.071484375 0.058333333333333334 0.03359375
8 0.07013888888888889 0.070703125 0.04861111111111111 0.01953125
17 0.1513888888888889 0.143359375 0.2388888888888889 0.01640625
9 0.24861111111111112 0.07109375 0.225 0.0484375
0 0.5006944444444444 0.58828125 0.9986111111111111 0.8234375
20 0.5006944444444444 0.0171875 0.9986111111111111 0.0328125
