8 0.9256944444444445 0.8796875000000001 0.1486111111111111 0.0203125
8 0.5472222222222223 0.880078125 0.2138888888888889 0.01953125
8 0.13402777777777777 0.880078125 0.2125 0.01953125
17 0.20694444444444446 0.91328125 0.36388888888888893 0.0171875
17 0.6243055555555556 0.913671875 0.37083333333333335 0.01640625
17 0.9263888888888889 0.91171875 0.14722222222222223 0.0140625
17 0.925 0.828125 0.15 0.051562500000000004
17 0.625 0.830078125 0.37222222222222223 0.055468750000000004
17 0.18472222222222223 0.827734375 0.3138888888888889 0.05234375
8 0.8180555555555555 0.491796875 0.2138888888888889 0.01953125
9 0.8548611111111112 0.29726562500000003 0.2902777777777778 0.21015625000000002
17 0.9215277777777778 0.6199218750000001 0.10972222222222222 0.014843750000000001
9 0.6319444444444444 0.7230468750000001 0.3888888888888889 0.13046875
9 0.9256944444444445 0.723828125 0.1486111111111111 0.13046875
9 0.22083333333333335 0.7230468750000001 0.3888888888888889 0.13046875
17 0.5402777777777777 0.501953125 0.20555555555555557 0.01171875
17 0.8534722222222223 0.43281250000000004 0.2847222222222222 0.0171875
17 0.16111111111111112 0.615234375 0.2638888888888889 0.022656250000000003
17 0.8069444444444445 0.5222656250000001 0.18611111111111112 0.022656250000000003
17 0.13125 0.5320312500000001 0.20416666666666666 0.0234375
8 0.13402777777777777 0.50234375 0.2152777777777778 0.0203125
17 0.2625 0.451953125 0.47500000000000003 0.055468750000000004
17 0.9215277777777778 0.154296875 0.10972222222222222 0.014843750000000001
17 0.2965277777777778 0.15195312500000002 0.5430555555555556 0.030468750000000003
9 0.3527777777777778 0.29726562500000003 0.6555555555555556 0.21015625000000002
17 0.10138888888888889 0.9925781250000001 0.08611111111111111 0.014843750000000001
17 0.3013888888888889 0.9910156250000001 0.09444444444444444 0.01171875
17 0.5013888888888889 0.9925781250000001 0.10833333333333334 0.014843750000000001
17 0.701388888888889 0.9925781250000001 0.10833333333333334 0.014843750000000001
17 0.9020833333333333 0.991796875 0.0763888888888889 0.01171875
8 0.9020833333333333 0.96015625 0.051388888888888894 0.029687500000000002
8 0.7006944444444445 0.9609375 0.07361111111111111 0.03125
8 0.5020833333333333 0.9597656250000001 0.059722222222222225 0.032031250000000004
8 0.30069444444444443 0.960546875 0.06527777777777778 0.03359375
8 0.10138888888888889 0.96015625 0.0638888888888889 0.035937500000000004
8 0.9402777777777778 0.068359375 0.05277777777777778 0.02890625
8 0.8159722222222222 0.06953125 0.07083333333333333 0.029687500000000002
17 0.1590277777777778 0.070703125 0.13194444444444445 0.02109375
8 0.0625 0.071484375 0.05555555555555556 0.025781250000000002
20 0.5006944444444444 0.0171875 0.9986111111111111 0.0328125
