17 0.17083333333333334 0.22968750000000002 0.25833333333333336 0.0171875
18 0.5006944444444444 0.6082031250000001 0.8652777777777778 0.07734375
18 0.5020833333333333 0.5203125000000001 0.8652777777777778 0.078125
17 0.5020833333333333 0.43046875 0.8208333333333334 0.046875
17 0.5 0.359375 0.7027777777777778 0.060937500000000006
17 0.2125 0.18203125 0.3388888888888889 0.028125
8 0.8520833333333334 0.20078125000000002 0.22083333333333335 0.1234375
8 0.9166666666666667 0.069140625 0.05 0.02734375
9 0.81875 0.067578125 0.07361111111111111 0.030468750000000003
17 0.5013888888888889 0.069140625 0.14444444444444446 0.014843750000000001
17 0.10138888888888889 0.9750000000000001 0.061111111111111116 0.009375000000000001
17 0.30069444444444443 0.97578125 0.09305555555555556 0.009375000000000001
17 0.5006944444444444 0.9753906250000001 0.10972222222222222 0.01015625
17 0.7006944444444445 0.9753906250000001 0.09305555555555556 0.01015625
17 0.9013888888888889 0.97578125 0.08611111111111111 0.009375000000000001
8 0.9 0.9390625 0.058333333333333334 0.0328125
8 0.7006944444444445 0.939453125 0.059722222222222225 0.03359375
8 0.5013888888888889 0.939453125 0.05555555555555556 0.032031250000000004
8 0.3013888888888889 0.9390625 0.058333333333333334 0.0328125
8 0.10138888888888889 0.939453125 0.058333333333333334 0.03359375
20 0.5006944444444444 0.013671875 0.9986111111111111 0.025781250000000002
