17 0.25069444444444444 0.14296875 0.19583333333333333 0.0171875
17 0.7513888888888889 0.142578125 0.09166666666666667 0.017968750000000002
17 0.9006944444444445 0.9859375 0.059722222222222225 0.0125
17 0.7006944444444445 0.985546875 0.08194444444444444 0.013281250000000001
17 0.5020833333333333 0.9859375 0.0763888888888889 0.0125
17 0.30069444444444443 0.9859375 0.06805555555555556 0.0125
17 0.10069444444444445 0.9875 0.05694444444444444 0.0140625
8 0.1 0.955078125 0.06666666666666667 0.030468750000000003
8 0.3145833333333333 0.953125 0.08750000000000001 0.0421875
8 0.5 0.95703125 0.05555555555555556 0.035937500000000004
8 0.6993055555555556 0.9554687500000001 0.051388888888888894 0.034375
8 0.9006944444444445 0.9593750000000001 0.059722222222222225 0.010937500000000001
8 0.8923611111111112 0.853125 0.1375 0.0765625
17 0.7673611111111112 0.77265625 0.32916666666666666 0.0203125
17 0.5256944444444445 0.690625 0.6569444444444444 0.07187500000000001
9 0.1 0.6828125 0.11666666666666667 0.065625
17 0.7402777777777778 0.573828125 0.38333333333333336 0.01953125
17 0.5083333333333333 0.491796875 0.625 0.07265625
9 0.09861111111111112 0.483203125 0.11666666666666667 0.06484375
18 0.5013888888888889 0.34101562500000004 0.7861111111111111 0.05078125
17 0.5006944444444444 0.232421875 0.7958333333333334 0.08203125
17 0.10902777777777778 0.07421875 0.11805555555555557 0.029687500000000002
20 0.5006944444444444 0.013671875 0.9986111111111111 0.025781250000000002
