17 0.19930555555555557 0.169921875 0.27361111111111114 0.01953125
17 0.15972222222222224 0.296875 0.19722222222222224 0.018750000000000003
17 0.15416666666666667 0.42304687500000004 0.18333333333333335 0.01953125
7 0.4951388888888889 0.427734375 0.8736111111111111 0.03671875
7 0.4951388888888889 0.302734375 0.8736111111111111 0.030468750000000003
18 0.8729166666666667 0.95859375 0.19583333333333333 0.05
7 0.4965277777777778 0.1765625 0.8736111111111111 0.0328125
8 0.8840277777777779 0.423828125 0.05416666666666667 0.02734375
8 0.06805555555555556 0.072265625 0.04166666666666667 0.022656250000000003
20 0.5006944444444444 0.0171875 0.9986111111111111 0.0328125
