17 0.2791666666666667 0.307421875 0.18611111111111112 0.01953125
17 0.2826388888888889 0.244921875 0.1875 0.01953125
17 0.2388888888888889 0.18320312500000002 0.10277777777777779 0.01953125
17 0.36319444444444443 0.07187500000000001 0.4291666666666667 0.021875000000000002
17 0.5 0.49453125000000003 0.6222222222222222 0.025
8 0.07013888888888889 0.072265625 0.04583333333333334 0.02109375
8 0.9458333333333334 0.072265625 0.016666666666666666 0.02890625
8 0.1423611111111111 0.183984375 0.04583333333333334 0.017968750000000002
8 0.14305555555555557 0.244921875 0.03333333333333333 0.02421875
8 0.14166666666666666 0.30625 0.036111111111111115 0.021875000000000002
18 0.5 0.4109375 0.8444444444444444 0.060937500000000006
7 0.5006944444444444 0.24570312500000002 0.8430555555555556 0.06015625
7 0.5006944444444444 0.307421875 0.8430555555555556 0.06015625
7 0.5006944444444444 0.183984375 0.8430555555555556 0.06015625
20 0.5006944444444444 0.0171875 0.9986111111111111 0.0328125
