8 0.3590277777777778 0.5671875000000001 0.0375 0.021875000000000002
17 0.8361111111111111 0.8949218750000001 0.2 0.02109375
8 0.3597222222222222 0.8296875 0.036111111111111115 0.0203125
17 0.513888888888889 0.83203125 0.2388888888888889 0.0171875
17 0.513888888888889 0.271484375 0.2388888888888889 0.017968750000000002
8 0.3590277777777778 0.26953125 0.0375 0.021875000000000002
8 0.11388888888888889 0.99140625 0.05277777777777778 0.0171875
17 0.5902777777777778 0.9859375 0.49444444444444446 0.021875000000000002
17 0.6006944444444444 0.740234375 0.5208333333333334 0.055468750000000004
9 0.17847222222222223 0.978515625 0.2763888888888889 0.04296875
17 0.8354166666666667 0.52890625 0.2013888888888889 0.0140625
17 0.8243055555555556 0.7921875 0.2263888888888889 0.0140625
18 0.4486111111111111 0.886328125 0.21666666666666667 0.04453125
8 0.4625 0.7914062500000001 0.24166666666666667 0.021875000000000002
17 0.6069444444444445 0.46015625000000004 0.5277777777777778 0.09062500000000001
9 0.1798611111111111 0.8070312500000001 0.2763888888888889 0.225
8 0.11180555555555556 0.7332031250000001 0.05416666666666667 0.02890625
17 0.5152777777777778 0.5691406250000001 0.2388888888888889 0.017968750000000002
17 0.84375 0.632421875 0.1875 0.02109375
18 0.4486111111111111 0.6238281250000001 0.21666666666666667 0.04453125
8 0.4618055555555556 0.528515625 0.24305555555555555 0.022656250000000003
9 0.17916666666666667 0.526953125 0.2777777777777778 0.26015625000000003
8 0.11319444444444444 0.43671875000000004 0.05416666666666667 0.028125
17 0.8270833333333334 0.23164062500000002 0.22083333333333335 0.014843750000000001
17 0.8430555555555556 0.33515625000000004 0.18611111111111112 0.0203125
18 0.4486111111111111 0.326171875 0.21666666666666667 0.04453125
8 0.4618055555555556 0.23046875 0.24027777777777778 0.021875000000000002
17 0.5555555555555556 0.1796875 0.4277777777777778 0.05625
9 0.17916666666666667 0.246484375 0.2777777777777778 0.22578125000000002
8 0.11180555555555556 0.17343750000000002 0.05416666666666667 0.028125
8 0.0625 0.071484375 0.05277777777777778 0.025781250000000002
8 0.9409722222222222 0.07109375 0.05694444444444444 0.026562500000000003
20 0.5006944444444444 0.0171875 0.9986111111111111 0.0328125
