17 0.6326388888888889 0.5066406250000001 0.5847222222222223 0.08984375
8 0.11319444444444444 0.985546875 0.05694444444444444 0.02890625
8 0.11319444444444444 0.73984375 0.05694444444444444 0.029687500000000002
8 0.11180555555555556 0.48359375000000004 0.05694444444444444 0.029687500000000002
8 0.11388888888888889 0.22812500000000002 0.05555555555555556 0.029687500000000002
20 0.5006944444444444 0.0171875 0.9986111111111111 0.0328125
8 0.06180555555555556 0.071484375 0.05416666666666667 0.025781250000000002
8 0.9416666666666667 0.07109375 0.05555555555555556 0.026562500000000003
17 0.2888888888888889 0.1453125 0.5055555555555555 0.035937500000000004
9 0.17916666666666667 0.29726562500000003 0.2777777777777778 0.21953125
17 0.6375000000000001 0.25 0.5944444444444444 0.09062500000000001
8 0.4625 0.319921875 0.24166666666666667 0.022656250000000003
17 0.8138888888888889 0.319921875 0.24722222222222223 0.014843750000000001
18 0.4486111111111111 0.373828125 0.21666666666666667 0.04453125
17 0.8458333333333333 0.382421875 0.17777777777777778 0.02109375
9 0.17916666666666667 0.552734375 0.2777777777777778 0.21953125
18 0.4486111111111111 0.630078125 0.21666666666666667 0.04453125
8 0.4625 0.575390625 0.24166666666666667 0.022656250000000003
17 0.8222222222222223 0.5769531250000001 0.23055555555555557 0.014843750000000001
17 0.8381944444444445 0.638671875 0.19861111111111113 0.02109375
9 0.17916666666666667 0.804296875 0.2777777777777778 0.20859375000000002
17 0.5347222222222222 0.7289062500000001 0.38333333333333336 0.021875000000000002
8 0.4625 0.762890625 0.24166666666666667 0.022656250000000003
17 0.8104166666666667 0.763671875 0.25416666666666665 0.014843750000000001
17 0.8381944444444445 0.884765625 0.19861111111111113 0.02109375
18 0.4486111111111111 0.876171875 0.21666666666666667 0.04453125
9 0.17777777777777778 0.9730468750000001 0.2777777777777778 0.05390625
17 0.5930555555555556 0.974609375 0.5055555555555555 0.02109375
