20 0.5006944444444444 0.0171875 0.9986111111111111 0.0328125
8 0.05555555555555556 0.06406250000000001 0.061111111111111116 0.034375
9 0.5 0.066796875 0.2555555555555556 0.03515625
18 0.8916666666666667 0.06406250000000001 0.19722222222222224 0.03125
17 0.13333333333333333 0.39140625 0.18888888888888888 0.0203125
17 0.6340277777777779 0.394140625 0.20972222222222223 0.02421875
17 0.1 0.7195312500000001 0.125 0.025
17 0.6423611111111112 0.7191406250000001 0.23194444444444445 0.02421875
17 0.16041666666666668 0.80390625 0.24027777777777778 0.0203125
9 0.7451388888888889 0.8796875000000001 0.4652777777777778 0.240625
9 0.2576388888888889 0.5652343750000001 0.4652777777777778 0.26171875
9 0.7465277777777778 0.5652343750000001 0.4652777777777778 0.26171875
9 0.25833333333333336 0.23984375000000002 0.4638888888888889 0.2609375
9 0.7451388888888889 0.23945312500000002 0.4652777777777778 0.26171875
