17 0.20416666666666666 0.51328125 0.3055555555555556 0.0171875
17 0.13402777777777777 0.400390625 0.1625 0.017968750000000002
17 0.09722222222222222 0.2921875 0.09166666666666667 0.0171875
17 0.5 0.059375000000000004 0.26944444444444443 0.043750000000000004
17 0.5013888888888889 0.13398437500000002 0.8194444444444445 0.05234375
17 0.4715277777777778 0.20820312500000002 0.8625 0.039843750000000004
17 0.18680555555555556 0.9304687500000001 0.2902777777777778 0.0171875
17 0.5006944444444444 0.84296875 0.4930555555555556 0.0171875
18 0.5006944444444444 0.7777343750000001 0.9208333333333334 0.06640625
18 0.5006944444444444 0.69140625 0.9208333333333334 0.065625
18 0.5 0.6058593750000001 0.9222222222222223 0.06640625
8 0.9027777777777778 0.40273437500000003 0.05555555555555556 0.02734375
8 0.9027777777777778 0.515234375 0.05555555555555556 0.02734375
7 0.5 0.2984375 0.9027777777777778 0.029687500000000002
7 0.5 0.40703125 0.9027777777777778 0.035937500000000004
7 0.5 0.51953125 0.9027777777777778 0.035937500000000004
