17 0.22986111111111113 0.071484375 0.3791666666666667 0.022656250000000003
17 0.16805555555555557 0.14296875 0.26944444444444443 0.0171875
17 0.5013888888888889 0.14296875 0.19444444444444445 0.0171875
17 0.8326388888888889 0.143359375 0.2652777777777778 0.014843750000000001
17 0.5006944444444444 0.512890625 0.6486111111111111 0.03671875
17 0.5055555555555555 0.591015625 0.8277777777777778 0.06015625
17 0.12569444444444444 0.9792968750000001 0.08472222222222223 0.014843750000000001
17 0.375 0.978515625 0.11388888888888889 0.017968750000000002
17 0.6256944444444444 0.9808593750000001 0.1375 0.01953125
17 0.8756944444444444 0.9796875 0.07361111111111111 0.015625
13 0.875 0.95078125 0.04166666666666667 0.0078125
8 0.6256944444444444 0.95078125 0.051388888888888894 0.026562500000000003
8 0.375 0.947265625 0.044444444444444446 0.025781250000000002
8 0.12638888888888888 0.9500000000000001 0.05 0.025
18 0.5006944444444444 0.723828125 0.6041666666666667 0.06640625
9 0.5006944444444444 0.40234375 0.1763888888888889 0.1
20 0.5006944444444444 0.0171875 0.9986111111111111 0.0328125
