9 0.16111111111111112 0.3375 0.24444444444444446 0.1375
9 0.16111111111111112 0.5242187500000001 0.24444444444444446 0.1375
9 0.16111111111111112 0.7109375 0.24444444444444446 0.1375
9 0.16111111111111112 0.8968750000000001 0.24444444444444446 0.1375
8 0.9416666666666667 0.779296875 0.05277777777777778 0.025781250000000002
8 0.9416666666666667 0.9656250000000001 0.05277777777777778 0.025
17 0.5611111111111111 0.9148437500000001 0.46111111111111114 0.05625
17 0.6291666666666667 0.852734375 0.5972222222222222 0.030468750000000003
17 0.5520833333333334 0.7738281250000001 0.44027777777777777 0.06015625
17 0.5208333333333334 0.6875 0.3805555555555556 0.0734375
8 0.9423611111111111 0.40625 0.051388888888888894 0.025
8 0.9409722222222222 0.5925781250000001 0.051388888888888894 0.025781250000000002
17 0.6451388888888889 0.58515625 0.6236111111111111 0.05625
17 0.6375000000000001 0.5007812500000001 0.6111111111111112 0.0734375
17 0.5388888888888889 0.3984375 0.4166666666666667 0.05625
17 0.6361111111111112 0.31171875000000004 0.6111111111111112 0.0671875
17 0.1736111111111111 0.2171875 0.25833333333333336 0.0234375
18 0.9555555555555556 0.142578125 0.08611111111111111 0.04453125
18 0.7173611111111111 0.14296875 0.31527777777777777 0.045312500000000006
18 0.39375 0.142578125 0.25416666666666665 0.04453125
18 0.13472222222222222 0.14296875 0.18888888888888888 0.045312500000000006
8 0.06944444444444445 0.071484375 0.04166666666666667 0.017968750000000002
17 0.34652777777777777 0.0734375 0.3402777777777778 0.026562500000000003
8 0.9416666666666667 0.07187500000000001 0.04166666666666667 0.026562500000000003
20 0.5006944444444444 0.0171875 0.9986111111111111 0.0328125
