9 0.5006944444444444 0.290234375 0.9986111111111111 0.51328125
17 0.725 0.32265625000000003 0.19166666666666668 0.025
17 0.7243055555555555 0.37421875000000004 0.4041666666666667 0.051562500000000004
17 0.7236111111111111 0.43007812500000003 0.3194444444444445 0.025781250000000002
7 0.5006944444444444 0.6234375000000001 0.9041666666666667 0.034375
17 0.1125 0.6171875 0.11944444444444445 0.021875000000000002
18 0.5006944444444444 0.7117187500000001 0.5958333333333333 0.084375
17 0.5006944444444444 0.7875000000000001 0.27361111111111114 0.0171875
18 0.18125 0.846875 0.2847222222222222 0.0546875
18 0.5 0.846875 0.2833333333333333 0.0546875
18 0.820138888888889 0.847265625 0.28750000000000003 0.055468750000000004
5 0.5090277777777777 0.9144531250000001 0.6402777777777778 0.02734375
17 0.5409722222222222 0.9171875 0.576388888888889 0.021875000000000002
17 0.5013888888888889 0.9625 0.7611111111111112 0.018750000000000003
20 0.5006944444444444 0.0171875 0.9986111111111111 0.0328125
