20 0.5006944444444444 0.0171875 0.9986111111111111 0.0328125
8 0.06875 0.072265625 0.02361111111111111 0.022656250000000003
17 0.23194444444444445 0.15625 0.3861111111111111 0.0328125
17 0.7770833333333333 0.1546875 0.3763888888888889 0.0203125
17 0.45763888888888893 0.205078125 0.8402777777777778 0.022656250000000003
7 0.5006944444444444 0.276953125 0.9263888888888889 0.06171875
17 0.4416666666666667 0.27890625 0.7361111111111112 0.029687500000000002
7 0.5006944444444444 0.35273437500000004 0.9263888888888889 0.06171875
17 0.13194444444444445 0.353125 0.11388888888888889 0.021875000000000002
7 0.5006944444444444 0.428515625 0.9263888888888889 0.06171875
17 0.1763888888888889 0.428515625 0.20555555555555557 0.022656250000000003
17 0.5013888888888889 0.494921875 0.9111111111111111 0.039843750000000004
17 0.4881944444444445 0.559765625 0.6847222222222222 0.049218750000000006
5 0.43333333333333335 0.5593750000000001 0.7972222222222223 0.05
18 0.5013888888888889 0.637890625 0.9277777777777778 0.07734375
