20 0.5006944444444444 0.0171875 0.9986111111111111 0.0328125
17 0.5006944444444444 0.858984375 0.28194444444444444 0.02421875
13 0.4965277777777778 0.71875 0.0625 0.010937500000000001
18 0.5006944444444444 0.9441406250000001 0.9236111111111112 0.05859375
18 0.5013888888888889 0.76328125 0.9222222222222223 0.059375000000000004
17 0.5 0.8187500000000001 0.85 0.0203125
17 0.5006944444444444 0.5171875 0.951388888888889 0.0546875
17 0.5006944444444444 0.4625 0.4486111111111111 0.029687500000000002
18 0.8569444444444445 0.07890625000000001 0.23333333333333334 0.059375000000000004
9 0.5006944444444444 0.23046875 0.9986111111111111 0.39375000000000004
