17 0.18819444444444444 0.33671875 0.2013888888888889 0.0203125
17 0.23680555555555557 0.259375 0.2986111111111111 0.0203125
17 0.19166666666666668 0.18203125 0.20833333333333334 0.0203125
17 0.5020833333333333 0.814453125 0.826388888888889 0.047656250000000004
18 0.5013888888888889 0.721875 0.8527777777777779 0.07500000000000001
18 0.5 0.5437500000000001 0.8527777777777779 0.07500000000000001
17 0.5020833333333333 0.63203125 0.051388888888888894 0.015625
17 0.49444444444444446 0.444921875 0.45555555555555555 0.022656250000000003
17 0.25625000000000003 0.38203125000000004 0.3375 0.015625
17 0.23750000000000002 0.07109375 0.09722222222222222 0.021875000000000002
8 0.06944444444444445 0.07187500000000001 0.036111111111111115 0.0203125
7 0.5006944444444444 0.187890625 0.8347222222222223 0.03359375
7 0.5006944444444444 0.265625 0.8347222222222223 0.0328125
17 0.8555555555555556 0.33828125000000003 0.11666666666666667 0.018750000000000003
7 0.5006944444444444 0.34218750000000003 0.8347222222222223 0.0328125
20 0.5006944444444444 0.013671875 0.9986111111111111 0.025781250000000002
