17 0.5006944444444444 0.1703125 0.8347222222222223 0.0484375
17 0.5006944444444444 0.2390625 0.9097222222222222 0.0671875
17 0.16736111111111113 0.44296875 0.23750000000000002 0.0484375
17 0.49930555555555556 0.439453125 0.10416666666666667 0.01953125
17 0.8333333333333334 0.44140625 0.2555555555555556 0.025
17 0.16805555555555557 0.6449218750000001 0.08333333333333334 0.02109375
17 0.5 0.6453125000000001 0.10555555555555556 0.0203125
17 0.8361111111111111 0.6484375 0.21666666666666667 0.0484375
17 0.16805555555555557 0.8546875 0.15 0.0484375
17 0.5013888888888889 0.8515625 0.09166666666666667 0.0203125
17 0.8333333333333334 0.8515625 0.20555555555555557 0.0203125
18 0.5006944444444444 0.9617187500000001 0.9986111111111111 0.0765625
8 0.8930555555555556 0.09335937500000001 0.061111111111111116 0.03359375
9 0.16805555555555557 0.349609375 0.21944444444444444 0.12421875
9 0.5006944444444444 0.349609375 0.22083333333333335 0.12421875
9 0.8333333333333334 0.349609375 0.21944444444444444 0.12421875
9 0.16805555555555557 0.555859375 0.21944444444444444 0.12421875
9 0.5006944444444444 0.555859375 0.22083333333333335 0.12421875
9 0.8333333333333334 0.555859375 0.21944444444444444 0.12421875
9 0.16736111111111113 0.7621093750000001 0.22083333333333335 0.12421875
9 0.5006944444444444 0.7621093750000001 0.22083333333333335 0.12421875
9 0.8340277777777778 0.7621093750000001 0.22083333333333335 0.12421875
9 0.16805555555555557 0.9148437500000001 0.21944444444444444 0.0171875
9 0.5006944444444444 0.9148437500000001 0.22083333333333335 0.0171875
9 0.8333333333333334 0.9148437500000001 0.21944444444444444 0.0171875
20 0.5006944444444444 0.0171875 0.9986111111111111 0.0328125
