20 0.5006944444444444 0.0171875 0.9986111111111111 0.0328125
8 0.05416666666666667 0.06406250000000001 0.061111111111111116 0.034375
9 0.5 0.066796875 0.2555555555555556 0.03515625
18 0.8916666666666667 0.06328125 0.19722222222222224 0.03125
17 0.16527777777777777 0.39687500000000003 0.2555555555555556 0.0203125
17 0.6201388888888889 0.39960937500000004 0.1875 0.02421875
17 0.11875000000000001 0.7234375000000001 0.15972222222222224 0.018750000000000003
17 0.6256944444444444 0.7253906250000001 0.19305555555555556 0.02421875
9 0.2576388888888889 0.570703125 0.4652777777777778 0.26171875
9 0.7458333333333333 0.570703125 0.4666666666666667 0.26171875
9 0.25833333333333336 0.244921875 0.4638888888888889 0.26171875
9 0.7444444444444445 0.244921875 0.4666666666666667 0.26171875
9 0.2576388888888889 0.8828125 0.4652777777777778 0.234375
9 0.7444444444444445 0.8828125 0.4666666666666667 0.234375
