17 0.15416666666666667 0.3140625 0.23055555555555557 0.046875
17 0.7111111111111111 0.4421875 0.38333333333333336 0.046875
17 0.1875 0.7828125 0.29444444444444445 0.046875
17 0.5979166666666667 0.86640625 0.15694444444444444 0.046875
9 0.2611111111111111 0.8871093750000001 0.4416666666666667 0.07265625
9 0.7402777777777778 0.665625 0.4416666666666667 0.31093750000000003
9 0.2611111111111111 0.559765625 0.4416666666666667 0.35546875
9 0.7409722222222223 0.230859375 0.4430555555555556 0.33203125
9 0.2604166666666667 0.130859375 0.3736111111111111 0.19140625
20 0.5006944444444444 0.013671875 0.9986111111111111 0.025781250000000002
8 0.10069444444444445 0.9617187500000001 0.04583333333333334 0.0234375
8 0.3 0.9609375 0.04166666666666667 0.0234375
8 0.5013888888888889 0.9609375 0.05 0.025
8 0.6972222222222223 0.9613281250000001 0.05 0.02890625
8 0.9 0.9617187500000001 0.05 0.028125
