17 0.3791666666666667 0.362109375 0.6555555555555556 0.02109375
9 0.5 0.18710937500000002 0.10833333333333334 0.06015625
17 0.4986111111111111 0.26601562500000003 0.6027777777777777 0.025781250000000002
17 0.5 0.44648437500000004 0.04722222222222222 0.01640625
17 0.49236111111111114 0.727734375 0.5263888888888889 0.02109375
17 0.5020833333333333 0.9539062500000001 0.7125 0.037500000000000006
18 0.5013888888888889 0.622265625 0.9027777777777778 0.07109375
18 0.5013888888888889 0.537109375 0.9027777777777778 0.07265625
7 0.5006944444444444 0.37148437500000003 0.9041666666666667 0.039843750000000004
20 0.5006944444444444 0.0171875 0.9986111111111111 0.0328125
