17 0.2743055555555556 0.5609375 0.2902777777777778 0.021875000000000002
17 0.22222222222222224 0.45742187500000003 0.18611111111111112 0.01953125
17 0.17847222222222223 0.354296875 0.09861111111111112 0.017968750000000002
17 0.18472222222222223 0.251953125 0.10833333333333334 0.017968750000000002
7 0.49236111111111114 0.567578125 0.7319444444444445 0.03671875
7 0.49236111111111114 0.465625 0.7319444444444445 0.035937500000000004
7 0.49236111111111114 0.36328125 0.7319444444444445 0.035937500000000004
17 0.4256944444444445 0.10859375 0.5958333333333333 0.028125
17 0.47847222222222224 0.166015625 0.7041666666666667 0.04609375
17 0.5 0.9652343750000001 0.10277777777777779 0.01953125
18 0.5006944444444444 0.8714843750000001 0.7291666666666667 0.055468750000000004
7 0.4916666666666667 0.2609375 0.7333333333333334 0.035937500000000004
11 0.5 0.48515625 0.8833333333333334 0.8703125
