17 0.17430555555555557 0.9867187500000001 0.04583333333333334 0.010937500000000001
17 0.5013888888888889 0.9867187500000001 0.0638888888888889 0.010937500000000001
17 0.8243055555555556 0.987890625 0.051388888888888894 0.013281250000000001
8 0.8250000000000001 0.9613281250000001 0.044444444444444446 0.022656250000000003
8 0.5006944444444444 0.962109375 0.043055555555555555 0.02421875
9 0.17500000000000002 0.9613281250000001 0.07777777777777778 0.025781250000000002
17 0.2881944444444445 0.87890625 0.4930555555555556 0.0703125
17 0.46597222222222223 0.7562500000000001 0.8486111111111111 0.046875
17 0.34444444444444444 0.657421875 0.6083333333333334 0.11796875000000001
9 0.8416666666666667 0.8855468750000001 0.24166666666666667 0.09453125000000001
9 0.8409722222222222 0.6605468750000001 0.24305555555555555 0.13671875
9 0.8409722222222222 0.43203125000000003 0.24305555555555555 0.1375
17 0.3451388888888889 0.49765625 0.6097222222222223 0.07187500000000001
17 0.31736111111111115 0.40742187500000004 0.5486111111111112 0.07734375
17 0.5 0.09296875 0.8472222222222222 0.0578125
18 0.5 0.26171875 0.47222222222222227 0.045312500000000006
17 0.5006944444444444 0.16562500000000002 0.7597222222222223 0.05625
8 0.9277777777777778 0.02734375 0.04166666666666667 0.025
