17 0.15 0.327734375 0.2111111111111111 0.022656250000000003
17 0.2 0.2390625 0.3111111111111111 0.021875000000000002
7 0.5006944444444444 0.333984375 0.9236111111111112 0.03671875
17 0.41944444444444445 0.074609375 0.5444444444444445 0.02734375
17 0.2576388888888889 0.15078125 0.43472222222222223 0.025
17 0.19097222222222224 0.39687500000000003 0.3013888888888889 0.021875000000000002
17 0.5013888888888889 0.44609375 0.05 0.0171875
18 0.25069444444444444 0.9617187500000001 0.4986111111111111 0.0765625
18 0.7506944444444444 0.9617187500000001 0.4986111111111111 0.0765625
8 0.9125000000000001 0.32929687500000004 0.05555555555555556 0.02734375
8 0.06875 0.07187500000000001 0.04027777777777778 0.0234375
7 0.5006944444444444 0.24531250000000002 0.9236111111111112 0.035937500000000004
18 0.5006944444444444 0.5144531250000001 0.9208333333333334 0.06640625
18 0.5006944444444444 0.602734375 0.9208333333333334 0.06796875000000001
20 0.5006944444444444 0.0171875 0.9986111111111111 0.0328125
