17 0.14444444444444446 0.23984375000000002 0.18611111111111112 0.0203125
17 0.09027777777777778 0.169921875 0.07777777777777778 0.014843750000000001
17 0.7305555555555556 0.4234375 0.35000000000000003 0.021875000000000002
7 0.5 0.24570312500000002 0.9027777777777778 0.03671875
7 0.5006944444444444 0.1765625 0.9041666666666667 0.029687500000000002
17 0.2590277777777778 0.075390625 0.16527777777777777 0.030468750000000003
17 0.7604166666666667 0.29296875 0.3263888888888889 0.025
17 0.31736111111111115 0.421875 0.4375 0.0203125
18 0.5006944444444444 0.350390625 0.9208333333333334 0.05078125
8 0.9027777777777778 0.241015625 0.05555555555555556 0.02734375
8 0.06944444444444445 0.07187500000000001 0.04166666666666667 0.0234375
20 0.5006944444444444 0.0140625 0.9986111111111111 0.026562500000000003
