9 0.3666666666666667 0.8992187500000001 0.6805555555555556 0.0703125
9 0.8645833333333334 0.8984375 0.27083333333333337 0.0703125
17 0.9208333333333334 0.82421875 0.11111111111111112 0.015625
17 0.22083333333333335 0.8226562500000001 0.39166666666666666 0.03125
17 0.23402777777777778 0.34492187500000004 0.3763888888888889 0.04453125
8 0.9548611111111112 0.730078125 0.020833333333333336 0.01953125
8 0.9548611111111112 0.6605468750000001 0.020833333333333336 0.01953125
17 0.23750000000000002 0.733984375 0.18333333333333335 0.02109375
17 0.26458333333333334 0.6628906250000001 0.24027777777777778 0.01640625
9 0.06944444444444445 0.7292968750000001 0.06666666666666667 0.02890625
9 0.06875 0.659375 0.07083333333333333 0.0328125
8 0.9555555555555556 0.5906250000000001 0.022222222222222223 0.0203125
8 0.9548611111111112 0.52109375 0.020833333333333336 0.0203125
8 0.9541666666666667 0.45078125 0.022222222222222223 0.0203125
17 0.20486111111111113 0.59375 0.12638888888888888 0.021875000000000002
17 0.2763888888888889 0.525 0.2638888888888889 0.0203125
17 0.27222222222222225 0.4546875 0.25833333333333336 0.0203125
8 0.06805555555555556 0.5906250000000001 0.0638888888888889 0.0203125
9 0.06805555555555556 0.51953125 0.04722222222222222 0.025
8 0.06736111111111111 0.45039062500000004 0.05694444444444444 0.02734375
17 0.10208333333333333 0.9929687500000001 0.08472222222222223 0.0140625
17 0.30069444444444443 0.991796875 0.09583333333333334 0.01171875
17 0.5020833333333333 0.9925781250000001 0.10694444444444445 0.014843750000000001
17 0.7020833333333334 0.9925781250000001 0.10972222222222222 0.014843750000000001
17 0.9013888888888889 0.99140625 0.075 0.0125
8 0.9013888888888889 0.960546875 0.05277777777777778 0.030468750000000003
8 0.701388888888889 0.960546875 0.075 0.032031250000000004
8 0.5020833333333333 0.96015625 0.059722222222222225 0.0328125
8 0.30069444444444443 0.96015625 0.06527777777777778 0.034375
8 0.10138888888888889 0.96015625 0.0638888888888889 0.035937500000000004
8 0.9402777777777778 0.069140625 0.05555555555555556 0.030468750000000003
8 0.8159722222222222 0.06992187500000001 0.07083333333333333 0.030468750000000003
17 0.16041666666666668 0.070703125 0.13472222222222222 0.022656250000000003
8 0.06180555555555556 0.07109375 0.05694444444444444 0.026562500000000003
9 0.5006944444444444 0.21484375 0.9986111111111111 0.36250000000000004
20 0.5006944444444444 0.0171875 0.9986111111111111 0.0328125
