17 0.21875 0.09062500000000001 0.09861111111111112 0.015625
17 0.3111111111111111 0.1203125 0.2833333333333333 0.0171875
17 0.21597222222222223 0.23164062500000002 0.09305555555555556 0.01640625
17 0.24861111111111112 0.294921875 0.1638888888888889 0.01640625
17 0.22013888888888888 0.36015625 0.10416666666666667 0.0203125
17 0.2590277777777778 0.453125 0.1736111111111111 0.0203125
17 0.21458333333333335 0.515625 0.09583333333333334 0.0171875
17 0.3041666666666667 0.5789062500000001 0.275 0.0171875
17 0.275 0.644140625 0.2138888888888889 0.02109375
17 0.22916666666666669 0.7074218750000001 0.125 0.01953125
8 0.08819444444444445 0.10625000000000001 0.09583333333333334 0.053125000000000006
8 0.06666666666666667 0.2328125 0.04722222222222222 0.026562500000000003
9 0.06805555555555556 0.29531250000000003 0.04722222222222222 0.026562500000000003
8 0.06805555555555556 0.358203125 0.04722222222222222 0.02734375
8 0.06944444444444445 0.451953125 0.05555555555555556 0.02890625
8 0.06875 0.5164062500000001 0.04861111111111111 0.028125
9 0.06736111111111111 0.579296875 0.043055555555555555 0.02734375
8 0.06736111111111111 0.6429687500000001 0.0375 0.026562500000000003
8 0.06666666666666667 0.70625 0.04722222222222222 0.026562500000000003
6 0.38958333333333334 0.516796875 0.7763888888888889 0.96640625
20 0.5006944444444444 0.0171875 0.9986111111111111 0.0328125
