18 0.8916666666666667 0.06328125 0.19722222222222224 0.03125
9 0.5 0.06640625 0.2555555555555556 0.034375
8 0.05486111111111111 0.064453125 0.059722222222222225 0.03359375
9 0.7451388888888889 0.8816406250000001 0.4652777777777778 0.23671875
9 0.2576388888888889 0.8816406250000001 0.4652777777777778 0.23671875
17 0.22013888888888888 0.7230468750000001 0.3597222222222222 0.02421875
9 0.2576388888888889 0.568359375 0.4652777777777778 0.26171875
17 0.6145833333333334 0.7210937500000001 0.17083333333333334 0.018750000000000003
9 0.7451388888888889 0.56796875 0.4652777777777778 0.2609375
17 0.6138888888888889 0.39492187500000003 0.16944444444444445 0.01953125
9 0.7451388888888889 0.2421875 0.4652777777777778 0.2625
17 0.09027777777777778 0.39492187500000003 0.1 0.01953125
9 0.25833333333333336 0.242578125 0.4638888888888889 0.26171875
20 0.5006944444444444 0.0171875 0.9986111111111111 0.0328125
