17 0.28194444444444444 0.76484375 0.25 0.018750000000000003
17 0.20069444444444445 0.8679687500000001 0.08194444444444444 0.018750000000000003
18 0.5048611111111111 0.953125 0.9319444444444445 0.060937500000000006
17 0.2659722222222222 0.907421875 0.21805555555555556 0.01640625
17 0.4604166666666667 0.805859375 0.6069444444444445 0.01953125
17 0.40069444444444446 0.6859375000000001 0.4902777777777778 0.053125000000000006
8 0.07847222222222222 0.8675781250000001 0.04027777777777778 0.02890625
8 0.07916666666666666 0.7644531250000001 0.036111111111111115 0.02734375
8 0.07847222222222222 0.667578125 0.051388888888888894 0.02890625
17 0.19305555555555556 0.605078125 0.3027777777777778 0.022656250000000003
17 0.2986111111111111 0.49062500000000003 0.5166666666666667 0.1015625
9 0.5006944444444444 0.25 0.9986111111111111 0.2828125
8 0.07013888888888889 0.07187500000000001 0.04027777777777778 0.0171875
8 0.7090277777777778 0.07109375 0.051388888888888894 0.025
8 0.8250000000000001 0.071484375 0.05 0.025781250000000002
8 0.9416666666666667 0.072265625 0.011111111111111112 0.022656250000000003
20 0.5006944444444444 0.0171875 0.9986111111111111 0.0328125
