17 0.14652777777777778 0.508203125 0.19305555555555556 0.02734375
17 0.20833333333333334 0.609375 0.3111111111111111 0.021875000000000002
17 0.1590277777777778 0.70859375 0.20972222222222223 0.021875000000000002
17 0.6493055555555556 0.4078125 0.23194444444444445 0.0203125
17 0.16944444444444445 0.40859375000000003 0.23333333333333334 0.0203125
7 0.5 0.8359375 0.9027777777777778 0.034375
17 0.25972222222222224 0.074609375 0.16666666666666669 0.02734375
17 0.5048611111111111 0.15156250000000002 0.7180555555555556 0.0234375
17 0.5 0.33203125 0.2972222222222222 0.018750000000000003
17 0.5013888888888889 0.915234375 0.763888888888889 0.01640625
18 0.5006944444444444 0.9617187500000001 0.9986111111111111 0.0765625
17 0.3875 0.833203125 0.6694444444444445 0.02890625
7 0.5006944444444444 0.7136718750000001 0.9041666666666667 0.03359375
7 0.5006944444444444 0.615234375 0.9041666666666667 0.03359375
7 0.5006944444444444 0.511328125 0.9041666666666667 0.03359375
7 0.2604166666666667 0.413671875 0.4236111111111111 0.032031250000000004
7 0.7402777777777778 0.413671875 0.4222222222222222 0.032031250000000004
8 0.9027777777777778 0.8308593750000001 0.025 0.00859375
8 0.9194444444444445 0.70859375 0.061111111111111116 0.0234375
8 0.8930555555555556 0.1484375 0.025 0.0078125
9 0.10277777777777779 0.14765625000000002 0.044444444444444446 0.025
8 0.07013888888888889 0.072265625 0.0375 0.02109375
8 0.2326388888888889 0.22031250000000002 0.04583333333333334 0.028125
18 0.5006944444444444 0.22187500000000002 0.9208333333333334 0.05
18 0.5006944444444444 0.2765625 0.9208333333333334 0.05
20 0.5006944444444444 0.0171875 0.9986111111111111 0.0328125
