17 0.3388888888888889 0.080078125 0.31666666666666665 0.02734375
8 0.9 0.9617187500000001 0.05 0.028125
8 0.6979166666666667 0.9613281250000001 0.051388888888888894 0.02890625
8 0.5006944444444444 0.9613281250000001 0.051388888888888894 0.025781250000000002
8 0.29930555555555555 0.960546875 0.043055555555555555 0.02421875
8 0.10069444444444445 0.9609375 0.04583333333333334 0.0234375
9 0.11736111111111111 0.186328125 0.15694444444444444 0.08828125
9 0.11805555555555557 0.31757812500000004 0.15555555555555556 0.08828125
9 0.11736111111111111 0.448828125 0.15694444444444444 0.08828125
9 0.11736111111111111 0.580078125 0.15694444444444444 0.08828125
9 0.11736111111111111 0.7113281250000001 0.15694444444444444 0.08828125
9 0.11805555555555557 0.8425781250000001 0.15555555555555556 0.08828125
17 0.3875 0.843359375 0.3 0.02421875
17 0.3277777777777778 0.7117187500000001 0.18611111111111112 0.025
17 0.39722222222222225 0.5808593750000001 0.3194444444444445 0.02421875
17 0.33055555555555555 0.44921875 0.19166666666666668 0.025
17 0.3423611111111111 0.31796875 0.2152777777777778 0.025
17 0.30486111111111114 0.18671875000000002 0.13472222222222222 0.025
8 0.11666666666666667 0.07695312500000001 0.044444444444444446 0.025781250000000002
7 0.5013888888888889 0.07695312500000001 0.9222222222222223 0.06640625
20 0.5006944444444444 0.0140625 0.9986111111111111 0.026562500000000003
