17 0.31666666666666665 0.36250000000000004 0.5555555555555556 0.046875
9 0.8409722222222222 0.892578125 0.24305555555555555 0.08046875
17 0.3159722222222222 0.4859375 0.5486111111111112 0.0703125
17 0.30347222222222225 0.8929687500000001 0.5236111111111111 0.0703125
9 0.8409722222222222 0.716796875 0.24305555555555555 0.13671875
9 0.8409722222222222 0.512890625 0.24305555555555555 0.13671875
9 0.8409722222222222 0.30976562500000004 0.24305555555555555 0.13671875
8 0.9520833333333334 0.027734375000000002 0.043055555555555555 0.02421875
17 0.49930555555555556 0.185546875 0.6375000000000001 0.02421875
17 0.5861111111111111 0.096875 0.1277777777777778 0.029687500000000002
9 0.49930555555555556 0.080078125 0.5069444444444444 0.15859375
17 0.30486111111111114 0.28125 0.5263888888888889 0.0703125
17 0.3479166666666667 0.566015625 0.6152777777777778 0.047656250000000004
17 0.27222222222222225 0.6890625 0.46111111111111114 0.07187500000000001
17 0.33958333333333335 0.7699218750000001 0.6013888888888889 0.047656250000000004
17 0.8236111111111112 0.987890625 0.05277777777777778 0.013281250000000001
17 0.17569444444444446 0.986328125 0.043055555555555555 0.01015625
9 0.17569444444444446 0.9617187500000001 0.0763888888888889 0.025
17 0.5013888888888889 0.9867187500000001 0.061111111111111116 0.009375000000000001
8 0.5006944444444444 0.9617187500000001 0.04027777777777778 0.0234375
8 0.8236111111111112 0.9613281250000001 0.044444444444444446 0.022656250000000003
