8 0.9 0.9617187500000001 0.05 0.028125
8 0.6979166666666667 0.962109375 0.051388888888888894 0.02890625
8 0.5006944444444444 0.9613281250000001 0.051388888888888894 0.025781250000000002
8 0.29930555555555555 0.9609375 0.043055555555555555 0.025
8 0.10138888888888889 0.9613281250000001 0.04722222222222222 0.02421875
9 0.11736111111111111 0.761328125 0.15694444444444444 0.08828125
9 0.11736111111111111 0.630078125 0.15694444444444444 0.08828125
9 0.11736111111111111 0.498828125 0.15694444444444444 0.08828125
9 0.11736111111111111 0.36757812500000003 0.15694444444444444 0.08828125
9 0.11736111111111111 0.236328125 0.15694444444444444 0.08828125
9 0.11736111111111111 0.10507812500000001 0.15694444444444444 0.08828125
17 0.35625 0.765234375 0.24305555555555555 0.030468750000000003
17 0.3805555555555556 0.630859375 0.2916666666666667 0.02421875
17 0.3993055555555556 0.49921875000000004 0.3236111111111111 0.025
17 0.38680555555555557 0.36875 0.2986111111111111 0.0234375
17 0.3277777777777778 0.23671875 0.18611111111111112 0.025
17 0.39722222222222225 0.106640625 0.3194444444444445 0.02421875
20 0.5006944444444444 0.013671875 0.9986111111111111 0.025781250000000002
