17 0.325 0.072265625 0.29444444444444445 0.01953125
17 0.5020833333333333 0.225390625 0.8402777777777778 0.02109375
17 0.1902777777777778 0.355078125 0.325 0.01953125
17 0.17500000000000002 0.404296875 0.225 0.01953125
17 0.2611111111111111 0.47187500000000004 0.3944444444444445 0.025
17 0.3145833333333333 0.5375 0.5013888888888889 0.0234375
17 0.25833333333333336 0.603515625 0.39166666666666666 0.02421875
17 0.3597222222222222 0.6687500000000001 0.5944444444444444 0.025
17 0.39513888888888893 0.734375 0.6625 0.025
17 0.2652777777777778 0.7996093750000001 0.4027777777777778 0.02421875
17 0.19166666666666668 0.8656250000000001 0.2611111111111111 0.025
17 0.22361111111111112 0.931640625 0.325 0.02421875
17 0.20694444444444446 0.9921875 0.2888888888888889 0.015625
8 0.06875 0.071484375 0.04027777777777778 0.022656250000000003
8 0.9416666666666667 0.07109375 0.044444444444444446 0.025
9 0.5006944444444444 0.225 0.9486111111111112 0.19062500000000002
20 0.5006944444444444 0.0171875 0.9986111111111111 0.0328125
