17 0.20972222222222223 0.4703125 0.33611111111111114 0.0234375
17 0.3701388888888889 0.39687500000000003 0.6569444444444444 0.021875000000000002
17 0.32083333333333336 0.32890625 0.5583333333333333 0.0234375
17 0.19722222222222224 0.06406250000000001 0.3416666666666667 0.021875000000000002
17 0.5006944444444444 0.1375 0.6069444444444445 0.025
17 0.9187500000000001 0.39570312500000004 0.08472222222222223 0.01640625
17 0.9180555555555556 0.468359375 0.08611111111111111 0.01640625
17 0.5027777777777778 0.551171875 0.8527777777777779 0.03515625
17 0.49930555555555556 0.7015625000000001 0.5097222222222222 0.0203125
18 0.5 0.62421875 0.9222222222222223 0.0625
7 0.5013888888888889 0.48203125 0.9222222222222223 0.046875
7 0.5013888888888889 0.40937500000000004 0.9222222222222223 0.046875
7 0.5006944444444444 0.339453125 0.9236111111111112 0.04453125
17 0.49930555555555556 0.28359375000000003 0.0375 0.0140625
8 0.2902777777777778 0.21171875 0.13055555555555556 0.0734375
8 0.5 0.21171875 0.13055555555555556 0.0734375
8 0.7097222222222223 0.21171875 0.13055555555555556 0.0734375
8 0.9381944444444444 0.063671875 0.051388888888888894 0.02890625
20 0.5006944444444444 0.0140625 0.9986111111111111 0.026562500000000003
