9 0.7451388888888889 0.9519531250000001 0.4652777777777778 0.09609375
9 0.2576388888888889 0.9519531250000001 0.4652777777777778 0.09609375
17 0.15208333333333335 0.8625 0.22916666666666669 0.018750000000000003
17 0.6020833333333333 0.8625 0.1486111111111111 0.018750000000000003
9 0.7458333333333333 0.7093750000000001 0.4666666666666667 0.2625
9 0.2576388888888889 0.7093750000000001 0.4652777777777778 0.2625
8 0.9666666666666667 0.5261718750000001 0.022222222222222223 0.01953125
17 0.6569444444444444 0.525390625 0.5472222222222223 0.017968750000000002
17 0.12916666666666668 0.46015625000000004 0.2 0.0234375
8 0.13402777777777777 0.43046875 0.2152777777777778 0.0203125
17 0.30069444444444443 0.3796875 0.5513888888888889 0.05625
17 0.5458333333333334 0.4296875 0.19722222222222224 0.0140625
17 0.8083333333333333 0.46015625000000004 0.18888888888888888 0.0234375
8 0.8180555555555555 0.43046875 0.2138888888888889 0.0203125
17 0.8548611111111112 0.38046875 0.2902777777777778 0.05625
9 0.8548611111111112 0.22617187500000002 0.2902777777777778 0.21015625000000002
9 0.3541666666666667 0.22617187500000002 0.6555555555555556 0.21015625000000002
8 0.05416666666666667 0.06484375 0.061111111111111116 0.034375
9 0.5 0.06640625 0.2555555555555556 0.034375
18 0.8916666666666667 0.06328125 0.19722222222222224 0.03125
20 0.5006944444444444 0.0171875 0.9986111111111111 0.0328125
