20 0.5006944444444444 0.013671875 0.9986111111111111 0.025781250000000002
8 0.06875 0.07187500000000001 0.04027777777777778 0.021875000000000002
17 0.3284722222222222 0.07265625 0.2986111111111111 0.0234375
17 0.15069444444444444 0.90234375 0.21805555555555556 0.0203125
17 0.12638888888888888 0.8269531250000001 0.16944444444444445 0.01953125
17 0.10555555555555556 0.749609375 0.1277777777777778 0.02109375
17 0.13819444444444445 0.6734375 0.19305555555555556 0.0203125
17 0.17430555555555557 0.59921875 0.27083333333333337 0.025
17 0.18958333333333335 0.5203125000000001 0.2986111111111111 0.0203125
9 0.5006944444444444 0.29609375 0.9986111111111111 0.371875
8 0.10208333333333333 0.9617187500000001 0.04583333333333334 0.0234375
8 0.29930555555555555 0.960546875 0.043055555555555555 0.02421875
8 0.5006944444444444 0.9609375 0.051388888888888894 0.025
8 0.6979166666666667 0.9613281250000001 0.04861111111111111 0.02890625
8 0.8993055555555556 0.9617187500000001 0.051388888888888894 0.028125
