17 0.2125 0.070703125 0.13333333333333333 0.022656250000000003
17 0.34444444444444444 0.17304687500000002 0.3194444444444445 0.030468750000000003
17 0.13958333333333334 0.2984375 0.12361111111111112 0.015625
17 0.24375000000000002 0.32929687500000004 0.3375 0.02421875
17 0.10208333333333333 0.41132812500000004 0.12361111111111112 0.014843750000000001
17 0.10208333333333333 0.451953125 0.13194444444444445 0.022656250000000003
17 0.07430555555555556 0.6019531250000001 0.0763888888888889 0.014843750000000001
17 0.15486111111111112 0.6734375 0.15416666666666667 0.026562500000000003
17 0.12847222222222224 0.7828125 0.10694444444444445 0.026562500000000003
18 0.26180555555555557 0.943359375 0.4569444444444445 0.06328125
18 0.7381944444444445 0.942578125 0.4569444444444445 0.06015625
8 0.9291666666666667 0.503515625 0.061111111111111116 0.03359375
8 0.8951388888888889 0.3140625 0.02638888888888889 0.025
8 0.9090277777777778 0.16796875 0.02638888888888889 0.0203125
8 0.11180555555555556 0.16875 0.09027777777777778 0.0484375
8 0.06805555555555556 0.071484375 0.04722222222222222 0.01953125
20 0.5006944444444444 0.0171875 0.9986111111111111 0.0328125
