17 0.15763888888888888 0.439453125 0.20972222222222223 0.022656250000000003
17 0.2076388888888889 0.341796875 0.30972222222222223 0.022656250000000003
7 0.5006944444444444 0.347265625 0.9041666666666667 0.03359375
7 0.5006944444444444 0.444921875 0.9041666666666667 0.03359375
17 0.25 0.074609375 0.14722222222222223 0.02734375
17 0.5006944444444444 0.26640625 0.4847222222222222 0.018750000000000003
17 0.5006944444444444 0.5183593750000001 0.3819444444444445 0.022656250000000003
18 0.5006944444444444 0.9617187500000001 0.9986111111111111 0.0765625
8 0.920138888888889 0.43984375000000003 0.059722222222222225 0.0234375
8 0.07013888888888889 0.072265625 0.0375 0.02109375
18 0.5006944444444444 0.156640625 0.9208333333333334 0.049218750000000006
18 0.5006944444444444 0.211328125 0.9208333333333334 0.049218750000000006
20 0.5006944444444444 0.0171875 0.9986111111111111 0.0328125
