17 0.17847222222222223 0.878515625 0.17916666666666667 0.02109375
17 0.21736111111111112 0.7875000000000001 0.25972222222222224 0.021875000000000002
17 0.17708333333333334 0.5906250000000001 0.1763888888888889 0.0171875
17 0.13541666666666669 0.49296875 0.09583333333333334 0.0171875
17 0.26319444444444445 0.396484375 0.34861111111111115 0.01640625
7 0.5013888888888889 0.6976562500000001 0.8333333333333334 0.037500000000000006
8 0.9472222222222223 0.06875 0.03888888888888889 0.021875000000000002
8 0.8833333333333334 0.39140625 0.04166666666666667 0.025
8 0.8833333333333334 0.48984375 0.044444444444444446 0.018750000000000003
8 0.8833333333333334 0.586328125 0.030555555555555558 0.025781250000000002
8 0.8805555555555555 0.683203125 0.025 0.00859375
8 0.8708333333333333 0.78125 0.044444444444444446 0.025
8 0.8840277777777779 0.87265625 0.034722222222222224 0.026562500000000003
17 0.46319444444444446 0.96875 0.7569444444444444 0.0546875
17 0.5013888888888889 0.1015625 0.35833333333333334 0.035937500000000004
18 0.5006944444444444 0.17109375000000002 0.8319444444444445 0.0671875
18 0.5013888888888889 0.25078125 0.8333333333333334 0.0671875
7 0.5013888888888889 0.40156250000000004 0.8333333333333334 0.045312500000000006
7 0.5013888888888889 0.5007812500000001 0.8333333333333334 0.040625
7 0.5006944444444444 0.59609375 0.8319444444444445 0.045312500000000006
7 0.5013888888888889 0.78828125 0.8333333333333334 0.0390625
7 0.5006944444444444 0.882421875 0.8319444444444445 0.04609375
17 0.22430555555555556 0.690625 0.2763888888888889 0.018750000000000003
20 0.5006944444444444 0.0171875 0.9986111111111111 0.0328125
