17 0.5006944444444444 0.8519531250000001 0.6847222222222222 0.01953125
17 0.5013888888888889 0.8128906250000001 0.4638888888888889 0.01953125
9 0.5 0.18281250000000002 0.24722222222222223 0.1390625
8 0.9409722222222222 0.07187500000000001 0.04583333333333334 0.025
8 0.8229166666666667 0.0703125 0.04583333333333334 0.029687500000000002
17 0.24861111111111112 0.07265625 0.14166666666666666 0.0203125
8 0.06944444444444445 0.07265625 0.04166666666666667 0.0234375
17 0.27569444444444446 0.427734375 0.2625 0.017968750000000002
18 0.5 0.69140625 0.7333333333333334 0.0625
17 0.5791666666666667 0.55859375 0.1527777777777778 0.015625
17 0.20555555555555557 0.6140625000000001 0.1388888888888889 0.0203125
17 0.22083333333333335 0.558203125 0.17500000000000002 0.01640625
17 0.24583333333333335 0.499609375 0.22222222222222224 0.02109375
17 0.5013888888888889 0.3453125 0.4361111111111111 0.018750000000000003
8 0.857638888888889 0.316015625 0.034722222222222224 0.01953125
7 0.5006944444444444 0.43007812500000003 0.7152777777777778 0.041406250000000006
11 0.5 0.5164062500000001 0.85 0.478125
20 0.5006944444444444 0.0171875 0.9986111111111111 0.0328125
