8 0.11319444444444444 0.26484375 0.05694444444444444 0.029687500000000002
20 0.5006944444444444 0.0171875 0.9986111111111111 0.0328125
8 0.06180555555555556 0.071484375 0.05416666666666667 0.025781250000000002
9 0.17916666666666667 0.14570312500000002 0.2777777777777778 0.08671875000000001
18 0.4486111111111111 0.155078125 0.21666666666666667 0.04453125
9 0.17916666666666667 0.33437500000000003 0.2777777777777778 0.22031250000000002
8 0.4625 0.357421875 0.24166666666666667 0.022656250000000003
18 0.4486111111111111 0.41132812500000004 0.21666666666666667 0.04453125
17 0.6 0.28554687500000003 0.5194444444444445 0.08671875000000001
17 0.8194444444444445 0.358203125 0.23611111111111113 0.014843750000000001
17 0.8361111111111111 0.419921875 0.2 0.02109375
17 0.6236111111111111 0.5421875 0.5666666666666667 0.0859375
8 0.4625 0.612890625 0.24166666666666667 0.022656250000000003
17 0.8354166666666667 0.6136718750000001 0.20416666666666666 0.014843750000000001
8 0.11319444444444444 0.521484375 0.05694444444444444 0.02890625
9 0.17916666666666667 0.590234375 0.2777777777777778 0.21953125
18 0.4479166666666667 0.667578125 0.21805555555555556 0.04453125
17 0.8361111111111111 0.6761718750000001 0.2 0.02109375
17 0.6145833333333334 0.780859375 0.5486111111111112 0.05234375
8 0.4625 0.8347656250000001 0.24166666666666667 0.022656250000000003
17 0.8326388888888889 0.8347656250000001 0.20694444444444446 0.014843750000000001
18 0.4486111111111111 0.913671875 0.21666666666666667 0.04453125
17 0.8347222222222223 0.921875 0.2 0.021875000000000002
8 0.11319444444444444 0.77734375 0.05694444444444444 0.029687500000000002
9 0.17916666666666667 0.84140625 0.2777777777777778 0.209375
8 0.9409722222222222 0.07187500000000001 0.05694444444444444 0.026562500000000003
17 0.8444444444444444 0.16367187500000002 0.18611111111111112 0.02109375
