17 0.10069444444444445 0.9871093750000001 0.059722222222222225 0.014843750000000001
8 0.10069444444444445 0.955078125 0.06805555555555556 0.032031250000000004
20 0.5006944444444444 0.0140625 0.9986111111111111 0.026562500000000003
17 0.27847222222222223 0.478515625 0.22083333333333335 0.02421875
8 0.07013888888888889 0.47578125000000004 0.04583333333333334 0.0421875
17 0.24375000000000002 0.40273437500000003 0.15416666666666667 0.02421875
8 0.07013888888888889 0.4 0.07083333333333333 0.040625
8 0.06944444444444445 0.32265625000000003 0.06944444444444445 0.034375
17 0.27847222222222223 0.323828125 0.2263888888888889 0.01953125
8 0.06944444444444445 0.246875 0.08888888888888889 0.05
17 0.2555555555555556 0.24921875000000002 0.17777777777777778 0.0234375
17 0.11527777777777778 0.133203125 0.14166666666666666 0.02734375
8 0.30069444444444443 0.956640625 0.059722222222222225 0.03671875
8 0.5 0.95703125 0.05555555555555556 0.035937500000000004
17 0.3 0.985546875 0.06944444444444445 0.013281250000000001
17 0.5020833333333333 0.9859375 0.0763888888888889 0.0125
8 0.6986111111111112 0.9554687500000001 0.05277777777777778 0.034375
17 0.7006944444444445 0.985546875 0.08194444444444444 0.013281250000000001
8 0.8993055555555556 0.9593750000000001 0.05416666666666667 0.009375000000000001
17 0.9006944444444445 0.9859375 0.059722222222222225 0.0125
