8 0.06875 0.070703125 0.04027777777777778 0.022656250000000003
17 0.41250000000000003 0.07421875 0.46944444444444444 0.028125
9 0.08333333333333334 0.14765625000000002 0.08611111111111111 0.0328125
5 0.5738703833333333 0.148882991015625 0.7810741 0.02589098203125
17 0.3902777777777778 0.150072336328125 0.4138888888888889 0.02358217265625
9 0.08402777777777778 0.2265625 0.08750000000000001 0.0328125
5 0.5736111111111112 0.226953125 0.7805555555555556 0.025781250000000002
17 0.36875 0.22773437500000002 0.37083333333333335 0.02421875
9 0.08402777777777778 0.30390625000000004 0.08750000000000001 0.0328125
5 0.5738472409722222 0.30507812500000003 0.7810278152777778 0.025781250000000002
17 0.44722222222222224 0.30585937500000004 0.5277777777777778 0.02421875
9 0.08333333333333334 0.382421875 0.08611111111111111 0.032031250000000004
17 0.41805555555555557 0.38203125000000004 0.46944444444444444 0.028125
5 0.5738008291666667 0.382049966015625 0.7810034861111111 0.028141641406249997
9 0.08263888888888889 0.460546875 0.08750000000000001 0.03359375
5 0.5737977770833333 0.46132812500000003 0.7809288875 0.025781250000000002
17 0.3493055555555556 0.46210937500000004 0.33194444444444443 0.02421875
9 0.08402777777777778 0.538671875 0.08750000000000001 0.03359375
5 0.5737615375 0.53946781171875 0.7808564083333335 0.025810623437500003
17 0.34444444444444444 0.53828125 0.32222222222222224 0.0203125
9 0.08402777777777778 0.616796875 0.08750000000000001 0.03359375
5 0.5737692090277778 0.6175781250000001 0.780871751388889 0.025781250000000002
17 0.3965277777777778 0.61640625 0.42638888888888893 0.0203125
9 0.08333333333333334 0.694921875 0.08888888888888889 0.03359375
5 0.5738192243055555 0.6955075503906251 0.7809717819444444 0.025390100781249994
17 0.34097222222222223 0.6960937500000001 0.31527777777777777 0.025
9 0.08263888888888889 0.7722656250000001 0.08750000000000001 0.03359375
5 0.5738015069444445 0.773613667578125 0.7809363472222223 0.02535233515625004
17 0.3513888888888889 0.775 0.33611111111111114 0.0234375
9 0.08333333333333334 0.8503906250000001 0.08888888888888889 0.03359375
5 0.5737654791666668 0.8516912460937501 0.7808642916666667 0.025257492187500043
17 0.3576388888888889 0.8500000000000001 0.34861111111111115 0.0203125
9 0.08263888888888889 0.9285156250000001 0.08750000000000001 0.03359375
5 0.5737452715277779 0.929722023046875 0.7809348847222222 0.026631546093750028
17 0.33333333333333337 0.930859375 0.3 0.02421875
9 0.08402777777777778 0.9949218750000001 0.08750000000000001 0.01015625
20 0.5006944444444444 0.013281250000000001 0.9986111111111111 0.025
