17 0.0951388888888889 0.90546875 0.08750000000000001 0.021875000000000002
17 0.1 0.81953125 0.09722222222222222 0.0171875
17 0.11319444444444444 0.73828125 0.12638888888888888 0.021875000000000002
17 0.15069444444444444 0.65234375 0.19861111111111113 0.0171875
17 0.1375 0.5710937500000001 0.17222222222222222 0.021875000000000002
17 0.10486111111111111 0.48515625 0.10972222222222222 0.0171875
17 0.12638888888888888 0.40156250000000004 0.14722222222222223 0.0171875
17 0.12847222222222224 0.31796875 0.15416666666666667 0.0171875
17 0.15347222222222223 0.234375 0.20694444444444446 0.0171875
17 0.07152777777777779 0.15078125 0.04583333333333334 0.0171875
8 0.9520833333333334 0.07187500000000001 0.0125 0.0234375
8 0.8534722222222223 0.071484375 0.05416666666666667 0.030468750000000003
8 0.7368055555555556 0.071484375 0.059722222222222225 0.03359375
8 0.6194444444444445 0.07109375 0.044444444444444446 0.025
17 0.275 0.0734375 0.19444444444444445 0.026562500000000003
8 0.06944444444444445 0.07187500000000001 0.03888888888888889 0.021875000000000002
20 0.5006944444444444 0.013671875 0.9986111111111111 0.025781250000000002
