8 0.9256944444444445 0.882421875 0.1486111111111111 0.01953125
8 0.5458333333333334 0.882421875 0.2138888888888889 0.01953125
8 0.1326388888888889 0.8480468750000001 0.2152777777777778 0.01953125
17 0.19166666666666668 0.8132812500000001 0.3277777777777778 0.0171875
17 0.5402777777777777 0.9144531250000001 0.20555555555555557 0.014843750000000001
17 0.9215277777777778 0.83125 0.14027777777777778 0.051562500000000004
17 0.925 0.9144531250000001 0.15 0.014843750000000001
17 0.6152777777777778 0.83203125 0.3472222222222222 0.05625
17 0.1951388888888889 0.896484375 0.3402777777777778 0.047656250000000004
8 0.8180555555555555 0.503125 0.2138888888888889 0.0203125
9 0.8548611111111112 0.300390625 0.2902777777777778 0.21015625000000002
17 0.9215277777777778 0.6214843750000001 0.10972222222222222 0.014843750000000001
9 0.6326388888888889 0.7253906250000001 0.3902777777777778 0.13046875
9 0.9256944444444445 0.7250000000000001 0.1486111111111111 0.1296875
9 0.22013888888888888 0.7250000000000001 0.3902777777777778 0.1296875
17 0.545138888888889 0.503515625 0.19861111111111113 0.013281250000000001
17 0.8541666666666667 0.4546875 0.2916666666666667 0.0546875
17 0.24722222222222223 0.61640625 0.4361111111111111 0.025
17 0.8152777777777778 0.534375 0.20277777777777778 0.0234375
17 0.12361111111111112 0.5339843750000001 0.18888888888888888 0.022656250000000003
8 0.1326388888888889 0.503125 0.2152777777777778 0.0203125
17 0.23611111111111113 0.45429687500000004 0.4222222222222222 0.057031250000000006
17 0.9215277777777778 0.15585937500000002 0.10972222222222222 0.014843750000000001
17 0.2638888888888889 0.1546875 0.4666666666666667 0.03125
9 0.3541666666666667 0.300390625 0.6555555555555556 0.21015625000000002
17 0.10208333333333333 0.9929687500000001 0.08472222222222223 0.0140625
17 0.3013888888888889 0.991796875 0.09444444444444444 0.01171875
17 0.5020833333333333 0.9925781250000001 0.10694444444444445 0.014843750000000001
17 0.7020833333333334 0.9925781250000001 0.10972222222222222 0.014843750000000001
17 0.9013888888888889 0.9910156250000001 0.075 0.01171875
8 0.9013888888888889 0.96015625 0.05277777777777778 0.029687500000000002
8 0.701388888888889 0.960546875 0.075 0.032031250000000004
8 0.5020833333333333 0.96015625 0.059722222222222225 0.0328125
8 0.30069444444444443 0.96015625 0.06527777777777778 0.034375
8 0.10138888888888889 0.96015625 0.0638888888888889 0.035937500000000004
8 0.9402777777777778 0.068359375 0.05277777777777778 0.02890625
8 0.8152777777777778 0.06992187500000001 0.06944444444444445 0.02890625
17 0.15972222222222224 0.07109375 0.13333333333333333 0.021875000000000002
8 0.0625 0.070703125 0.05555555555555556 0.025781250000000002
20 0.5006944444444444 0.0171875 0.9986111111111111 0.0328125
