8 0.10069444444444445 0.960546875 0.06527777777777778 0.03671875
8 0.30069444444444443 0.9609375 0.06527777777777778 0.034375
8 0.5020833333333333 0.9597656250000001 0.059722222222222225 0.03359375
8 0.7006944444444445 0.9597656250000001 0.0763888888888889 0.030468750000000003
8 0.9013888888888889 0.960546875 0.05277777777777778 0.030468750000000003
17 0.9027777777777778 0.991796875 0.075 0.01171875
17 0.7020833333333334 0.9925781250000001 0.10972222222222222 0.014843750000000001
17 0.5020833333333333 0.9929687500000001 0.10694444444444445 0.0140625
17 0.30208333333333337 0.99140625 0.09583333333333334 0.0125
17 0.10138888888888889 0.9925781250000001 0.08611111111111111 0.014843750000000001
18 0.5013888888888889 0.688671875 0.6027777777777777 0.05390625
17 0.5020833333333333 0.5875 0.6736111111111112 0.0703125
9 0.5020833333333333 0.34296875000000004 0.5069444444444444 0.30000000000000004
17 0.5027777777777778 0.067578125 0.24722222222222223 0.02109375
20 0.5013888888888889 0.0171875 0.9972222222222222 0.0328125
