17 0.33125 0.074609375 0.30972222222222223 0.02734375
17 0.75 0.14296875 0.2888888888888889 0.0171875
17 0.2513888888888889 0.14296875 0.09444444444444444 0.0171875
17 0.5013888888888889 0.645703125 0.4444444444444445 0.030468750000000003
17 0.5027777777777778 0.978125 0.2111111111111111 0.0171875
8 0.09375 0.960546875 0.04861111111111111 0.02421875
8 0.28125 0.9613281250000001 0.051388888888888894 0.025781250000000002
8 0.5090277777777777 0.95234375 0.059722222222222225 0.029687500000000002
8 0.7215277777777778 0.9613281250000001 0.051388888888888894 0.02890625
8 0.9013888888888889 0.95859375 0.04722222222222222 0.026562500000000003
8 0.06944444444444445 0.07187500000000001 0.05 0.028125
8 0.9416666666666667 0.07109375 0.044444444444444446 0.025
9 0.5013888888888889 0.512109375 0.25 0.17421875
18 0.5006944444444444 0.716796875 0.23472222222222222 0.05078125
20 0.5006944444444444 0.0171875 0.9986111111111111 0.0328125
