17 0.5020833333333333 0.0921875 0.6458333333333334 0.0328125
17 0.5069444444444444 0.5632812500000001 0.8333333333333334 0.05625
17 0.5006944444444444 0.66796875 0.27083333333333337 0.0140625
17 0.5013888888888889 0.966796875 0.5916666666666667 0.01640625
18 0.5006944444444444 0.8828125 0.851388888888889 0.06875
18 0.5 0.794140625 0.8527777777777779 0.06953125
13 0.5 0.7250000000000001 0.2138888888888889 0.015625
9 0.5 0.49140625000000004 0.11388888888888889 0.06406250000000001
9 0.5006944444444444 0.3140625 0.5680555555555555 0.35468750000000004
20 0.5006944444444444 0.0171875 0.9986111111111111 0.0328125
