17 0.10069444444444445 0.08125 0.08194444444444444 0.0171875
17 0.5020833333333333 0.14765625000000002 0.6708333333333334 0.0328125
17 0.3791666666666667 0.269140625 0.13055555555555556 0.025781250000000002
17 0.5444444444444445 0.326953125 0.4666666666666667 0.055468750000000004
17 0.37222222222222223 0.4109375 0.12222222222222223 0.0203125
17 0.5652777777777778 0.46953125 0.513888888888889 0.051562500000000004
17 0.35625 0.555859375 0.08750000000000001 0.01953125
17 0.5652777777777778 0.6160156250000001 0.5055555555555555 0.055468750000000004
17 0.8458333333333333 0.9500000000000001 0.09444444444444444 0.0171875
8 0.920138888888889 0.951171875 0.02638888888888889 0.022656250000000003
13 0.5006944444444444 0.95234375 0.1486111111111111 0.009375000000000001
9 0.17569444444444446 0.581640625 0.11805555555555557 0.02890625
9 0.17430555555555557 0.43867187500000004 0.11527777777777778 0.05078125
9 0.1763888888888889 0.29453125 0.11944444444444445 0.0328125
20 0.5006944444444444 0.0171875 0.9986111111111111 0.0328125
