8 0.8673611111111111 0.9328125 0.15694444444444444 0.0890625
9 0.5 0.971875 0.9222222222222223 0.05625
17 0.23402777777777778 0.903515625 0.38472222222222224 0.01953125
17 0.44027777777777777 0.84921875 0.8027777777777778 0.0546875
9 0.5 0.671484375 0.9222222222222223 0.27421875
17 0.23333333333333334 0.49335937500000004 0.3861111111111111 0.01953125
17 0.4388888888888889 0.43867187500000004 0.7972222222222223 0.05390625
9 0.5013888888888889 0.261328125 0.9222222222222223 0.27421875
9 0.06875 0.072265625 0.059722222222222225 0.03359375
17 0.5 0.06953125 0.3027777777777778 0.021875000000000002
8 0.820138888888889 0.071484375 0.051388888888888894 0.02890625
8 0.9256944444444445 0.0703125 0.04583333333333334 0.025
20 0.5006944444444444 0.0140625 0.9986111111111111 0.026562500000000003
