17 0.5 0.26953125 0.2555555555555556 0.0546875
20 0.5006944444444444 0.019921875000000002 0.9986111111111111 0.03828125
9 0.49375 0.189453125 0.16805555555555557 0.08984375
17 0.5 0.433203125 0.4416666666666667 0.025781250000000002
17 0.5020833333333333 0.4921875 0.6847222222222222 0.05
13 0.5 0.5703125 0.19722222222222224 0.0125
18 0.5006944444444444 0.65234375 0.8458333333333333 0.0671875
18 0.5006944444444444 0.740234375 0.8458333333333333 0.06640625
18 0.5 0.827734375 0.8444444444444444 0.06640625
17 0.5006944444444444 0.915234375 0.5236111111111111 0.01640625
0 0.5006944444444444 0.51953125 0.9986111111111111 0.9609375
