17 0.26805555555555555 0.075390625 0.18055555555555555 0.02890625
8 0.07013888888888889 0.071484375 0.04027777777777778 0.022656250000000003
8 0.8256944444444445 0.071484375 0.04583333333333334 0.025781250000000002
8 0.9416666666666667 0.071484375 0.036111111111111115 0.025781250000000002
8 0.10208333333333333 0.9613281250000001 0.05416666666666667 0.02890625
8 0.30069444444444443 0.962890625 0.059722222222222225 0.025781250000000002
8 0.5 0.9632812500000001 0.05555555555555556 0.03125
8 0.7125 0.95625 0.075 0.0390625
8 0.9006944444444445 0.9617187500000001 0.04583333333333334 0.028125
17 0.5006944444444444 0.54296875 0.6875 0.021875000000000002
17 0.5 0.610546875 0.35833333333333334 0.02421875
9 0.5 0.3828125 0.5972222222222222 0.2234375
20 0.5006944444444444 0.0140625 0.9986111111111111 0.026562500000000003
