17 0.4826388888888889 0.9085937500000001 0.3013888888888889 0.015625
17 0.5368055555555555 0.8703125 0.40972222222222227 0.0203125
17 0.5625 0.68359375 0.46111111111111114 0.0203125
17 0.41597222222222224 0.7214843750000001 0.17083333333333334 0.01640625
17 0.5833333333333334 0.53671875 0.5 0.0203125
17 0.5805555555555556 0.496875 0.5 0.0203125
17 0.3458333333333333 0.0734375 0.3388888888888889 0.026562500000000003
17 0.5819444444444445 0.35000000000000003 0.5 0.0203125
17 0.6375000000000001 0.310546875 0.6138888888888889 0.02109375
17 0.5625 0.9656250000000001 0.45833333333333337 0.0234375
9 0.16180555555555556 0.972265625 0.24583333333333335 0.055468750000000004
8 0.9416666666666667 0.895703125 0.05277777777777778 0.025781250000000002
17 0.6256944444444444 0.80390625 0.5819444444444445 0.0734375
9 0.16111111111111112 0.82734375 0.24444444444444446 0.1375
8 0.9423611111111111 0.708984375 0.051388888888888894 0.025781250000000002
17 0.5868055555555556 0.6136718750000001 0.5069444444444444 0.06796875000000001
9 0.1625 0.640234375 0.24444444444444446 0.13671875
8 0.9423611111111111 0.5222656250000001 0.051388888888888894 0.025781250000000002
17 0.6180555555555556 0.427734375 0.5750000000000001 0.06796875000000001
9 0.1625 0.45390625 0.24444444444444446 0.1375
8 0.9423611111111111 0.3359375 0.051388888888888894 0.025
17 0.6326388888888889 0.24453125 0.5986111111111111 0.0734375
9 0.16180555555555556 0.267578125 0.24305555555555555 0.13671875
8 0.06944444444444445 0.072265625 0.03888888888888889 0.01640625
8 0.9409722222222222 0.07187500000000001 0.04027777777777778 0.025
18 0.9555555555555556 0.14296875 0.08888888888888889 0.045312500000000006
18 0.7173611111111111 0.143359375 0.31527777777777777 0.04453125
18 0.3944444444444445 0.14296875 0.2555555555555556 0.045312500000000006
18 0.13472222222222222 0.143359375 0.19166666666666668 0.04453125
20 0.5006944444444444 0.0171875 0.9986111111111111 0.0328125
