17 0.27083333333333337 0.42304687500000004 0.4027777777777778 0.025781250000000002
18 0.5006944444444444 0.734375 0.9208333333333334 0.065625
18 0.5 0.6531250000000001 0.9222222222222223 0.0671875
17 0.47222222222222227 0.9675781250000001 0.8638888888888889 0.06484375
17 0.49236111111111114 0.884375 0.9013888888888889 0.046875
17 0.5006944444444444 0.59296875 0.06805555555555556 0.0203125
18 0.5 0.51015625 0.9222222222222223 0.06875
7 0.5 0.42109375000000004 0.9222222222222223 0.065625
17 0.5006944444444444 0.34453125 0.8486111111111111 0.0421875
9 0.5888888888888889 0.17265625 0.4444444444444445 0.084375
9 0.2701388888888889 0.16015625 0.15972222222222224 0.1015625
18 0.8729166666666667 0.069140625 0.2152777777777778 0.05078125
20 0.5006944444444444 0.017578125 0.9986111111111111 0.032031250000000004
0 0.5006944444444444 0.516796875 0.9986111111111111 0.96640625
