17 0.6270833333333333 0.256640625 0.30972222222222223 0.01953125
7 0.22430555555555556 0.26210937500000003 0.2625 0.03671875
9 0.5006944444444444 0.899609375 0.9986111111111111 0.20078125000000002
17 0.22986111111111113 0.07500000000000001 0.1875 0.029687500000000002
17 0.3104166666666667 0.14765625000000002 0.13472222222222222 0.018750000000000003
17 0.7597222222222223 0.14765625000000002 0.16111111111111112 0.018750000000000003
17 0.49444444444444446 0.328125 0.8194444444444445 0.0421875
18 0.5 0.40742187500000004 0.8166666666666667 0.05390625
9 0.6451388888888889 0.146484375 0.0375 0.030468750000000003
8 0.20277777777777778 0.146484375 0.05 0.02109375
9 0.12708333333333333 0.25703125 0.0625 0.026562500000000003
8 0.06875 0.07265625 0.0375 0.0203125
17 0.18125 0.259765625 0.04027777777777778 0.017968750000000002
7 0.6881944444444444 0.26328125 0.44027777777777777 0.034375
0 0.5006944444444444 0.516796875 0.9986111111111111 0.96640625
20 0.5006944444444444 0.0171875 0.9986111111111111 0.0328125
