17 0.14027777777777778 0.44921875 0.15555555555555556 0.015625
17 0.17847222222222223 0.35625 0.23194444444444445 0.015625
18 0.5006944444444444 0.8210937500000001 0.9208333333333334 0.0703125
17 0.5013888888888889 0.7421875 0.48055555555555557 0.018750000000000003
17 0.5020833333333333 0.669140625 0.29305555555555557 0.01953125
18 0.5006944444444444 0.5796875 0.9208333333333334 0.0703125
7 0.5006944444444444 0.451171875 0.9208333333333334 0.057031250000000006
7 0.5006944444444444 0.35781250000000003 0.9208333333333334 0.0578125
17 0.13333333333333333 0.40468750000000003 0.1638888888888889 0.0140625
17 0.09722222222222222 0.31093750000000003 0.09166666666666667 0.0140625
17 0.5013888888888889 0.13671875 0.14722222222222223 0.025
8 0.0625 0.06015625 0.025 0.0234375
9 0.37222222222222223 0.06015625 0.04722222222222222 0.029687500000000002
17 0.5291666666666667 0.060546875 0.25 0.02109375
18 0.7534722222222222 0.208984375 0.4152777777777778 0.07109375
18 0.24791666666666667 0.208984375 0.4152777777777778 0.07109375
20 0.5006944444444444 0.013671875 0.9986111111111111 0.025781250000000002
