17 0.6236111111111111 0.962890625 0.5666666666666667 0.055468750000000004
8 0.11319444444444444 0.95625 0.05416666666666667 0.028125
9 0.17916666666666667 0.958203125 0.2777777777777778 0.08359375000000001
8 0.4625 0.7917968750000001 0.2388888888888889 0.02109375
17 0.8381944444444445 0.8546875 0.19861111111111113 0.021875000000000002
18 0.44930555555555557 0.8460937500000001 0.2152777777777778 0.043750000000000004
17 0.8270833333333334 0.792578125 0.22083333333333335 0.014843750000000001
17 0.5888888888888889 0.75703125 0.49444444444444446 0.021875000000000002
17 0.6201388888888889 0.7058593750000001 0.5597222222222222 0.055468750000000004
8 0.11319444444444444 0.7000000000000001 0.05416666666666667 0.028125
9 0.17916666666666667 0.769140625 0.2777777777777778 0.21953125
17 0.8444444444444444 0.598828125 0.18333333333333335 0.02109375
18 0.44930555555555557 0.58984375 0.2152777777777778 0.043750000000000004
17 0.8361111111111111 0.5125000000000001 0.2 0.0140625
8 0.4625 0.51171875 0.24166666666666667 0.021875000000000002
17 0.6048611111111112 0.45820312500000004 0.5291666666666667 0.05234375
8 0.11388888888888889 0.45390625 0.05555555555555556 0.029687500000000002
9 0.17777777777777778 0.51796875 0.2777777777777778 0.209375
17 0.8451388888888889 0.35273437500000004 0.18194444444444446 0.02109375
18 0.4486111111111111 0.34414062500000003 0.21666666666666667 0.04453125
17 0.8361111111111111 0.2328125 0.2 0.0140625
8 0.4625 0.23125 0.24166666666666667 0.021875000000000002
17 0.5680555555555555 0.19648437500000002 0.4527777777777778 0.02109375
8 0.1125 0.20859375000000002 0.05555555555555556 0.029687500000000002
9 0.17916666666666667 0.27265625 0.2777777777777778 0.209375
17 0.2916666666666667 0.12617187500000002 0.5083333333333333 0.03671875
8 0.9402777777777778 0.07109375 0.05555555555555556 0.026562500000000003
8 0.06180555555555556 0.07109375 0.051388888888888894 0.025
20 0.5006944444444444 0.0171875 0.9986111111111111 0.0328125
