17 0.2763888888888889 0.9773437500000001 0.16111111111111112 0.0203125
17 0.39166666666666666 0.9375 0.3944444444444445 0.018750000000000003
17 0.40347222222222223 0.7976562500000001 0.41250000000000003 0.0234375
17 0.2777777777777778 0.83515625 0.16111111111111112 0.0203125
17 0.27569444444444446 0.69296875 0.1625 0.0203125
17 0.26875 0.65546875 0.14305555555555557 0.0234375
17 0.2763888888888889 0.55078125 0.16111111111111112 0.0203125
17 0.40208333333333335 0.51328125 0.41250000000000003 0.0234375
17 0.2763888888888889 0.40937500000000004 0.16111111111111112 0.0203125
17 0.3965277777777778 0.36953125000000003 0.4041666666666667 0.018750000000000003
17 0.27708333333333335 0.2671875 0.1625 0.0203125
17 0.31527777777777777 0.22734375 0.23611111111111113 0.018750000000000003
17 0.3458333333333333 0.0734375 0.3388888888888889 0.026562500000000003
9 0.09861111111111112 0.9597656250000001 0.13611111111111113 0.07734375
9 0.09791666666666667 0.817578125 0.1375 0.07734375
9 0.09791666666666667 0.67578125 0.1375 0.0765625
9 0.09861111111111112 0.533203125 0.13611111111111113 0.07734375
9 0.09861111111111112 0.39140625 0.13333333333333333 0.0765625
9 0.09861111111111112 0.25 0.13611111111111113 0.0765625
18 0.8013888888888889 0.9597656250000001 0.32222222222222224 0.06171875
18 0.8013888888888889 0.81796875 0.32222222222222224 0.060937500000000006
18 0.8013888888888889 0.67578125 0.32222222222222224 0.060937500000000006
18 0.8013888888888889 0.533203125 0.32222222222222224 0.06171875
18 0.8013888888888889 0.39140625 0.32222222222222224 0.060937500000000006
18 0.8013888888888889 0.248828125 0.32222222222222224 0.06171875
17 0.19305555555555556 0.15156250000000002 0.29444444444444445 0.029687500000000002
8 0.9423611111111111 0.072265625 0.04027777777777778 0.025781250000000002
8 0.07013888888888889 0.071484375 0.04027777777777778 0.017968750000000002
20 0.5006944444444444 0.0171875 0.9986111111111111 0.0328125
