17 0.22361111111111112 0.24453125 0.3416666666666667 0.026562500000000003
7 0.46111111111111114 0.248828125 0.8250000000000001 0.03515625
17 0.22986111111111113 0.072265625 0.3791666666666667 0.022656250000000003
17 0.16875 0.14296875 0.27083333333333337 0.0171875
17 0.5013888888888889 0.14296875 0.19444444444444445 0.0171875
17 0.8326388888888889 0.14375000000000002 0.2652777777777778 0.015625
17 0.3111111111111111 0.354296875 0.13333333333333333 0.017968750000000002
17 0.33958333333333335 0.432421875 0.1902777777777778 0.017968750000000002
17 0.29791666666666666 0.512890625 0.10694444444444445 0.02109375
17 0.3354166666666667 0.5886718750000001 0.17916666666666667 0.017968750000000002
17 0.3111111111111111 0.6671875 0.13055555555555556 0.0171875
17 0.3013888888888889 0.7468750000000001 0.11111111111111112 0.021875000000000002
17 0.2965277777777778 0.822265625 0.10138888888888889 0.017968750000000002
17 0.2798611111111111 0.9007812500000001 0.07083333333333333 0.0171875
17 0.12569444444444444 0.9796875 0.08472222222222223 0.015625
17 0.375 0.978125 0.11388888888888889 0.018750000000000003
17 0.6256944444444444 0.9808593750000001 0.1375 0.01953125
17 0.8756944444444444 0.9789062500000001 0.07361111111111111 0.015625
8 0.875 0.95078125 0.04166666666666667 0.0078125
8 0.6256944444444444 0.95078125 0.051388888888888894 0.026562500000000003
8 0.37569444444444444 0.947265625 0.04583333333333334 0.025781250000000002
8 0.12638888888888888 0.9500000000000001 0.05 0.025
9 0.11527777777777778 0.900390625 0.1527777777777778 0.03671875
9 0.11666666666666667 0.822265625 0.1527777777777778 0.02734375
9 0.10902777777777778 0.744140625 0.14027777777777778 0.030468750000000003
9 0.11666666666666667 0.666015625 0.1527777777777778 0.03359375
9 0.11527777777777778 0.587890625 0.1527777777777778 0.032031250000000004
9 0.11666666666666667 0.509375 0.1527777777777778 0.028125
9 0.11597222222222223 0.43125 0.15416666666666667 0.028125
9 0.11666666666666667 0.354296875 0.1527777777777778 0.039843750000000004
8 0.951388888888889 0.24531250000000002 0.05555555555555556 0.03125
20 0.5006944444444444 0.0171875 0.9986111111111111 0.0328125
