17 0.13333333333333333 0.350390625 0.18055555555555555 0.017968750000000002
17 0.17500000000000002 0.27421875 0.2638888888888889 0.018750000000000003
18 0.7479166666666667 0.109765625 0.42638888888888893 0.05078125
9 0.11736111111111111 0.12109375 0.10416666666666667 0.034375
8 0.8930555555555556 0.351171875 0.05555555555555556 0.02109375
17 0.12708333333333333 0.197265625 0.16805555555555557 0.03359375
7 0.48125 0.28359375000000003 0.8847222222222223 0.037500000000000006
7 0.48125 0.361328125 0.8847222222222223 0.041406250000000006
18 0.5 0.937109375 0.9027777777777778 0.06640625
20 0.5006944444444444 0.0171875 0.9986111111111111 0.0328125
