17 0.3388888888888889 0.08945312500000001 0.31666666666666665 0.02734375
17 0.09722222222222222 0.8890625000000001 0.11388888888888889 0.018750000000000003
17 0.17569444444444446 0.8386718750000001 0.27083333333333337 0.04609375
8 0.45208333333333334 0.8246093750000001 0.051388888888888894 0.025781250000000002
9 0.2604166666666667 0.6742187500000001 0.44027777777777777 0.2484375
17 0.5784722222222223 0.888671875 0.1125 0.017968750000000002
17 0.6763888888888889 0.837890625 0.3111111111111111 0.04609375
8 0.9319444444444445 0.8246093750000001 0.05 0.02421875
9 0.7402777777777778 0.6734375 0.4416666666666667 0.2484375
17 0.5777777777777778 0.4921875 0.11388888888888889 0.018750000000000003
17 0.6284722222222222 0.44140625 0.2152777777777778 0.046875
8 0.9326388888888889 0.427734375 0.04861111111111111 0.02421875
9 0.7409722222222223 0.27734375 0.44027777777777777 0.2484375
17 0.09861111111111112 0.4921875 0.11388888888888889 0.018750000000000003
17 0.17430555555555557 0.44140625 0.26805555555555555 0.046875
8 0.4527777777777778 0.42812500000000003 0.05 0.025
9 0.26180555555555557 0.27734375 0.44027777777777777 0.2484375
8 0.11666666666666667 0.08671875000000001 0.04166666666666667 0.025
7 0.5 0.08750000000000001 0.9222222222222223 0.065625
20 0.5006944444444444 0.013671875 0.9986111111111111 0.025781250000000002
8 0.10208333333333333 0.9617187500000001 0.04583333333333334 0.0234375
8 0.29930555555555555 0.960546875 0.043055555555555555 0.02421875
8 0.5 0.9617187500000001 0.05 0.025
8 0.6972222222222223 0.9617187500000001 0.05 0.028125
8 0.9 0.9617187500000001 0.05 0.028125
