8 0.05347222222222223 0.23046875 0.02638888888888889 0.010937500000000001
8 0.05347222222222223 0.278125 0.02638888888888889 0.010937500000000001
8 0.05416666666666667 0.32539062500000004 0.025 0.01015625
20 0.5006944444444444 0.0171875 0.9986111111111111 0.0328125
17 0.5013888888888889 0.146484375 0.49722222222222223 0.022656250000000003
17 0.33055555555555555 0.23164062500000002 0.45 0.02109375
17 0.3888888888888889 0.27968750000000003 0.5638888888888889 0.0203125
17 0.34097222222222223 0.327734375 0.47361111111111115 0.02109375
8 0.06944444444444445 0.071484375 0.03333333333333333 0.01953125
18 0.5013888888888889 0.41328125000000004 0.9222222222222223 0.059375000000000004
18 0.5006944444444444 0.696484375 0.9236111111111112 0.05859375
17 0.5027777777777778 0.55859375 0.6916666666666667 0.029687500000000002
17 0.5020833333333333 0.6312500000000001 0.38472222222222224 0.021875000000000002
17 0.5020833333333333 0.9578125000000001 0.1125 0.018750000000000003
17 0.5013888888888889 0.487109375 0.05277777777777778 0.01953125
