17 0.6270833333333333 0.389453125 0.20416666666666666 0.01953125
17 0.12569444444444444 0.38984375000000004 0.1736111111111111 0.0203125
17 0.19236111111111112 0.71484375 0.3041666666666667 0.0203125
17 0.59375 0.71484375 0.13472222222222222 0.0203125
9 0.7451388888888889 0.87890625 0.4652777777777778 0.2421875
9 0.2576388888888889 0.87890625 0.4652777777777778 0.2421875
9 0.25833333333333336 0.562890625 0.4638888888888889 0.26171875
9 0.7465277777777778 0.562890625 0.4652777777777778 0.26171875
9 0.7458333333333333 0.237109375 0.4666666666666667 0.26171875
9 0.2576388888888889 0.237109375 0.4652777777777778 0.26171875
8 0.05416666666666667 0.06484375 0.061111111111111116 0.034375
9 0.5 0.06640625 0.2555555555555556 0.034375
18 0.8916666666666667 0.063671875 0.19722222222222224 0.032031250000000004
20 0.5006944444444444 0.0171875 0.9986111111111111 0.0328125
