17 0.1826388888888889 0.07187500000000001 0.08472222222222223 0.015625
17 0.17430555555555557 0.667578125 0.24861111111111112 0.01953125
9 0.3013888888888889 0.558203125 0.11666666666666667 0.022656250000000003
17 0.13680555555555557 0.559765625 0.1736111111111111 0.017968750000000002
17 0.35833333333333334 0.6136718750000001 0.6166666666666667 0.055468750000000004
9 0.5013888888888889 0.8617187500000001 0.9027777777777778 0.2765625
9 0.5013888888888889 0.37265625 0.9027777777777778 0.328125
17 0.15 0.143359375 0.1277777777777778 0.014843750000000001
8 0.04583333333333334 0.142578125 0.03888888888888889 0.022656250000000003
17 0.8791666666666667 0.142578125 0.18888888888888888 0.014843750000000001
8 0.9319444444444445 0.07109375 0.04722222222222222 0.03125
8 0.8340277777777778 0.071484375 0.08750000000000001 0.049218750000000006
8 0.07916666666666666 0.07187500000000001 0.03888888888888889 0.021875000000000002
7 0.39305555555555555 0.07187500000000001 0.7472222222222222 0.0546875
20 0.5006944444444444 0.0171875 0.9986111111111111 0.0328125
