17 0.3423611111111111 0.07500000000000001 0.40694444444444444 0.028125
17 0.16875 0.143359375 0.2152777777777778 0.01640625
17 0.5006944444444444 0.143359375 0.19583333333333333 0.01640625
17 0.8340277777777778 0.143359375 0.22361111111111112 0.01640625
17 0.5 0.6234375000000001 0.6305555555555555 0.028125
17 0.5013888888888889 0.6664062500000001 0.8666666666666667 0.021875000000000002
18 0.5013888888888889 0.948828125 0.9416666666666667 0.06953125
9 0.4986111111111111 0.486328125 0.5194444444444445 0.21953125
8 0.07083333333333333 0.07187500000000001 0.036111111111111115 0.0203125
20 0.5006944444444444 0.0171875 0.9986111111111111 0.0328125
