8 0.07013888888888889 0.071484375 0.04027777777777778 0.022656250000000003
17 0.25 0.143359375 0.13055555555555556 0.017968750000000002
17 0.7513888888888889 0.14296875 0.3194444444444445 0.0171875
7 0.5006944444444444 0.25078125 0.9041666666666667 0.035937500000000004
17 0.20833333333333334 0.244140625 0.3111111111111111 0.022656250000000003
8 0.9027777777777778 0.327734375 0.05555555555555556 0.02734375
7 0.5 0.3328125 0.9027777777777778 0.035937500000000004
17 0.15763888888888888 0.32578125 0.20972222222222223 0.021875000000000002
8 0.9027777777777778 0.409765625 0.05555555555555556 0.02734375
7 0.5006944444444444 0.41484375 0.9041666666666667 0.035937500000000004
17 0.24930555555555556 0.4078125 0.39583333333333337 0.021875000000000002
5 0.4701388888888889 0.479296875 0.8625 0.025781250000000002
17 0.40555555555555556 0.48046875 0.7333333333333334 0.0203125
18 0.5013888888888889 0.548046875 0.9027777777777778 0.05078125
17 0.5027777777777778 0.63203125 0.8555555555555556 0.046875
20 0.5006944444444444 0.0171875 0.9986111111111111 0.0328125
