17 0.1638888888888889 0.400390625 0.25 0.02421875
17 0.6166666666666667 0.3984375 0.17500000000000002 0.018750000000000003
17 0.6083333333333334 0.7234375000000001 0.16111111111111112 0.0203125
17 0.12013888888888889 0.7234375000000001 0.1625 0.0203125
9 0.25833333333333336 0.8828125 0.4638888888888889 0.2328125
9 0.7451388888888889 0.8832031250000001 0.4652777777777778 0.23359375000000002
9 0.7451388888888889 0.571484375 0.4652777777777778 0.26171875
9 0.25833333333333336 0.5710937500000001 0.4638888888888889 0.2625
9 0.7451388888888889 0.24570312500000002 0.4652777777777778 0.26171875
9 0.25833333333333336 0.24570312500000002 0.4638888888888889 0.26171875
8 0.05416666666666667 0.064453125 0.061111111111111116 0.03515625
9 0.5 0.066796875 0.2555555555555556 0.03515625
18 0.8902777777777778 0.06406250000000001 0.19722222222222224 0.03125
20 0.5013888888888889 0.017578125 0.9972222222222222 0.032031250000000004
