20 0.5006944444444444 0.0171875 0.9986111111111111 0.0328125
17 0.9472222222222223 0.062890625 0.05555555555555556 0.01640625
9 0.5006944444444444 0.256640625 0.4986111111111111 0.26953125
17 0.5006944444444444 0.46718750000000003 0.7041666666666667 0.046875
13 0.5152777777777778 0.5109375 0.10833333333333334 0.0125
17 0.5020833333333333 0.6312500000000001 0.6986111111111112 0.0203125
7 0.5013888888888889 0.6917968750000001 0.8638888888888889 0.06640625
17 0.5027777777777778 0.692578125 0.37777777777777777 0.01640625
17 0.5013888888888889 0.7683593750000001 0.3138888888888889 0.01640625
5 0.30833333333333335 0.888671875 0.44722222222222224 0.025781250000000002
17 0.34305555555555556 0.890234375 0.37777777777777777 0.01640625
18 0.5006944444444444 0.9617187500000001 0.9986111111111111 0.0765625
