17 0.29305555555555557 0.08945312500000001 0.24166666666666667 0.01953125
17 0.12847222222222224 0.676953125 0.13472222222222222 0.01171875
17 0.19791666666666669 0.7058593750000001 0.27361111111111114 0.017968750000000002
17 0.18958333333333335 0.7371093750000001 0.25416666666666665 0.022656250000000003
17 0.2625 0.765625 0.036111111111111115 0.0140625
8 0.17430555555555557 0.7660156250000001 0.12361111111111112 0.013281250000000001
17 0.08402777777777778 0.765234375 0.04583333333333334 0.014843750000000001
17 0.10277777777777779 0.9808593750000001 0.11666666666666667 0.01171875
17 0.30069444444444443 0.9808593750000001 0.08750000000000001 0.01171875
17 0.49930555555555556 0.9808593750000001 0.07083333333333333 0.01171875
17 0.6993055555555556 0.9808593750000001 0.08194444444444444 0.01171875
17 0.8972222222222223 0.9808593750000001 0.10277777777777779 0.01171875
8 0.8951388888888889 0.9535156250000001 0.059722222222222225 0.03359375
8 0.6979166666666667 0.952734375 0.05694444444444444 0.030468750000000003
8 0.5 0.9535156250000001 0.05277777777777778 0.032031250000000004
8 0.30069444444444443 0.9535156250000001 0.059722222222222225 0.030468750000000003
8 0.10277777777777779 0.953125 0.05 0.03125
18 0.5013888888888889 0.87890625 0.8833333333333334 0.07187500000000001
8 0.6493055555555556 0.79296875 0.12361111111111112 0.0140625
17 0.5479166666666667 0.792578125 0.06527777777777778 0.014843750000000001
17 0.7354166666666667 0.792578125 0.029166666666666667 0.014843750000000001
17 0.6451388888888889 0.7644531250000001 0.2569444444444445 0.022656250000000003
17 0.5861111111111111 0.67734375 0.14166666666666666 0.010937500000000001
17 0.7166666666666667 0.7191406250000001 0.4027777777777778 0.04453125
8 0.6506944444444445 0.4421875 0.12361111111111112 0.0140625
17 0.5486111111111112 0.44179687500000003 0.06666666666666667 0.014843750000000001
17 0.7493055555555556 0.44140625 0.05416666666666667 0.0140625
17 0.6458333333333334 0.41250000000000003 0.25833333333333336 0.0234375
17 0.6131944444444445 0.32539062500000004 0.19583333333333333 0.01171875
17 0.7229166666666667 0.369921875 0.41250000000000003 0.049218750000000006
8 0.19375 0.44179687500000003 0.12361111111111112 0.013281250000000001
17 0.09375 0.44140625 0.06527777777777778 0.0140625
17 0.29305555555555557 0.44179687500000003 0.058333333333333334 0.014843750000000001
17 0.1902777777777778 0.412890625 0.2555555555555556 0.022656250000000003
17 0.14097222222222222 0.326171875 0.15972222222222224 0.01171875
17 0.2465277777777778 0.37031250000000004 0.37083333333333335 0.0484375
8 0.4305555555555556 0.521875 0.036111111111111115 0.018750000000000003
9 0.27361111111111114 0.5710937500000001 0.425 0.15937500000000002
8 0.8861111111111112 0.521875 0.036111111111111115 0.018750000000000003
9 0.7277777777777779 0.5710937500000001 0.425 0.15937500000000002
8 0.8847222222222223 0.170703125 0.03888888888888889 0.01953125
9 0.7277777777777779 0.21992187500000002 0.425 0.16015625
8 0.4305555555555556 0.1703125 0.036111111111111115 0.0171875
9 0.27361111111111114 0.21992187500000002 0.425 0.16015625
8 0.125 0.091015625 0.02777777777777778 0.014843750000000001
7 0.5013888888888889 0.090234375 0.8694444444444445 0.06640625
20 0.5006944444444444 0.013671875 0.9986111111111111 0.025781250000000002
