17 0.9256944444444445 0.8210937500000001 0.1486111111111111 0.051562500000000004
17 0.5951388888888889 0.8207031250000001 0.30972222222222223 0.05234375
17 0.21319444444444446 0.8226562500000001 0.37083333333333335 0.05625
17 0.3715277777777778 0.6101562500000001 0.6847222222222222 0.03125
8 0.9256944444444445 0.393359375 0.1486111111111111 0.01953125
17 0.9263888888888889 0.35859375000000004 0.14722222222222223 0.0171875
17 0.925 0.455078125 0.15 0.07421875
8 0.5465277777777778 0.39296875000000003 0.2152777777777778 0.0203125
17 0.5555555555555556 0.36054687500000004 0.22777777777777777 0.02109375
17 0.6229166666666667 0.45742187500000003 0.3680555555555556 0.07734375
8 0.13333333333333333 0.393359375 0.2138888888888889 0.01953125
17 0.14722222222222223 0.35859375000000004 0.24166666666666667 0.0171875
17 0.2125 0.456640625 0.375 0.07578125000000001
9 0.9256944444444445 0.716015625 0.1486111111111111 0.13046875
9 0.6326388888888889 0.716015625 0.3902777777777778 0.13046875
9 0.22013888888888888 0.716015625 0.3902777777777778 0.13046875
9 0.9256944444444445 0.271484375 0.1486111111111111 0.13046875
9 0.6319444444444444 0.271484375 0.3888888888888889 0.13046875
9 0.22083333333333335 0.27109375 0.3888888888888889 0.13125
17 0.9215277777777778 0.166796875 0.10972222222222222 0.014843750000000001
17 0.2520833333333333 0.162890625 0.44583333333333336 0.02421875
17 0.10138888888888889 0.9925781250000001 0.08611111111111111 0.014843750000000001
17 0.3013888888888889 0.99140625 0.09444444444444444 0.0125
17 0.5020833333333333 0.9925781250000001 0.10694444444444445 0.014843750000000001
17 0.7020833333333334 0.9925781250000001 0.10972222222222222 0.014843750000000001
17 0.9027777777777778 0.991796875 0.075 0.01171875
8 0.9013888888888889 0.960546875 0.05277777777777778 0.030468750000000003
8 0.701388888888889 0.9609375 0.075 0.03125
8 0.5020833333333333 0.9593750000000001 0.059722222222222225 0.0328125
8 0.30069444444444443 0.96015625 0.06527777777777778 0.034375
8 0.10069444444444445 0.9597656250000001 0.06527777777777778 0.03671875
8 0.9402777777777778 0.06875 0.05277777777777778 0.029687500000000002
8 0.8159722222222222 0.06953125 0.07083333333333333 0.029687500000000002
17 0.15972222222222224 0.07109375 0.13333333333333333 0.021875000000000002
8 0.0625 0.07109375 0.05555555555555556 0.026562500000000003
20 0.5006944444444444 0.0171875 0.9986111111111111 0.0328125
