17 0.5020833333333333 0.191796875 0.826388888888889 0.05859375
17 0.5013888888888889 0.43398437500000003 0.6527777777777778 0.025781250000000002
17 0.45069444444444445 0.833203125 0.6291666666666667 0.025781250000000002
17 0.5006944444444444 0.91953125 0.22083333333333335 0.0203125
17 0.44722222222222224 0.9675781250000001 0.10277777777777779 0.02109375
17 0.6222222222222222 0.9675781250000001 0.15 0.02109375
17 0.8173611111111111 0.9671875000000001 0.14027777777777778 0.021875000000000002
17 0.2638888888888889 0.9691406250000001 0.16944444444444445 0.017968750000000002
9 0.1423611111111111 0.968359375 0.0625 0.02109375
9 0.5013888888888889 0.10546875 0.7305555555555556 0.05
9 0.5013888888888889 0.325 0.24444444444444446 0.1375
13 0.5006944444444444 0.49140625000000004 0.12916666666666668 0.0125
18 0.5013888888888889 0.74609375 0.7277777777777779 0.07187500000000001
18 0.5013888888888889 0.6531250000000001 0.7277777777777779 0.07187500000000001
18 0.5013888888888889 0.56015625 0.7277777777777779 0.07187500000000001
20 0.5006944444444444 0.0171875 0.9986111111111111 0.0328125
