9 0.500402576489533 0.9141757246376812 0.999194847020934 0.0384963768115942
17 0.500402576489533 0.06295289855072464 0.3663446054750403 0.02355072463768116
17 0.8619162640901772 0.1949728260869565 0.1956521739130435 0.030344202898550724
17 0.7604669887278583 0.39787137681159424 0.39533011272141705 0.036684782608695655
17 0.6912238325281803 0.5948822463768116 0.5370370370370371 0.030344202898550724
17 0.8115942028985508 0.7948369565217391 0.2898550724637681 0.030797101449275364
17 0.9001610305958132 0.9913949275362319 0.143317230273752 0.01358695652173913
17 0.6988727858293076 0.9913949275362319 0.12238325281803543 0.01358695652173913
17 0.5 0.9902626811594203 0.0853462157809984 0.011322463768115942
17 0.30152979066022545 0.9902626811594203 0.07326892109500806 0.011322463768115942
17 0.10104669887278583 0.9904891304347826 0.07326892109500806 0.010869565217391304
8 0.10024154589371981 0.9590126811594203 0.05233494363929146 0.025815217391304348
8 0.3003220611916264 0.9581068840579711 0.04508856682769726 0.029438405797101448
8 0.499194847020934 0.9590126811594203 0.04830917874396135 0.0276268115942029
8 0.6988727858293076 0.9592391304347826 0.043478260869565216 0.028985507246376812
9 0.8989533011272142 0.9590126811594203 0.071658615136876 0.026721014492753624
9 0.500402576489533 0.7950634057971014 0.999194847020934 0.19972826086956522
9 0.500402576489533 0.1958786231884058 0.999194847020934 0.19972826086956522
9 0.500402576489533 0.3951539855072464 0.999194847020934 0.19972826086956522
9 0.500402576489533 0.5953351449275363 0.999194847020934 0.19972826086956522
20 0.500402576489533 0.011322463768115942 0.999194847020934 0.021739130434782608
