17 0.3035426731078905 0.348731884057971 0.1529790660225443 0.01177536231884058
17 0.26610305958132047 0.4216485507246377 0.07971014492753623 0.015398550724637682
17 0.30112721417069244 0.49773550724637683 0.14814814814814814 0.019021739130434784
8 0.142914653784219 0.49682971014492755 0.04428341384863124 0.028985507246376812
8 0.14210950080515297 0.422554347826087 0.050724637681159424 0.021739130434782608
8 0.14170692431561996 0.3473731884057971 0.04186795491143317 0.028985507246376812
20 0.500402576489533 0.011322463768115942 0.999194847020934 0.021739130434782608
8 0.055958132045088566 0.057291666666666664 0.020128824476650563 0.020380434782608696
17 0.3035426731078905 0.2472826086956522 0.143317230273752 0.021739130434782608
17 0.6932367149758454 0.24705615942028986 0.09822866344605476 0.022192028985507248
7 0.5 0.3475996376811594 0.8309178743961353 0.06114130434782609
7 0.5 0.42232789855072467 0.8309178743961353 0.06114130434782609
7 0.5 0.49705615942028986 0.8309178743961353 0.06114130434782609
18 0.5 0.5853713768115942 0.8309178743961353 0.06114130434782609
17 0.46296296296296297 0.6478713768115942 0.7536231884057971 0.014039855072463768
17 0.500402576489533 0.7155797101449275 0.1570048309178744 0.014492753623188406
18 0.2809983896940419 0.7785326086956522 0.391304347826087 0.06159420289855073
18 0.7198067632850241 0.7785326086956522 0.391304347826087 0.06159420289855073
9 0.500402576489533 0.14107789855072464 0.999194847020934 0.28125
