17 0.17028985507246377 0.07178442028985507 0.04428341384863124 0.016757246376811596
9 0.07930756843800323 0.07155797101449275 0.0861513687600644 0.036231884057971016
9 0.500402576489533 0.18953804347826086 0.34863123993558776 0.17980072463768115
17 0.499597423510467 0.4413496376811594 0.8719806763285024 0.025815217391304348
17 0.499597423510467 0.5167572463768116 0.855877616747182 0.05615942028985507
18 0.500805152979066 0.6068840579710145 0.927536231884058 0.06884057971014493
18 0.500402576489533 0.9456521739130435 0.928341384863124 0.06884057971014493
17 0.49879227053140096 0.8811141304347826 0.35829307568438 0.018568840579710144
0 0.500402576489533 0.5110960144927537 0.999194847020934 0.9778079710144928
20 0.500402576489533 0.011322463768115942 0.999194847020934 0.021739130434782608
