17 0.14855072463768115 0.059329710144927536 0.14895330112721417 0.022644927536231884
17 0.500805152979066 0.057291666666666664 0.1723027375201288 0.018568840579710144
17 0.2809983896940419 0.14243659420289856 0.46215780998389694 0.014039855072463768
17 0.27375201288244766 0.1872735507246377 0.23349436392914655 0.018568840579710144
17 0.37278582930756843 0.2160326086956522 0.4331723027375201 0.016304347826086956
17 0.2322866344605475 0.317481884057971 0.3647342995169082 0.018115942028985508
17 0.23067632850241546 0.37726449275362317 0.36312399355877617 0.018115942028985508
17 0.8796296296296297 0.3177083333333333 0.0571658615136876 0.018568840579710144
17 0.8796296296296297 0.37749094202898553 0.0571658615136876 0.018568840579710144
17 0.19082125603864733 0.436820652173913 0.28019323671497587 0.018568840579710144
17 0.25 0.49660326086956524 0.4001610305958132 0.018568840579710144
17 0.09541062801932366 0.5586503623188406 0.0893719806763285 0.022192028985507248
17 0.717391304347826 0.5566123188405797 0.38164251207729466 0.018115942028985508
17 0.22665056360708535 0.6163949275362319 0.3502415458937198 0.018115942028985508
17 0.18357487922705315 0.676177536231884 0.26570048309178745 0.018115942028985508
17 0.20531400966183574 0.735733695652174 0.3059581320450886 0.018568840579710144
17 0.24919484702093397 0.7975543478260869 0.393719806763285 0.022644927536231884
17 0.8542673107890499 0.7364130434782609 0.10789049919484701 0.017210144927536232
8 0.04589371980676329 0.057744565217391304 0.030595813204508857 0.029438405797101448
9 0.08413848631239935 0.19972826086956522 0.071658615136876 0.03985507246376812
8 0.9424315619967794 0.20131340579710144 0.020128824476650563 0.018568840579710144
8 0.9424315619967794 0.31657608695652173 0.020128824476650563 0.018115942028985508
8 0.9424315619967794 0.37658514492753625 0.020128824476650563 0.018568840579710144
16 0.8904991948470209 0.43591485507246375 0.12399355877616747 0.04302536231884058
16 0.8900966183574879 0.4961503623188406 0.1247987117552335 0.04302536231884058
8 0.9420289855072463 0.5554800724637681 0.020933977455716585 0.018568840579710144
8 0.9424315619967794 0.6152626811594203 0.020128824476650563 0.018568840579710144
8 0.9424315619967794 0.6752717391304348 0.020128824476650563 0.018115942028985508
8 0.9424315619967794 0.7350543478260869 0.020128824476650563 0.018115942028985508
16 0.8904991948470209 0.7946105072463768 0.12399355877616747 0.04302536231884058
20 0.500402576489533 0.011322463768115942 0.999194847020934 0.021739130434782608
