17 0.501207729468599 0.27921195652173914 0.7447665056360708 0.06748188405797101
17 0.500805152979066 0.6066576086956522 0.4782608695652174 0.021286231884057972
17 0.500402576489533 0.8247282608695652 0.5756843800322061 0.019021739130434784
17 0.16666666666666666 0.9907155797101449 0.1320450885668277 0.010416666666666666
17 0.5 0.9902626811594203 0.1497584541062802 0.011322463768115942
17 0.8333333333333334 0.9913949275362319 0.09178743961352658 0.01358695652173913
9 0.499597423510467 0.7180706521739131 0.3615136876006441 0.1598731884057971
9 0.16706924315619967 0.9594655797101449 0.04911433172302738 0.03306159420289855
8 0.499597423510467 0.9592391304347826 0.05877616747181964 0.03351449275362319
8 0.8329307568438004 0.9590126811594203 0.0571658615136876 0.03215579710144927
18 0.26851851851851855 0.8788496376811594 0.44524959742351045 0.06567028985507246
18 0.7322866344605475 0.8788496376811594 0.44524959742351045 0.06567028985507246
9 0.500402576489533 0.28170289855072467 0.999194847020934 0.5625
