9 0.5 0.0672554347826087 0.27375201288244766 0.042119565217391304
17 0.9158615136876006 0.06680253623188406 0.0893719806763285 0.016757246376811596
17 0.10466988727858292 0.0672554347826087 0.07729468599033816 0.016757246376811596
8 0.042270531400966184 0.06793478260869565 0.016908212560386472 0.014492753623188406
7 0.500402576489533 0.14492753623188406 0.8800322061191627 0.030797101449275364
17 0.1497584541062802 0.13768115942028986 0.17391304347826086 0.015398550724637682
7 0.500402576489533 0.21988224637681159 0.8800322061191627 0.030344202898550724
17 0.14855072463768115 0.21240942028985507 0.17149758454106281 0.015398550724637682
7 0.500402576489533 0.29415760869565216 0.8800322061191627 0.03125
17 0.10547504025764895 0.2866847826086957 0.0853462157809984 0.016304347826086956
7 0.500402576489533 0.3688858695652174 0.8800322061191627 0.03125
17 0.14049919484702095 0.36141304347826086 0.15539452495974235 0.016304347826086956
8 0.8896940418679549 0.3639039855072464 0.043478260869565216 0.01585144927536232
17 0.45169082125603865 0.416893115942029 0.7809983896940419 0.04121376811594203
7 0.500805152979066 0.49773550724637683 0.8792270531400966 0.030797101449275364
5 0.28743961352657005 0.546875 0.45410628019323673 0.024909420289855072
17 0.32286634460547503 0.5477807971014493 0.3832528180354267 0.020380434782608696
5 0.4919484702093398 0.6186594202898551 0.8615136876006442 0.08514492753623189
17 0.5265700483091788 0.6265851449275363 0.7922705314009661 0.06929347826086957
16 0.1034621578099839 0.7049365942028986 0.0861513687600644 0.03215579710144927
17 0.3136070853462158 0.7056159420289855 0.29549114331723025 0.020833333333333332
16 0.1034621578099839 0.7592844202898551 0.0861513687600644 0.03215579710144927
17 0.29025764895330114 0.7579257246376812 0.2471819645732689 0.016757246376811596
16 0.1034621578099839 0.8136322463768116 0.0861513687600644 0.03215579710144927
17 0.35829307568438 0.8145380434782609 0.38486312399355876 0.020380434782608696
18 0.500805152979066 0.917572463768116 0.394524959742351 0.0552536231884058
17 0.49879227053140096 0.9762228260869565 0.49033816425120774 0.01947463768115942
20 0.500402576489533 0.011322463768115942 0.999194847020934 0.021739130434782608
