17 0.19363929146537842 0.06476449275362318 0.1215780998389694 0.017210144927536232
17 0.49838969404186795 0.2547554347826087 0.07568438003220612 0.023097826086956524
8 0.0853462157809984 0.0649909420289855 0.030595813204508857 0.017663043478260868
17 0.5 0.13519021739130435 0.2689210950080515 0.023097826086956524
17 0.500805152979066 0.19519927536231885 0.1320450885668277 0.02355072463768116
17 0.499194847020934 0.31431159420289856 0.18679549114331723 0.02355072463768116
17 0.5 0.37228260869565216 0.0966183574879227 0.019021739130434784
17 0.5 0.43410326086956524 0.05314009661835749 0.023097826086956524
17 0.501610305958132 0.4938858695652174 0.09339774557165861 0.024003623188405796
17 0.501207729468599 0.5536684782608696 0.071658615136876 0.023097826086956524
17 0.500402576489533 0.6134510869565217 0.20209339774557167 0.023097826086956524
17 0.5020128824476651 0.6711956521739131 0.04911433172302738 0.018115942028985508
17 0.500402576489533 0.7334692028985508 0.07326892109500806 0.014039855072463768
17 0.500805152979066 0.791213768115942 0.0966183574879227 0.017210144927536232
17 0.499597423510467 0.8500905797101449 0.14412238325281804 0.019021739130434784
17 0.0998389694041868 0.9904891304347826 0.10305958132045089 0.010869565217391304
17 0.3003220611916264 0.9904891304347826 0.08051529790660225 0.010869565217391304
17 0.5 0.9916213768115942 0.13848631239935588 0.013134057971014492
17 0.6988727858293076 0.9902626811594203 0.09339774557165861 0.011322463768115942
17 0.8985507246376812 0.9907155797101449 0.0966183574879227 0.010416666666666666
8 0.10104669887278583 0.9592391304347826 0.05877616747181964 0.03170289855072464
8 0.2995169082125604 0.9594655797101449 0.05314009661835749 0.030344202898550724
8 0.499597423510467 0.9594655797101449 0.05394524959742351 0.030344202898550724
8 0.6992753623188406 0.9585597826086957 0.05394524959742351 0.026721014492753624
8 0.8993558776167472 0.9590126811594203 0.05475040257648953 0.030344202898550724
7 0.5 0.06544384057971014 0.9033816425120773 0.049365942028985504
20 0.500402576489533 0.011322463768115942 0.999194847020934 0.021739130434782608
