8 0.5656199677938808 0.8883605072463768 0.039452495974235106 0.017663043478260868
17 0.40942028985507245 0.059103260869565216 0.26972624798711753 0.020380434782608696
17 0.35466988727858295 0.12115036231884058 0.35185185185185186 0.018568840579710144
17 0.8405797101449275 0.12092391304347826 0.214170692431562 0.018115942028985508
17 0.75 0.31929347826086957 0.40660225442834136 0.06521739130434782
17 0.749194847020934 0.3688858695652174 0.09581320450885668 0.01585144927536232
17 0.6243961352657005 0.3944746376811594 0.15539452495974235 0.012681159420289856
17 0.6127214170692431 0.41530797101449274 0.1320450885668277 0.015398550724637682
17 0.7532206119162641 0.48029891304347827 0.2971014492753623 0.05661231884057971
17 0.6735104669887279 0.5260416666666666 0.1537842190016103 0.013134057971014492
17 0.7592592592592593 0.6838768115942029 0.42673107890499196 0.06159420289855073
17 0.7435587761674718 0.7321105072463768 0.08454106280193237 0.01585144927536232
17 0.6243961352657005 0.7576992753623188 0.1570048309178744 0.01177536231884058
17 0.6107085346215781 0.7787590579710145 0.1280193236714976 0.014945652173913044
17 0.7532206119162641 0.84375 0.2971014492753623 0.05615942028985507
17 0.6735104669887279 0.8897192028985508 0.1537842190016103 0.013134057971014492
18 0.5 0.9553894927536232 0.23349436392914655 0.04664855072463768
9 0.5652173913043478 0.8430706521739131 0.043478260869565216 0.014945652173913044
9 0.5648148148148148 0.823143115942029 0.04106280193236715 0.014039855072463768
8 0.6231884057971014 0.7309782608695652 0.143317230273752 0.016304347826086956
8 0.5656199677938808 0.5253623188405797 0.039452495974235106 0.018115942028985508
9 0.5652173913043478 0.4798460144927536 0.043478260869565216 0.014945652173913044
9 0.5648148148148148 0.4592391304347826 0.04106280193236715 0.014492753623188406
8 0.6231884057971014 0.36752717391304346 0.143317230273752 0.016757246376811596
8 0.821658615136876 0.18682065217391305 0.026570048309178744 0.008605072463768116
8 0.5929951690821256 0.18682065217391305 0.026570048309178744 0.008605072463768116
8 0.3965378421900161 0.18682065217391305 0.026570048309178744 0.008605072463768116
16 0.10064412238325282 0.11933876811594203 0.0998389694041868 0.034873188405797104
8 0.06602254428341385 0.05434782608695652 0.05475040257648953 0.025362318840579712
8 0.7391304347826086 0.05706521739130435 0.04508856682769726 0.024456521739130436
8 0.8333333333333334 0.058197463768115944 0.0499194847020934 0.026721014492753624
8 0.927536231884058 0.057744565217391304 0.05475040257648953 0.029438405797101448
18 0.12962962962962962 0.18636775362318841 0.18679549114331723 0.043931159420289856
18 0.33735909822866345 0.18636775362318841 0.20611916264090177 0.043931159420289856
18 0.5442834138486312 0.18636775362318841 0.18518518518518517 0.043931159420289856
18 0.7572463768115942 0.18636775362318841 0.21658615136876005 0.043931159420289856
18 0.9384057971014492 0.18636775362318841 0.12318840579710146 0.043931159420289856
9 0.27294685990338163 0.4048913043478261 0.5072463768115942 0.1802536231884058
9 0.27334943639291465 0.7719655797101449 0.5080515297906603 0.17980072463768115
20 0.500402576489533 0.011322463768115942 0.999194847020934 0.021739130434782608
