9 0.500402576489533 0.8634510869565217 0.9219001610305958 0.13994565217391305
17 0.48792270531400966 0.717391304347826 0.8196457326892109 0.04619565217391305
17 0.4190821256038647 0.6433423913043478 0.6755233494363929 0.020380434782608696
17 0.2463768115942029 0.5878623188405797 0.3365539452495974 0.01358695652173913
9 0.8840579710144928 0.5543478260869565 0.07729468599033816 0.043478260869565216
9 0.500402576489533 0.2955163043478261 0.9219001610305958 0.5176630434782609
17 0.8333333333333334 0.9891304347826088 0.08051529790660225 0.01177536231884058
17 0.500402576489533 0.9904891304347826 0.11030595813204509 0.014492753623188406
17 0.16747181964573268 0.9891304347826088 0.08373590982286634 0.01177536231884058
8 0.1678743961352657 0.9576539855072463 0.05233494363929146 0.025815217391304348
9 0.499194847020934 0.9569746376811594 0.043478260869565216 0.030797101449275364
8 0.8321256038647343 0.9578804347826088 0.0426731078904992 0.025362318840579712
20 0.500402576489533 0.014039855072463768 0.999194847020934 0.02717391304347826
