8 0.9335748792270532 0.563858695652174 0.016908212560386472 0.018115942028985508
8 0.9339774557165862 0.6997282608695652 0.01610305958132045 0.018115942028985508
8 0.9339774557165862 0.8355978260869565 0.01610305958132045 0.018115942028985508
17 0.3639291465378422 0.5636322463768116 0.1706924315619968 0.016757246376811596
17 0.3389694041867955 0.701766304347826 0.12399355877616747 0.021286231884057972
17 0.32407407407407407 0.8351449275362319 0.09098228663446055 0.017210144927536232
17 0.500402576489533 0.9528985507246377 0.9009661835748792 0.051630434782608696
8 0.07809983896940419 0.057518115942028984 0.04508856682769726 0.025362318840579712
9 0.500402576489533 0.22576992753623187 0.35668276972624796 0.2105978260869565
17 0.500805152979066 0.3915307971014493 0.5040257648953301 0.036684782608695655
13 0.501207729468599 0.42821557971014496 0.061996779388083734 0.006793478260869565
17 0.4971819645732689 0.45991847826086957 0.5144927536231884 0.012228260869565218
8 0.142914653784219 0.8351449275362319 0.07326892109500806 0.03260869565217391
8 0.14371980676328502 0.6997282608695652 0.071658615136876 0.041666666666666664
8 0.143317230273752 0.563858695652174 0.07407407407407407 0.041666666666666664
20 0.500402576489533 0.011322463768115942 0.999194847020934 0.021739130434782608
