17 0.11553945249597423 0.5253623188405797 0.12962962962962962 0.018115942028985508
17 0.0893719806763285 0.4433876811594203 0.07568438003220612 0.019021739130434784
9 0.500402576489533 0.1793478260869565 0.16988727858293076 0.10235507246376811
18 0.500402576489533 0.6591938405797102 0.9041867954911433 0.06838768115942029
17 0.427938808373591 0.733016304347826 0.29066022544283415 0.016757246376811596
17 0.6557971014492754 0.7346014492753623 0.1247987117552335 0.02355072463768116
17 0.8671497584541062 0.5930706521739131 0.21578099838969403 0.021286231884057972
7 0.500402576489533 0.529891304347826 0.9025764895330113 0.028079710144927536
7 0.5 0.448143115942029 0.9033816425120773 0.028532608695652176
20 0.500402576489533 0.011096014492753624 0.999194847020934 0.021286231884057972
8 0.07447665056360708 0.057291666666666664 0.050724637681159424 0.028532608695652176
