17 0.499597423510467 0.15828804347826086 0.4388083735909823 0.08922101449275363
17 0.499597423510467 0.35778985507246375 0.8043478260869565 0.042572463768115944
17 0.500805152979066 0.3163496376811594 0.22705314009661837 0.022192028985507248
17 0.5 0.48754528985507245 0.4025764895330113 0.018568840579710144
17 0.49879227053140096 0.5192481884057971 0.8107890499194848 0.018568840579710144
17 0.501207729468599 0.6399456521739131 0.4082125603864734 0.02355072463768116
17 0.5 0.6813858695652174 0.8309178743961353 0.04302536231884058
17 0.5 0.7531702898550725 0.11916264090177134 0.01358695652173913
17 0.5 0.839447463768116 0.5394524959742351 0.013134057971014492
17 0.501610305958132 0.9676177536231885 0.14009661835748793 0.014039855072463768
17 0.499194847020934 0.7932518115942029 0.4057971014492754 0.03759057971014493
9 0.5 0.2604166666666667 0.09822866344605476 0.0552536231884058
8 0.5 0.43432971014492755 0.09822866344605476 0.0552536231884058
9 0.5 0.583786231884058 0.09822866344605476 0.0552536231884058
18 0.500402576489533 0.8967391304347826 0.8848631239935588 0.0661231884057971
20 0.500402576489533 0.011322463768115942 0.999194847020934 0.021739130434782608
