17 0.18035426731078905 0.06521739130434782 0.11916264090177134 0.017210144927536232
9 0.500805152979066 0.4988677536231884 0.2898550724637681 0.17527173913043478
8 0.8993558776167472 0.9592391304347826 0.0499194847020934 0.008152173913043478
8 0.6992753623188406 0.9596920289855072 0.0426731078904992 0.025362318840579712
8 0.499194847020934 0.9590126811594203 0.0499194847020934 0.024003623188405796
8 0.29589371980676327 0.9590126811594203 0.06038647342995169 0.029438405797101448
8 0.10064412238325282 0.9590126811594203 0.0499194847020934 0.0276268115942029
17 0.10064412238325282 0.9904891304347826 0.05475040257648953 0.010869565217391304
17 0.3003220611916264 0.9907155797101449 0.08051529790660225 0.011322463768115942
17 0.499194847020934 0.9909420289855072 0.06763285024154589 0.010869565217391304
17 0.8993558776167472 0.9907155797101449 0.057971014492753624 0.010416666666666666
17 0.6992753623188406 0.9904891304347826 0.07004830917874397 0.010869565217391304
17 0.499597423510467 0.644927536231884 0.7721417069243156 0.02717391304347826
17 0.16666666666666666 0.1308876811594203 0.07890499194847021 0.017210144927536232
17 0.49879227053140096 0.13066123188405798 0.2278582930756844 0.017663043478260868
17 0.8345410628019324 0.13292572463768115 0.07809983896940419 0.020380434782608696
17 0.8985507246376812 0.06589673913043478 0.10305958132045089 0.017663043478260868
8 0.0853462157809984 0.06544384057971014 0.03542673107890499 0.01947463768115942
7 0.43760064412238325 0.06567028985507246 0.7769726247987118 0.049818840579710144
20 0.500402576489533 0.011322463768115942 0.999194847020934 0.021739130434782608
