8 0.06964573268921095 0.05683876811594203 0.0426731078904992 0.024003623188405796
17 0.499194847020934 0.059103260869565216 0.12560386473429952 0.024003623188405796
7 0.500805152979066 0.16417572463768115 0.8067632850241546 0.03759057971014493
17 0.15901771336553946 0.15466485507246377 0.11835748792270531 0.018568840579710144
17 0.20128824476650564 0.24932065217391305 0.2028985507246377 0.01947463768115942
7 0.500805152979066 0.25883152173913043 0.8067632850241546 0.03759057971014493
17 0.8530595813204509 0.2513586956521739 0.09742351046698873 0.016304347826086956
5 0.27334943639291465 0.32042572463768115 0.3534621578099839 0.03215579710144927
17 0.3115942028985507 0.3211050724637681 0.27697262479871176 0.017210144927536232
18 0.500805152979066 0.41055253623188404 0.8067632850241546 0.06838768115942029
17 0.6892109500805152 0.4773550724637681 0.28019323671497587 0.015398550724637682
17 0.2773752012882448 0.47758152173913043 0.35668276972624796 0.014945652173913044
20 0.500402576489533 0.011322463768115942 0.999194847020934 0.021739130434782608
