17 0.1139291465378422 0.2916666666666667 0.1457326892109501 0.014492753623188406
17 0.14935587761674718 0.20720108695652173 0.21658615136876005 0.014945652173913044
17 0.10507246376811594 0.057518115942028984 0.11030595813204509 0.016304347826086956
18 0.75 0.11458333333333333 0.5 0.05434782608695652
18 0.250805152979066 0.11458333333333333 0.5 0.05434782608695652
17 0.499597423510467 0.05683876811594203 0.15056360708534622 0.01585144927536232
17 0.499597423510467 0.5332880434782609 0.9138486312399355 0.036684782608695655
17 0.1111111111111111 0.171875 0.16747181964573268 0.010416666666666666
17 0.2942834138486312 0.25407608695652173 0.1859903381642512 0.012681159420289856
17 0.08252818035426732 0.2533967391304348 0.11030595813204509 0.010416666666666666
17 0.19041867954911434 0.3365036231884058 0.3325281803542673 0.02355072463768116
7 0.5 0.2916666666666667 0.9516908212560387 0.042572463768115944
7 0.500805152979066 0.20765398550724637 0.9516908212560387 0.042119565217391304
18 0.500805152979066 0.39787137681159424 0.9516908212560387 0.05480072463768116
9 0.5020128824476651 0.46535326086956524 0.13768115942028986 0.04846014492753623
20 0.500402576489533 0.011322463768115942 0.999194847020934 0.021739130434782608
