17 0.1292270531400966 0.2959692028985507 0.15539452495974235 0.016757246376811596
17 0.09339774557165861 0.2210144927536232 0.0853462157809984 0.016304347826086956
16 0.09138486312399356 0.48029891304347827 0.0861513687600644 0.03215579710144927
16 0.09138486312399356 0.35280797101449274 0.0861513687600644 0.03170289855072464
17 0.500402576489533 0.6782155797101449 0.3647342995169082 0.020380434782608696
17 0.500402576489533 0.6379076086956522 0.3679549114331723 0.016757246376811596
18 0.500805152979066 0.552536231884058 0.4428341384863124 0.04800724637681159
17 0.2777777777777778 0.479393115942029 0.2463768115942029 0.016757246376811596
17 0.4883252818035427 0.4166666666666667 0.8800322061191627 0.06793478260869565
17 0.3023349436392915 0.3534873188405797 0.2938808373590982 0.020380434782608696
8 0.9009661835748792 0.2982336956521739 0.04508856682769726 0.016757246376811596
7 0.500402576489533 0.30321557971014496 0.9041867954911433 0.03125
7 0.500402576489533 0.2284873188405797 0.9041867954911433 0.03125
17 0.500402576489533 0.14130434782608695 0.45169082125603865 0.026268115942028984
8 0.0426731078904992 0.06838768115942029 0.01610305958132045 0.014492753623188406
17 0.10466988727858292 0.06702898550724638 0.07729468599033816 0.016304347826086956
17 0.9158615136876006 0.06702898550724638 0.0893719806763285 0.016304347826086956
9 0.5 0.0672554347826087 0.27375201288244766 0.042119565217391304
20 0.500402576489533 0.012228260869565218 0.999194847020934 0.02355072463768116
