18 0.500402576489533 0.8355978260869565 0.7689210950080515 0.0661231884057971
9 0.499597423510467 0.5504981884057971 0.7254428341384863 0.39719202898550726
17 0.5 0.2341485507246377 0.43156199677938806 0.028079710144927536
17 0.500805152979066 0.057291666666666664 0.0821256038647343 0.017663043478260868
17 0.10064412238325282 0.9911684782608696 0.08695652173913043 0.013134057971014492
17 0.3007246376811594 0.9895833333333334 0.07971014492753623 0.010869565217391304
17 0.500402576489533 0.9895833333333334 0.10547504025764895 0.010869565217391304
17 0.6988727858293076 0.9895833333333334 0.05152979066022544 0.010869565217391304
17 0.9001610305958132 0.9898097826086957 0.033816425120772944 0.010416666666666666
8 0.8989533011272142 0.958786231884058 0.04428341384863124 0.028985507246376812
8 0.6956521739130435 0.9592391304347826 0.06280193236714976 0.034420289855072464
8 0.499597423510467 0.9596920289855072 0.061996779388083734 0.028985507246376812
8 0.29871175523349436 0.958786231884058 0.057971014492753624 0.03351449275362319
8 0.10024154589371981 0.9596920289855072 0.04911433172302738 0.029891304347826088
20 0.5 0.011096014492753624 0.998389694041868 0.021286231884057972
