17 0.392512077294686 0.0552536231884058 0.30193236714975846 0.021739130434782608
8 0.20611916264090177 0.05434782608695652 0.03542673107890499 0.01992753623188406
7 0.5 0.05480072463768116 0.6634460547504025 0.049818840579710144
17 0.2467793880837359 0.11888586956521739 0.285829307568438 0.018568840579710144
17 0.7524154589371981 0.11888586956521739 0.24557165861513688 0.018568840579710144
17 0.20933977455716585 0.17980072463768115 0.33816425120772947 0.01992753623188406
17 0.8627214170692431 0.17798913043478262 0.19404186795491143 0.016304347826086956
17 0.6014492753623188 0.28555253623188404 0.5362318840579711 0.06929347826086957
17 0.43397745571658614 0.3507699275362319 0.20450885668276972 0.014945652173913044
17 0.6095008051529791 0.5120018115942029 0.5539452495974235 0.06929347826086957
17 0.4335748792270531 0.5772192028985508 0.2037037037037037 0.014945652173913044
17 0.6111111111111112 0.7370923913043478 0.5603864734299517 0.06567028985507246
17 0.4303542673107891 0.8041213768115942 0.1972624798711755 0.014945652173913044
17 0.10064412238325282 0.9877717391304348 0.08373590982286634 0.01358695652173913
17 0.30112721417069244 0.9893568840579711 0.16747181964573268 0.017663043478260868
17 0.499597423510467 0.9893568840579711 0.13123993558776167 0.016757246376811596
17 0.6992753623188406 0.9891304347826088 0.07326892109500806 0.017210144927536232
17 0.9001610305958132 0.9879981884057971 0.061191626409017714 0.014039855072463768
9 0.178743961352657 0.3473731884057971 0.22061191626409019 0.11956521739130435
9 0.17753623188405798 0.5776721014492754 0.1247987117552335 0.10643115942028986
9 0.177938808373591 0.8020833333333334 0.22544283413848631 0.0923913043478261
18 0.6344605475040258 0.3917572463768116 0.607085346215781 0.044384057971014496
18 0.6344605475040258 0.6182065217391305 0.607085346215781 0.044384057971014496
18 0.6340579710144928 0.845108695652174 0.606280193236715 0.044384057971014496
8 0.0998389694041868 0.9592391304347826 0.05958132045088567 0.03260869565217391
8 0.30112721417069244 0.9592391304347826 0.05958132045088567 0.03170289855072464
8 0.5 0.9592391304347826 0.06602254428341385 0.03804347826086957
9 0.6988727858293076 0.9592391304347826 0.0644122383252818 0.036231884057971016
8 0.8993558776167472 0.9592391304347826 0.06602254428341385 0.030797101449275364
20 0.500402576489533 0.011322463768115942 0.999194847020934 0.021739130434782608
