17 0.9118357487922706 0.06544384057971014 0.09581320450885668 0.016757246376811596
17 0.9170692431561996 0.04121376811594203 0.014492753623188406 0.010869565217391304
17 0.501610305958132 0.059782608695652176 0.44122383252818037 0.021739130434782608
17 0.18639291465378421 0.13677536231884058 0.2938808373590982 0.021739130434782608
17 0.23067632850241546 0.2391304347826087 0.3824476650563607 0.021739130434782608
17 0.13808373590982287 0.3428442028985507 0.19887278582930756 0.026268115942028984
17 0.21537842190016104 0.44474637681159424 0.35185185185185186 0.026268115942028984
17 0.25 0.546875 0.4210950080515298 0.026721014492753624
17 0.0853462157809984 0.644927536231884 0.10628019323671498 0.021739130434782608
17 0.17914653784219 0.7506793478260869 0.27938808373590984 0.026721014492753624
17 0.07407407407407407 0.8487318840579711 0.08373590982286634 0.02355072463768116
17 0.10064412238325282 0.9907155797101449 0.06763285024154589 0.010416666666666666
17 0.30112721417069244 0.9902626811594203 0.10628019323671498 0.011322463768115942
17 0.5 0.9925271739130435 0.1529790660225443 0.012228260869565218
17 0.6980676328502415 0.9907155797101449 0.08051529790660225 0.011322463768115942
17 0.8993558776167472 0.9907155797101449 0.0966183574879227 0.010416666666666666
8 0.9460547504025765 0.04121376811594203 0.028985507246376812 0.017210144927536232
8 0.10024154589371981 0.9594655797101449 0.04428341384863124 0.024909420289855072
8 0.30112721417069244 0.9594655797101449 0.0499194847020934 0.024003623188405796
8 0.499194847020934 0.9592391304347826 0.04508856682769726 0.025362318840579712
8 0.6984702093397746 0.9590126811594203 0.04750402576489533 0.026721014492753624
8 0.8993558776167472 0.9592391304347826 0.0499194847020934 0.028079710144927536
8 0.9528985507246377 0.13790760869565216 0.023349436392914653 0.021286231884057972
8 0.9528985507246377 0.23958333333333334 0.023349436392914653 0.020833333333333332
8 0.9528985507246377 0.3412590579710145 0.023349436392914653 0.021286231884057972
8 0.9528985507246377 0.4433876811594203 0.023349436392914653 0.020833333333333332
8 0.9528985507246377 0.5450634057971014 0.023349436392914653 0.021286231884057972
8 0.9528985507246377 0.6471920289855072 0.023349436392914653 0.020833333333333332
8 0.9520933977455717 0.7488677536231885 0.023349436392914653 0.021286231884057972
8 0.9528985507246377 0.8509963768115942 0.023349436392914653 0.020833333333333332
9 0.8095813204508857 0.13858695652173914 0.16988727858293076 0.057971014492753624
9 0.8148148148148148 0.239356884057971 0.14009661835748793 0.060235507246376815
9 0.8099838969404187 0.34216485507246375 0.07729468599033816 0.059329710144927536
9 0.8079710144927537 0.4427083333333333 0.15217391304347827 0.057518115942028984
9 0.8353462157809984 0.5432518115942029 0.11030595813204509 0.04755434782608696
9 0.8341384863123994 0.646286231884058 0.10789049919484701 0.044384057971014496
9 0.8397745571658615 0.7488677536231885 0.09500805152979067 0.06567028985507246
9 0.8381642512077294 0.848052536231884 0.10144927536231885 0.06204710144927536
20 0.500402576489533 0.011322463768115942 0.999194847020934 0.021739130434782608
