9 0.17632850241545894 0.8127264492753623 0.26570048309178745 0.07744565217391304
9 0.8655394524959742 0.8079710144927537 0.2689210950080515 0.125
9 0.5281803542673108 0.8077445652173914 0.29790660225442833 0.12545289855072464
9 0.17391304347826086 0.644927536231884 0.2962962962962963 0.12590579710144928
9 0.5269726247987118 0.644927536231884 0.2971014492753623 0.12590579710144928
9 0.8651368760064412 0.6444746376811594 0.26972624798711753 0.12590579710144928
17 0.10064412238325282 0.9916213768115942 0.05958132045088567 0.014039855072463768
17 0.3007246376811594 0.9909420289855072 0.07809983896940419 0.010869565217391304
17 0.499597423510467 0.9904891304347826 0.08454106280193237 0.01177536231884058
17 0.6988727858293076 0.9907155797101449 0.10628019323671498 0.011322463768115942
17 0.8989533011272142 0.9902626811594203 0.07004830917874397 0.011322463768115942
8 0.8997584541062802 0.9583333333333334 0.033011272141706925 0.029891304347826088
9 0.6988727858293076 0.9592391304347826 0.05314009661835749 0.029891304347826088
9 0.500805152979066 0.9592391304347826 0.05958132045088567 0.03351449275362319
8 0.30112721417069244 0.9581068840579711 0.04830917874396135 0.029438405797101448
8 0.0998389694041868 0.9596920289855072 0.0644122383252818 0.026268115942028984
17 0.9681964573268921 0.1671195652173913 0.06360708534621579 0.01358695652173913
17 0.7862318840579711 0.16893115942028986 0.10064412238325282 0.016304347826086956
17 0.5269726247987118 0.1691576086956522 0.21336553945249598 0.01585144927536232
17 0.29106280193236717 0.16757246376811594 0.05877616747181964 0.012681159420289856
9 0.894927536231884 0.08650362318840579 0.11030595813204509 0.0625
8 0.7665056360708534 0.08673007246376811 0.04508856682769726 0.029438405797101448
8 0.6578099838969405 0.08627717391304347 0.043478260869565216 0.024909420289855072
9 0.23953301127214172 0.08378623188405797 0.3615136876006441 0.07518115942028986
17 0.107085346215781 0.16893115942028986 0.11272141706924316 0.016304347826086956
17 0.11151368760064412 0.22758152173913043 0.1392914653784219 0.013134057971014492
17 0.393719806763285 0.25634057971014496 0.7069243156199678 0.022644927536231884
9 0.500805152979066 0.4107789855072464 0.9227053140096618 0.26268115942028986
20 0.500402576489533 0.011322463768115942 0.999194847020934 0.021739130434782608
