20 0.500402576489533 0.011322463768115942 0.999194847020934 0.021739130434782608
8 0.05676328502415459 0.05480072463768116 0.033011272141706925 0.03351449275362319
17 0.499597423510467 0.060009057971014496 0.11835748792270531 0.025815217391304348
9 0.5108695652173914 0.2701539855072464 0.5628019323671497 0.09193840579710146
17 0.3667471819645733 0.43455615942028986 0.42914653784219003 0.024909420289855072
17 0.25 0.48233695652173914 0.14895330112721417 0.014492753623188406
17 0.2459742351046699 0.53125 0.1457326892109501 0.014492753623188406
17 0.30917874396135264 0.5801630434782609 0.30917874396135264 0.021739130434782608
18 0.28502415458937197 0.6374547101449275 0.26570048309178745 0.04755434782608696
5 0.42310789049919484 0.6920289855072463 0.5434782608695652 0.034420289855072464
17 0.4665861513687601 0.6933876811594203 0.45652173913043476 0.019021739130434784
7 0.5 0.5310235507246377 0.7004830917874396 0.04121376811594203
7 0.5024154589371981 0.48211050724637683 0.7004830917874396 0.04121376811594203
