17 0.21336553945249598 0.8308423913043478 0.22383252818035426 0.018568840579710144
17 0.20652173913043478 0.7475090579710145 0.2069243156199678 0.014945652173913044
17 0.17673107890499196 0.651268115942029 0.15056360708534622 0.01358695652173913
17 0.178743961352657 0.5552536231884058 0.15458937198067632 0.01358695652173913
17 0.5 0.08876811594202899 0.3397745571658615 0.03713768115942029
17 0.500402576489533 0.1383605072463768 0.4001610305958132 0.021286231884057972
9 0.5064412238325282 0.3127264492753623 0.4750402576489533 0.27219202898550726
8 0.8909017713365539 0.5527626811594203 0.0249597423510467 0.016757246376811596
8 0.8913043478260869 0.6478713768115942 0.024154589371980676 0.016757246376811596
8 0.8913043478260869 0.7429800724637681 0.024154589371980676 0.016757246376811596
7 0.500805152979066 0.5618206521739131 0.8067632850241546 0.034873188405797104
7 0.5 0.6571557971014493 0.8067632850241546 0.034420289855072464
7 0.5 0.7520380434782609 0.8067632850241546 0.034873188405797104
7 0.500805152979066 0.8432971014492754 0.8067632850241546 0.042572463768115944
18 0.500402576489533 0.9624094202898551 0.999194847020934 0.07518115942028986
