17 0.267172673510467 0.9013106856884059 0.05623465780998388 0.012664241847826064
17 0.7312965825281804 0.9010899033061593 0.09813632447665056 0.01222068704710147
17 0.26748900483091786 0.4013068158967391 0.09415714653784218 0.01311100407608693
9 0.7320048506441224 0.7824267511322465 0.23477993478260878 0.07081029030797101
9 0.2625205672302737 0.7859797547554347 0.2022146690821256 0.11883296150362326
9 0.26827263365539455 0.5378701030344203 0.17540191787439613 0.1242969895833333
9 0.7317269734299516 0.5475894264039856 0.21016954750402567 0.0584217567934783
9 0.7257136590177133 0.28858063179347826 0.16897990901771331 0.11287070018115944
9 0.27406117512077294 0.28949846739130436 0.23580169645732688 0.04955681521739133
17 0.26745671819645733 0.6512154288949276 0.2292499146537842 0.013156503623188374
17 0.7316934335748791 0.6500541299818842 0.12475782528180351 0.015378039855072452
17 0.7316986670692431 0.40132174298007245 0.10055758212560387 0.012221018568840586
17 0.5008848868760064 0.17062818138586958 0.6509706561996779 0.017246205163043468
8 0.9030902266505635 0.05728211096014493 0.04588094283413843 0.025783894927536233
8 0.813373461352657 0.057736659420289854 0.04502192914653785 0.025787173913043478
17 0.5003246980676328 0.05748809420289855 0.2977702560386474 0.023510369565217397
8 0.07685904106280195 0.05770844995471014 0.05540760225442835 0.031214755887681165
17 0.8314557648953301 0.1154375973731884 0.13596023349436395 0.012668291666666666
17 0.6484213566827697 0.11544459805253623 0.13192808051529795 0.012674635416666675
17 0.4999910805152979 0.11521544316123189 0.061955549114331654 0.012222725090579707
17 0.3588076976650564 0.1154309080615942 0.1126385628019324 0.012661602355072464
17 0.2273028152173913 0.11523620991847826 0.052300973429951686 0.012198883605072453
17 0.11946635144927535 0.11542528260869564 0.0635564500805153 0.012702347826086945
8 0.8998573780193236 0.9590344635416668 0.06034883011272135 0.03392249954710157
8 0.6987034158615137 0.9586141283967392 0.040869818840579705 0.03306391621376807
8 0.4992405253623188 0.9587875586503622 0.05877326811594202 0.03076171875
8 0.3004478047504026 0.9592585910326088 0.05724539855072461 0.03258790851449282
8 0.10099974919484701 0.9587990579710145 0.058749814009661824 0.030751767210144977
17 0.8994394198872786 0.9907045226449276 0.0949482938808373 0.013127865942028966
17 0.6987039565217391 0.9909565138134059 0.08771287600644122 0.012691552989130505
17 0.49922976288244764 0.9895945563858696 0.13591335185185188 0.01082810099637672
17 0.30050495772946856 0.9907378596014493 0.058737958937198104 0.013130851449275427
17 0.10097543921095008 0.9898165274003625 0.06679472866344605 0.010415561141304307
20 0.5004338111916264 0.011187753849637681 0.9991323776167472 0.021469710597826087
