17 0.3098435334138486 0.5258970674818841 0.14578057890499196 0.014685201992753584
17 0.38094358091787434 0.46605965715579706 0.28794583172302735 0.014948609601449224
17 0.500805152979066 0.6487771739130435 0.028985507246376812 0.010416666666666666
17 0.5007343015297906 0.9843236397192029 0.29086699275362315 0.019577358242753626
17 0.5007137721417069 0.9504312708333335 0.12036648792270532 0.018719659420289882
18 0.5001133228663446 0.5886667499999999 0.6524005587761675 0.0613914710144927
7 0.5003671509661837 0.5282744807518116 0.6520487834138486 0.059710627264492784
7 0.5003010660225443 0.46709795969202905 0.6520425668276971 0.0628191077898551
18 0.5003637906602255 0.7054929042119564 0.6520038051529792 0.06134812726449272
18 0.5003434396135265 0.7829386116394927 0.6520855909822866 0.06132778215579716
18 0.5003530652173913 0.860384678442029 0.6519770966183575 0.061334140398550736
9 0.501610305958132 0.34193840579710144 0.22383252818035426 0.11956521739130435
