17 0.2809983896940419 0.07291666666666667 0.1932367149758454 0.016304347826086956
17 0.10024154589371981 0.9814311594202899 0.10386473429951691 0.00996376811594203
17 0.2995169082125604 0.9814311594202899 0.07729468599033816 0.00996376811594203
17 0.5 0.9814311594202899 0.0644122383252818 0.00996376811594203
17 0.7000805152979066 0.9814311594202899 0.07326892109500806 0.00996376811594203
17 0.9001610305958132 0.9814311594202899 0.09339774557165861 0.00996376811594203
8 0.9001610305958132 0.9497282608695652 0.057971014492753624 0.03260869565217391
8 0.6996779388083736 0.9495018115942029 0.05314009661835749 0.029438405797101448
9 0.500805152979066 0.9497282608695652 0.05152979066022544 0.03170289855072464
8 0.30112721417069244 0.9501811594202899 0.057971014492753624 0.028985507246376812
8 0.10144927536231885 0.9499547101449275 0.0499194847020934 0.03125
18 0.500402576489533 0.8740942028985508 0.8832528180354268 0.06521739130434782
8 0.5797101449275363 0.7862318840579711 0.13043478260869565 0.01358695652173913
17 0.6714975845410628 0.7873641304347826 0.030595813204508857 0.012228260869565218
17 0.6320450885668277 0.7631340579710145 0.23027375201288244 0.01992753623188406
17 0.6344605475040258 0.7350543478260869 0.23671497584541062 0.014492753623188406
17 0.679549114331723 0.7121829710144928 0.3285024154589372 0.018568840579710144
17 0.5885668276972624 0.6879528985507246 0.14653784219001612 0.010869565217391304
8 0.12399355877616747 0.7862318840579711 0.13043478260869565 0.01358695652173913
17 0.21980676328502416 0.7875905797101449 0.04186795491143317 0.01177536231884058
17 0.17632850241545894 0.7631340579710145 0.2318840579710145 0.01992753623188406
17 0.23349436392914655 0.7368659420289855 0.3462157809983897 0.019021739130434784
17 0.2222222222222222 0.7121829710144928 0.3252818035426731 0.018568840579710144
17 0.15780998389694043 0.6877264492753623 0.1996779388083736 0.011322463768115942
8 0.4472624798711755 0.5317028985507246 0.039452495974235106 0.01992753623188406
8 0.9037842190016103 0.5314764492753623 0.039452495974235106 0.01947463768115942
9 0.7282608695652174 0.5914855072463768 0.427536231884058 0.16032608695652173
9 0.2725442834138486 0.5914855072463768 0.427536231884058 0.16032608695652173
8 0.5801127214170693 0.4673913043478261 0.13123993558776167 0.01358695652173913
17 0.67914653784219 0.4682971014492754 0.04750402576489533 0.01177536231884058
17 0.6324476650563607 0.44384057971014496 0.23107890499194847 0.01992753623188406
17 0.6336553945249598 0.4159873188405797 0.23671497584541062 0.01585144927536232
17 0.6908212560386473 0.39107789855072467 0.3494363929146538 0.014945652173913044
17 0.6038647342995169 0.36843297101449274 0.17713365539452497 0.011322463768115942
8 0.12399355877616747 0.46716485507246375 0.13043478260869565 0.014039855072463768
17 0.2210144927536232 0.4685235507246377 0.04428341384863124 0.012228260869565218
17 0.17673107890499196 0.44429347826086957 0.23107890499194847 0.01992753623188406
17 0.20571658615136876 0.4173460144927536 0.29066022544283415 0.018568840579710144
17 0.16344605475040258 0.3917572463768116 0.20772946859903382 0.015398550724637682
17 0.1320450885668277 0.3686594202898551 0.14653784219001612 0.010869565217391304
8 0.4472624798711755 0.21218297101449277 0.039452495974235106 0.01947463768115942
8 0.9033816425120773 0.2126358695652174 0.040257648953301126 0.01947463768115942
9 0.7278582930756844 0.2726449275362319 0.428341384863124 0.16032608695652173
9 0.2717391304347826 0.2726449275362319 0.427536231884058 0.16032608695652173
17 0.49879227053140096 0.14741847826086957 0.8768115942028986 0.021286231884057972
7 0.500805152979066 0.07382246376811594 0.8856682769726248 0.06521739130434782
8 0.1215780998389694 0.07359601449275363 0.02254428341384863 0.022192028985507248
20 0.500402576489533 0.010869565217391304 0.999194847020934 0.020833333333333332
