8 0.43156199677938806 0.901268115942029 0.04830917874396135 0.025362318840579712
8 0.8756038647342995 0.9662590579710145 0.061996779388083734 0.008605072463768116
8 0.6256038647342995 0.9660326086956522 0.06924315619967794 0.03713768115942029
8 0.3752012882447665 0.9658061594202899 0.057971014492753624 0.03940217391304348
8 0.12560386473429952 0.9660326086956522 0.06924315619967794 0.03894927536231884
8 0.9066022544283414 0.8346920289855072 0.0499194847020934 0.025362318840579712
9 0.7383252818035426 0.8688858695652174 0.4476650563607085 0.12635869565217392
9 0.26247987117552335 0.9021739130434783 0.44605475040257647 0.059782608695652176
8 0.9066022544283414 0.44633152173913043 0.0499194847020934 0.025815217391304348
17 0.7387278582930756 0.764266304347826 0.10064412238325282 0.023097826086956524
9 0.7379227053140096 0.603713768115942 0.4468599033816425 0.37228260869565216
8 0.43156199677938806 0.5131340579710145 0.04830917874396135 0.025362318840579712
17 0.26247987117552335 0.8315217391304348 0.17552334943639292 0.022644927536231884
9 0.26247987117552335 0.6700634057971014 0.44605475040257647 0.37182971014492755
17 0.7367149758454107 0.3738677536231884 0.23027375201288244 0.018568840579710144
9 0.7379227053140096 0.24433876811594205 0.4468599033816425 0.3138586956521739
8 0.43115942028985504 0.12454710144927536 0.04911433172302738 0.026268115942028984
17 0.2612721417069243 0.4429347826086957 0.11352657004830918 0.021739130434782608
9 0.26247987117552335 0.2814764492753623 0.44605475040257647 0.37182971014492755
8 0.9520933977455717 0.057971014492753624 0.04750402576489533 0.02717391304347826
18 0.6996779388083736 0.057291666666666664 0.3977455716586151 0.04121376811594203
18 0.30152979066022545 0.057518115942028984 0.39855072463768115 0.04076086956521739
20 0.5 0.011096014492753624 0.998389694041868 0.021286231884057972
