9 0.8526570048309179 0.9107789855072463 0.21900161030595813 0.044384057971014496
9 0.3393719806763285 0.9110054347826088 0.30515297906602257 0.043931159420289856
9 0.33735909822866345 0.18048007246376813 0.3075684380032206 0.17255434782608695
9 0.8184380032206119 0.1634963768115942 0.285829307568438 0.13768115942028986
9 0.8095813204508857 0.4193840579710145 0.30193236714975846 0.11956521739130435
9 0.36553945249597425 0.432518115942029 0.25120772946859904 0.13405797101449277
9 0.3804347826086957 0.7119565217391305 0.2214170692431562 0.17028985507246377
9 0.8333333333333334 0.6922554347826088 0.2576489533011272 0.13632246376811594
9 0.8965378421900161 0.9585597826086957 0.05394524959742351 0.029438405797101448
8 0.6996779388083736 0.958786231884058 0.05152979066022544 0.028985507246376812
8 0.10064412238325282 0.9592391304347826 0.05475040257648953 0.028079710144927536
8 0.3003220611916264 0.9594655797101449 0.0499194847020934 0.0276268115942029
8 0.499597423510467 0.9592391304347826 0.04911433172302738 0.028079710144927536
17 0.5 0.9907155797101449 0.0853462157809984 0.010416666666666666
17 0.8993558776167472 0.9907155797101449 0.12560386473429952 0.010416666666666666
17 0.6984702093397746 0.9916213768115942 0.10386473429951691 0.013134057971014492
17 0.6288244766505636 0.5733695652173914 0.15619967793880837 0.021739130434782608
17 0.6272141706924316 0.8417119565217391 0.14814814814814814 0.025815217391304348
17 0.2995169082125604 0.9904891304347826 0.08051529790660225 0.010869565217391304
17 0.10064412238325282 0.9907155797101449 0.06763285024154589 0.010416666666666666
17 0.1566022544283414 0.838768115942029 0.14895330112721417 0.020833333333333332
17 0.19887278582930756 0.5769927536231884 0.23349436392914655 0.02717391304347826
17 0.1751207729468599 0.3086503623188406 0.1859903381642512 0.022192028985507248
17 0.6940418679549114 0.3115942028985507 0.2834138486312399 0.028079710144927536
8 0.9227053140096618 0.058876811594202896 0.05958132045088567 0.028079710144927536
8 0.5990338164251208 0.04913949275362319 0.030595813204508857 0.010416666666666666
17 0.501207729468599 0.04891304347826087 0.13285024154589373 0.016304347826086956
17 0.5 0.07427536231884058 0.18518518518518517 0.014492753623188406
20 0.500402576489533 0.011322463768115942 0.999194847020934 0.021739130434782608
