9 0.2073268921095008 0.5962409420289855 0.061996779388083734 0.034873188405797104
17 0.499597423510467 0.8340126811594203 0.6352657004830918 0.014945652173913044
18 0.500402576489533 0.7617753623188406 0.7254428341384863 0.06974637681159421
18 0.500402576489533 0.6827445652173914 0.7254428341384863 0.06838768115942029
17 0.53743961352657 0.5964673913043478 0.572463768115942 0.022644927536231884
17 0.5 0.5464221014492754 0.5845410628019324 0.0276268115942029
13 0.500402576489533 0.48211050724637683 0.09581320450885668 0.010416666666666666
8 0.07809983896940419 0.07087862318840579 0.04508856682769726 0.024909420289855072
20 0.500402576489533 0.011096014492753624 0.999194847020934 0.021286231884057972
9 0.500402576489533 0.2296195652173913 0.999194847020934 0.4583333333333333
