17 0.5 0.8344655797101449 0.6344605475040258 0.014039855072463768
18 0.500402576489533 0.7620018115942029 0.7254428341384863 0.06929347826086957
18 0.500402576489533 0.6827445652173914 0.7254428341384863 0.06838768115942029
17 0.535829307568438 0.5946557971014493 0.32286634460547503 0.019021739130434784
9 0.3329307568438003 0.5962409420289855 0.05877616747181964 0.03306159420289855
17 0.5 0.5439311594202899 0.3413848631239936 0.021739130434782608
13 0.500402576489533 0.48211050724637683 0.09581320450885668 0.010416666666666666
8 0.07809983896940419 0.07087862318840579 0.04508856682769726 0.024909420289855072
20 0.500402576489533 0.011322463768115942 0.999194847020934 0.021739130434782608
9 0.500402576489533 0.2296195652173913 0.999194847020934 0.4583333333333333
