17 0.32971014492753625 0.058197463768115944 0.26811594202898553 0.021286231884057972
17 0.10104669887278583 0.9895833333333334 0.06521739130434782 0.00996376811594203
17 0.3007246376811594 0.9909420289855072 0.0571658615136876 0.012681159420289856
17 0.499597423510467 0.9898097826086957 0.06038647342995169 0.010416666666666666
17 0.6992753623188406 0.9895833333333334 0.05233494363929146 0.010869565217391304
17 0.8989533011272142 0.9898097826086957 0.09420289855072464 0.009510869565217392
8 0.8989533011272142 0.9590126811594203 0.0571658615136876 0.03215579710144927
8 0.6996779388083736 0.9592391304347826 0.05152979066022544 0.026268115942028984
8 0.499597423510467 0.9592391304347826 0.05394524959742351 0.029891304347826088
9 0.30193236714975846 0.9592391304347826 0.07407407407407407 0.03170289855072464
9 0.10144927536231885 0.9592391304347826 0.05475040257648953 0.030797101449275364
8 0.9130434782608695 0.6999547101449275 0.03864734299516908 0.01947463768115942
9 0.7351046698872786 0.7995923913043478 0.3446054750402576 0.23958333333333334
8 0.4424315619967794 0.698143115942029 0.07648953301127215 0.04302536231884058
9 0.26529790660225444 0.798233695652174 0.45169082125603865 0.25407608695652173
17 0.6497584541062802 0.6403985507246377 0.27697262479871176 0.018115942028985508
17 0.6731078904991948 0.6116394927536232 0.32045088566827695 0.018568840579710144
8 0.5954106280193237 0.5812952898550725 0.17149758454106281 0.014945652173913044
17 0.7286634460547504 0.5810688405797102 0.07085346215780998 0.012681159420289856
17 0.6545893719806763 0.5500452898550725 0.286634460547504 0.020380434782608696
17 0.6215780998389694 0.5174365942028986 0.21900161030595813 0.018568840579710144
17 0.6706924315619968 0.48845108695652173 0.31561996779388085 0.018568840579710144
17 0.15096618357487923 0.6116394927536232 0.21658615136876005 0.018568840579710144
8 0.12560386473429952 0.5815217391304348 0.1723027375201288 0.015398550724637682
17 0.24758454106280192 0.5810688405797102 0.050724637681159424 0.012681159420289856
17 0.18115942028985507 0.5500452898550725 0.28180354267310787 0.021286231884057972
17 0.13365539452495975 0.5172101449275363 0.18518518518518517 0.019021739130434784
17 0.16223832528180354 0.48618659420289856 0.24557165861513688 0.014945652173913044
9 0.7946859903381642 0.4429347826086957 0.07729468599033816 0.043478260869565216
9 0.7121578099838969 0.4429347826086957 0.07809983896940419 0.043478260869565216
9 0.6312399355877617 0.4429347826086957 0.07729468599033816 0.043478260869565216
9 0.5491143317230274 0.4429347826086957 0.07729468599033816 0.043478260869565216
9 0.3244766505636071 0.4429347826086957 0.07729468599033816 0.043478260869565216
9 0.24235104669887278 0.4429347826086957 0.07729468599033816 0.043478260869565216
9 0.16022544283413848 0.4429347826086957 0.07729468599033816 0.043478260869565216
9 0.07809983896940419 0.4427083333333333 0.07729468599033816 0.043931159420289856
9 0.26570048309178745 0.28328804347826086 0.4363929146537842 0.25407608695652173
8 0.4420289855072464 0.1852355072463768 0.03864734299516908 0.01992753623188406
8 0.9130434782608695 0.1838768115942029 0.07729468599033816 0.043478260869565216
9 0.7355072463768116 0.28306159420289856 0.45169082125603865 0.2545289855072464
17 0.9186795491143317 0.10711050724637682 0.08373590982286634 0.01585144927536232
8 0.8369565217391305 0.10846920289855072 0.033011272141706925 0.013134057971014492
17 0.7234299516908212 0.10778985507246377 0.07004830917874397 0.015398550724637682
8 0.645330112721417 0.1080163043478261 0.0426731078904992 0.024003623188405796
17 0.1316425120772947 0.109375 0.18276972624798712 0.01585144927536232
8 0.042270531400966184 0.058876811594202896 0.0249597423510467 0.025362318840579712
8 0.16706924315619967 0.057518115942028984 0.033011272141706925 0.018115942028985508
7 0.41827697262479874 0.057518115942028984 0.5933977455716586 0.04891304347826087
8 0.782608695652174 0.05706521739130435 0.05314009661835749 0.025362318840579712
8 0.9029790660225443 0.057291666666666664 0.04911433172302738 0.024003623188405796
20 0.500402576489533 0.011096014492753624 0.999194847020934 0.021286231884057972
