17 0.9214975845410628 0.9504076086956522 0.07971014492753623 0.013134057971014492
17 0.8780193236714976 0.9250452898550725 0.16666666666666666 0.013134057971014492
17 0.9460547504025765 0.9010416666666666 0.030595813204508857 0.014039855072463768
17 0.9223027375201288 0.7438858695652174 0.07809983896940419 0.013134057971014492
17 0.8780193236714976 0.7185235507246377 0.16666666666666666 0.013134057971014492
17 0.9460547504025765 0.6945199275362319 0.030595813204508857 0.014039855072463768
17 0.9214975845410628 0.5797101449275363 0.07971014492753623 0.012681159420289856
17 0.8784219001610306 0.5541213768115942 0.16586151368760063 0.013134057971014492
17 0.9460547504025765 0.5301177536231884 0.030595813204508857 0.014039855072463768
17 0.9219001610305958 0.41508152173913043 0.07890499194847021 0.013134057971014492
17 0.8780193236714976 0.389945652173913 0.16666666666666666 0.012681159420289856
17 0.9460547504025765 0.36571557971014496 0.030595813204508857 0.014039855072463768
17 0.9126409017713365 0.2511322463768116 0.09742351046698873 0.013134057971014492
17 0.8784219001610306 0.22531702898550726 0.16747181964573268 0.013134057971014492
17 0.5253623188405797 0.17210144927536233 0.5628019323671497 0.018115942028985508
17 0.4476650563607085 0.6947463768115942 0.04830917874396135 0.015398550724637682
17 0.4472624798711755 0.901268115942029 0.04911433172302738 0.015398550724637682
17 0.47665056360708535 0.059782608695652176 0.6215780998389694 0.01992753623188406
17 0.11714975845410627 0.10394021739130435 0.08454106280193237 0.014039855072463768
17 0.3715780998389694 0.10416666666666667 0.14412238325281804 0.014492753623188406
17 0.6284219001610306 0.10394021739130435 0.16505636070853463 0.014039855072463768
17 0.8844605475040258 0.10394021739130435 0.14090177133655393 0.014039855072463768
17 0.33172302737520126 0.3392210144927536 0.18035426731078905 0.021739130434782608
17 0.4891304347826087 0.5038496376811594 0.49516908212560384 0.022192028985507248
17 0.34581320450885666 0.6650815217391305 0.20048309178743962 0.017663043478260868
17 0.5322061191626409 0.8713768115942029 0.5748792270531401 0.018115942028985508
17 0.4742351046698873 0.22531702898550726 0.46537842190016104 0.06385869565217392
17 0.4742351046698873 0.3917572463768116 0.46537842190016104 0.06793478260869565
17 0.4573268921095008 0.5548007246376812 0.43156199677938806 0.0661231884057971
17 0.4219001610305958 0.7327898550724637 0.357487922705314 0.042572463768115944
17 0.4577294685990338 0.9395380434782609 0.4307568438003221 0.04302536231884058
18 0.36272141706924316 0.7783061594202899 0.24235104669887278 0.0276268115942029
18 0.6163446054750402 0.7780797101449275 0.24235104669887278 0.028079710144927536
8 0.3272946859903382 0.9003623188405797 0.1682769726247987 0.018115942028985508
8 0.32648953301127215 0.6938405797101449 0.1682769726247987 0.018115942028985508
9 0.11876006441223833 0.21014492753623187 0.15056360708534622 0.08786231884057971
9 0.1215780998389694 0.374320652173913 0.1706924315619968 0.09646739130434782
9 0.12117552334943639 0.5384963768115942 0.16988727858293076 0.09601449275362318
9 0.1215780998389694 0.703125 0.1706924315619968 0.09556159420289856
9 0.12077294685990338 0.9080615942028986 0.16908212560386474 0.07608695652173914
8 0.8115942028985508 0.057291666666666664 0.030595813204508857 0.009510869565217392
8 0.9150563607085346 0.05457427536231884 0.04750402576489533 0.034873188405797104
20 0.500402576489533 0.011322463768115942 0.999194847020934 0.021739130434782608
