18 0.500402576489533 0.1238677536231884 0.29066022544283415 0.043931159420289856
17 0.43438003220611915 0.06544384057971014 0.1360708534621578 0.016757246376811596
17 0.5793075684380032 0.06544384057971014 0.11191626409017713 0.012228260869565218
17 0.44887278582930756 0.12341485507246377 0.10869565217391304 0.016757246376811596
17 0.11876006441223833 0.21784420289855072 0.08132045088566828 0.012681159420289856
17 0.1570048309178744 0.2341485507246377 0.15619967793880837 0.016304347826086956
17 0.644524959742351 0.21761775362318841 0.13285024154589373 0.014039855072463768
17 0.6388888888888888 0.23392210144927536 0.11996779388083736 0.01585144927536232
17 0.6513687600644122 0.6304347826086957 0.2318840579710145 0.01177536231884058
17 0.10990338164251208 0.6302083333333334 0.11996779388083736 0.011322463768115942
17 0.250805152979066 0.6521739130434783 0.4001610305958132 0.015398550724637682
17 0.17592592592592593 0.6786684782608696 0.250402576489533 0.01947463768115942
17 0.07890499194847021 0.7085597826086957 0.057971014492753624 0.014039855072463768
17 0.7214170692431562 0.6537590579710145 0.37037037037037035 0.01947463768115942
17 0.5636070853462157 0.708786231884058 0.057971014492753624 0.014492753623188406
17 0.10024154589371981 0.9904891304347826 0.11513687600644122 0.010869565217391304
17 0.0998389694041868 0.9594655797101449 0.0966183574879227 0.021286231884057972
17 0.3003220611916264 0.9904891304347826 0.08051529790660225 0.010869565217391304
17 0.499597423510467 0.9913949275362319 0.07971014492753623 0.01358695652173913
17 0.6992753623188406 0.9920742753623188 0.0426731078904992 0.013134057971014492
17 0.8993558776167472 0.9907155797101449 0.057971014492753624 0.010416666666666666
8 0.3003220611916264 0.958786231884058 0.08051529790660225 0.028985507246376812
8 0.49838969404186795 0.9592391304347826 0.05636070853462158 0.029891304347826088
8 0.6992753623188406 0.9594655797101449 0.04589371980676329 0.03125
8 0.8993558776167472 0.9592391304347826 0.061191626409017714 0.009057971014492754
9 0.8747987117552335 0.7837409420289855 0.17954911433172302 0.10099637681159421
9 0.2580515297906602 0.8786231884057971 0.45652173913043476 0.10869565217391304
9 0.7427536231884058 0.8786231884057971 0.45652173913043476 0.10869565217391304
8 0.6183574879227053 0.7366394927536232 0.16586151368760063 0.016757246376811596
8 0.13365539452495975 0.7366394927536232 0.16586151368760063 0.016757246376811596
9 0.2580515297906602 0.45108695652173914 0.45652173913043476 0.3342391304347826
9 0.7423510466988728 0.45131340579710144 0.4573268921095008 0.333786231884058
8 0.9508856682769726 0.2262228260869565 0.02254428341384863 0.008605072463768116
8 0.45128824476650564 0.2259963768115942 0.023349436392914653 0.008152173913043478
8 0.5692431561996779 0.12409420289855072 0.04669887278582931 0.015398550724637682
8 0.05394524959742351 0.06544384057971014 0.020933977455716585 0.01947463768115942
20 0.500402576489533 0.011322463768115942 0.999194847020934 0.021739130434782608
