17 0.22423510466988728 0.3960597826086957 0.2809983896940419 0.01585144927536232
17 0.15780998389694043 0.2006340579710145 0.14492753623188406 0.014492753623188406
17 0.12439613526570048 0.12432065217391304 0.07809983896940419 0.014945652173913044
18 0.8538647342995169 0.20153985507246377 0.16666666666666666 0.04076086956521739
8 0.0853462157809984 0.3290307971014493 0.028985507246376812 0.012228260869565218
8 0.0853462157809984 0.2959692028985507 0.028985507246376812 0.012228260869565218
17 0.4859098228663446 0.5414402173913043 0.8655394524959742 0.035778985507246376
18 0.500402576489533 0.4757699275362319 0.9219001610305958 0.06748188405797101
7 0.500402576489533 0.39719202898550726 0.9219001610305958 0.0625
17 0.36996779388083734 0.328804347826087 0.4919484702093398 0.012681159420289856
17 0.38164251207729466 0.2971014492753623 0.5169082125603864 0.015398550724637682
17 0.35668276972624796 0.2642663043478261 0.6119162640901772 0.014945652173913044
7 0.500402576489533 0.20153985507246377 0.9219001610305958 0.0625
7 0.500402576489533 0.12545289855072464 0.9219001610305958 0.0625
17 0.501207729468599 0.060235507246376815 0.14251207729468598 0.019021739130434784
8 0.07206119162640902 0.057291666666666664 0.04589371980676329 0.016757246376811596
