9 0.5 0.8625452898550725 0.927536231884058 0.13994565217391305
17 0.286231884057971 0.7529438405797102 0.5 0.026721014492753624
9 0.07568438003220612 0.6336050724637681 0.07729468599033816 0.043478260869565216
17 0.2222222222222222 0.6456068840579711 0.17552334943639292 0.014945652173913044
17 0.23389694041867956 0.6195652173913043 0.1956521739130435 0.014492753623188406
17 0.22705314009661837 0.5860507246376812 0.3784219001610306 0.016304347826086956
17 0.4537037037037037 0.5387228260869565 0.8317230273752013 0.050271739130434784
17 0.8244766505636071 0.22169384057971014 0.23993558776167473 0.014039855072463768
9 0.500402576489533 0.35009057971014496 0.926731078904992 0.29347826086956524
8 0.9577294685990339 0.16553442028985507 0.013687600644122383 0.012228260869565218
17 0.8136070853462157 0.1646286231884058 0.24557165861513688 0.014945652173913044
17 0.2037037037037037 0.12454710144927536 0.33011272141706927 0.03351449275362319
17 0.500402576489533 0.059329710144927536 0.11513687600644122 0.022644927536231884
8 0.3003220611916264 0.9562952898550725 0.05958132045088567 0.029438405797101448
17 0.10064412238325282 0.9904891304347826 0.06763285024154589 0.01358695652173913
17 0.3007246376811594 0.9893568840579711 0.07648953301127215 0.011322463768115942
17 0.499194847020934 0.9893568840579711 0.07568438003220612 0.011322463768115942
17 0.6980676328502415 0.9909420289855072 0.10628019323671498 0.01358695652173913
17 0.8997584541062802 0.9893568840579711 0.07004830917874397 0.011322463768115942
8 0.8985507246376812 0.9581068840579711 0.04830917874396135 0.03306159420289855
8 0.7000805152979066 0.9576539855072463 0.04911433172302738 0.034873188405797104
8 0.499194847020934 0.9572010869565217 0.061191626409017714 0.033967391304347824
8 0.10024154589371981 0.9578804347826088 0.061996779388083734 0.03260869565217391
20 0.500402576489533 0.011096014492753624 0.999194847020934 0.021286231884057972
