8 0.9219001610305958 0.05683876811594203 0.0499194847020934 0.028532608695652176
8 0.04669887278582931 0.057971014492753624 0.030595813204508857 0.029891304347826088
17 0.22584541062801933 0.057518115942028984 0.3035426731078905 0.018115942028985508
17 0.501207729468599 0.057291666666666664 0.15056360708534622 0.017663043478260868
9 0.8136070853462157 0.12115036231884058 0.0571658615136876 0.034873188405797104
8 0.9343800322061192 0.1213768115942029 0.06360708534621579 0.035326086956521736
8 0.6932367149758454 0.1213768115942029 0.0644122383252818 0.028079710144927536
5 0.1360708534621578 0.1213768115942029 0.20772946859903382 0.02717391304347826
17 0.16948470209339775 0.12092391304347826 0.14090177133655393 0.014492753623188406
9 0.13083735909822866 0.234375 0.07971014492753623 0.1272644927536232
17 0.6211755233494364 0.21671195652173914 0.7286634460547504 0.018568840579710144
17 0.3417874396135266 0.25203804347826086 0.16988727858293076 0.025815217391304348
9 0.1288244766505636 0.3944746376811594 0.20128824476650564 0.12590579710144928
17 0.6139291465378421 0.37794384057971014 0.7125603864734299 0.022192028985507248
17 0.35950080515297905 0.4110054347826087 0.20531400966183574 0.025815217391304348
9 0.13003220611916264 0.5523097826086957 0.07971014492753623 0.1272644927536232
17 0.6123188405797101 0.5346467391304348 0.710950080515298 0.018568840579710144
17 0.34098228663446056 0.5699728260869565 0.16988727858293076 0.025815217391304348
17 0.5825281803542673 0.6936141304347826 0.6529790660225443 0.04574275362318841
9 0.13003220611916264 0.7112771739130435 0.16666666666666666 0.04755434782608696
17 0.35950080515297905 0.7423007246376812 0.20531400966183574 0.025362318840579712
17 0.5821256038647343 0.8528079710144928 0.6537842190016103 0.04528985507246377
9 0.12962962962962962 0.8702445652173914 0.20611916264090177 0.058423913043478264
17 0.358695652173913 0.9014945652173914 0.2037037037037037 0.025815217391304348
8 0.499194847020934 0.9590126811594203 0.05475040257648953 0.03125
8 0.8993558776167472 0.9592391304347826 0.05636070853462158 0.03170289855072464
8 0.6996779388083736 0.9592391304347826 0.03864734299516908 0.029891304347826088
9 0.0998389694041868 0.9590126811594203 0.09339774557165861 0.026721014492753624
8 0.3007246376811594 0.9592391304347826 0.04589371980676329 0.021739130434782608
17 0.10024154589371981 0.9841485507246377 0.05877616747181964 0.012681159420289856
17 0.3007246376811594 0.9827898550724637 0.06843800322061191 0.00996376811594203
17 0.499597423510467 0.9827898550724637 0.04911433172302738 0.00996376811594203
17 0.6988727858293076 0.983016304347826 0.07568438003220612 0.010416666666666666
17 0.8989533011272142 0.983016304347826 0.09581320450885668 0.009510869565217392
20 0.500402576489533 0.011322463768115942 0.999194847020934 0.021739130434782608
