17 0.3639291465378422 0.10484601449275363 0.3993558776167472 0.022192028985507248
8 0.11191626409017713 0.10303442028985507 0.04508856682769726 0.024909420289855072
20 0.500402576489533 0.01177536231884058 0.999194847020934 0.022644927536231884
17 0.5 0.23256340579710144 0.3784219001610306 0.028532608695652176
17 0.5020128824476651 0.5860507246376812 0.2246376811594203 0.022644927536231884
17 0.501610305958132 0.6132246376811594 0.6231884057971014 0.01992753623188406
17 0.16747181964573268 0.9904891304347826 0.08695652173913043 0.01358695652173913
17 0.5 0.9907155797101449 0.10789049919484701 0.014039855072463768
17 0.8325281803542673 0.9893568840579711 0.07568438003220612 0.011322463768115942
8 0.16666666666666666 0.9592391304347826 0.0499194847020934 0.028079710144927536
9 0.5 0.9592391304347826 0.05475040257648953 0.030797101449275364
8 0.8321256038647343 0.9590126811594203 0.05555555555555555 0.03125
9 0.500805152979066 0.41983695652173914 0.9227053140096618 0.259963768115942
9 0.500402576489533 0.8061594202898551 0.9235104669887279 0.2545289855072464
7 0.5 0.10394021739130435 0.9227053140096618 0.06838768115942029
