17 0.3280998389694042 0.057971014492753624 0.4146537842190016 0.01992753623188406
17 0.16586151368760063 0.8935688405797102 0.22544283413848631 0.01992753623188406
17 0.1324476650563607 0.7785326086956522 0.15861513687600645 0.01992753623188406
17 0.21578099838969403 0.661911231884058 0.3252818035426731 0.022192028985507248
17 0.11151368760064412 0.551177536231884 0.11674718196457327 0.025362318840579712
17 0.11835748792270531 0.4313858695652174 0.1288244766505636 0.022192028985507248
17 0.09098228663446055 0.3163496376811594 0.07729468599033816 0.022192028985507248
17 0.12600644122383253 0.20335144927536233 0.1457326892109501 0.028985507246376812
17 0.749597423510467 0.11571557971014493 0.15942028985507245 0.014039855072463768
9 0.6735104669887279 0.8854166666666666 0.6529790660225443 0.09329710144927536
9 0.6602254428341385 0.7805706521739131 0.5668276972624798 0.11277173913043478
9 0.6956521739130435 0.6600996376811594 0.6086956521739131 0.10371376811594203
9 0.6706924315619968 0.5486865942028986 0.6586151368760065 0.11367753623188406
9 0.645330112721417 0.43342391304347827 0.7093397745571659 0.11322463768115942
9 0.6260064412238325 0.3177083333333333 0.7479871175523349 0.11277173913043478
9 0.6256038647342995 0.20357789855072464 0.748792270531401 0.11277173913043478
17 0.10024154589371981 0.9913949275362319 0.05555555555555555 0.01358695652173913
17 0.30152979066022545 0.9916213768115942 0.0893719806763285 0.014039855072463768
17 0.500402576489533 0.9916213768115942 0.10386473429951691 0.014039855072463768
17 0.7000805152979066 0.9902626811594203 0.1280193236714976 0.011322463768115942
17 0.8997584541062802 0.990036231884058 0.05394524959742351 0.010869565217391304
8 0.8997584541062802 0.9612771739130435 0.07971014492753623 0.012228260869565218
8 0.6988727858293076 0.9603713768115942 0.06924315619967794 0.03306159420289855
8 0.499194847020934 0.9612771739130435 0.06763285024154589 0.03759057971014493
8 0.2999194847020934 0.9617300724637682 0.06521739130434782 0.03940217391304348
8 0.0893719806763285 0.9605978260869565 0.0821256038647343 0.04076086956521739
8 0.08655394524959742 0.057744565217391304 0.03784219001610306 0.021286231884057972
8 0.9057971014492754 0.057518115942028984 0.0499194847020934 0.028079710144927536
8 0.7946859903381642 0.057518115942028984 0.0499194847020934 0.028079710144927536
17 0.25120772946859904 0.11594202898550725 0.12560386473429952 0.01358695652173913
7 0.3892914653784219 0.057291666666666664 0.6819645732689211 0.049365942028985504
20 0.500402576489533 0.011322463768115942 0.999194847020934 0.021739130434782608
