8 0.3007246376811594 0.9583333333333334 0.04911433172302738 0.034420289855072464
9 0.499597423510467 0.9596920289855072 0.06360708534621579 0.034420289855072464
9 0.10064412238325282 0.9592391304347826 0.04669887278582931 0.036231884057971016
17 0.10064412238325282 0.9909420289855072 0.06763285024154589 0.010869565217391304
17 0.2999194847020934 0.9904891304347826 0.07971014492753623 0.010869565217391304
17 0.500402576489533 0.9902626811594203 0.071658615136876 0.011322463768115942
17 0.8989533011272142 0.9904891304347826 0.05877616747181964 0.010869565217391304
8 0.9001610305958132 0.9590126811594203 0.061191626409017714 0.024003623188405796
17 0.6992753623188406 0.9902626811594203 0.05555555555555555 0.011322463768115942
8 0.7004830917874396 0.9590126811594203 0.057971014492753624 0.034873188405797104
17 0.16586151368760063 0.9166666666666666 0.24798711755233493 0.019021739130434784
17 0.5 0.06091485507246377 0.09500805152979067 0.020380434782608696
17 0.5 0.14243659420289856 0.5974235104669887 0.06204710144927536
17 0.19082125603864733 0.2552083333333333 0.2962962962962963 0.01585144927536232
17 0.286634460547504 0.32631340579710144 0.49597423510466987 0.07201086956521739
18 0.18760064412238325 0.40670289855072467 0.2962962962962963 0.04076086956521739
17 0.18639291465378421 0.4585597826086957 0.2616747181964573 0.020380434782608696
17 0.6356682769726248 0.579483695652174 0.39855072463768115 0.01947463768115942
17 0.6799516908212561 0.6741394927536232 0.49033816425120774 0.1236413043478261
18 0.5644122383252818 0.7728713768115942 0.2608695652173913 0.04030797101449275
9 0.7822061191626409 0.3491847826086957 0.4355877616747182 0.296195652173913
9 0.7954911433172303 0.8965126811594203 0.40901771336553944 0.07291666666666667
9 0.19404186795491143 0.6786684782608696 0.3864734299516908 0.31023550724637683
20 0.500402576489533 0.011322463768115942 0.999194847020934 0.021739130434782608
