20 0.500402576489533 0.011322463768115942 0.999194847020934 0.021739130434782608
8 0.07729468599033816 0.07631340579710146 0.04186795491143317 0.016757246376811596
17 0.9070048309178744 0.07857789855072464 0.08293075684380032 0.023097826086956524
17 0.499597423510467 0.12228260869565218 0.6127214170692431 0.026268115942028984
17 0.499194847020934 0.19519927536231885 0.7745571658615137 0.051630434782608696
18 0.500402576489533 0.3170289855072464 0.9041867954911433 0.08242753623188406
18 0.500402576489533 0.411911231884058 0.9041867954911433 0.08197463768115942
18 0.500402576489533 0.5067934782608696 0.9041867954911433 0.08242753623188406
18 0.500402576489533 0.6019021739130435 0.9041867954911433 0.08242753623188406
18 0.500805152979066 0.8777173913043478 0.8083735909822867 0.08242753623188406
