17 0.1392914653784219 0.5697463768115942 0.1819645732689211 0.01177536231884058
17 0.1823671497584541 0.4929800724637681 0.2665056360708535 0.011322463768115942
17 0.500402576489533 0.9422554347826088 0.8091787439613527 0.06748188405797101
18 0.500805152979066 0.8509963768115942 0.9436392914653784 0.06884057971014493
17 0.855475040257649 0.6141304347826088 0.18760064412238325 0.015398550724637682
17 0.15821256038647344 0.6143568840579711 0.21336553945249598 0.014945652173913044
7 0.500402576489533 0.5763134057971014 0.9041867954911433 0.024909420289855072
7 0.500805152979066 0.4995471014492754 0.9049919484702094 0.024456521739130436
17 0.501207729468599 0.3292572463768116 0.5048309178743962 0.036231884057971016
13 0.500805152979066 0.3663949275362319 0.06280193236714976 0.006340579710144928
8 0.06360708534621579 0.05298913043478261 0.028985507246376812 0.028079710144927536
9 0.500805152979066 0.1949728260869565 0.357487922705314 0.20969202898550726
17 0.4975845410628019 0.39809782608695654 0.5152979066022544 0.012681159420289856
20 0.500402576489533 0.011322463768115942 0.999194847020934 0.021739130434782608
