8 0.050724637681159424 0.25226449275362317 0.028985507246376812 0.042572463768115944
9 0.8087761674718197 0.9390851449275363 0.3824476650563607 0.12092391304347826
9 0.8136070853462157 0.7776268115942029 0.37278582930756843 0.19112318840579712
9 0.8095813204508857 0.5778985507246377 0.3808373590982287 0.1956521739130435
8 0.9492753623188406 0.25249094202898553 0.027375201288244767 0.042119565217391304
8 0.07809983896940419 0.07110507246376811 0.11755233494363929 0.0661231884057971
18 0.500402576489533 0.4320652173913044 0.392109500805153 0.044384057971014496
17 0.13727858293075684 0.5783514492753623 0.177938808373591 0.026268115942028984
17 0.2105475040257649 0.7758152173913043 0.3325281803542673 0.028079710144927536
17 0.1541867954911433 0.9710144927536232 0.21980676328502416 0.020833333333333332
9 0.500402576489533 0.25249094202898553 0.999194847020934 0.4506340579710145
20 0.500402576489533 0.011322463768115942 0.999194847020934 0.021739130434782608
