20 0.500402576489533 0.011096014492753624 0.999194847020934 0.021286231884057972
17 0.20330112721417068 0.0973731884057971 0.32286634460547503 0.03260869565217391
17 0.09702093397745572 0.19134963768115942 0.11030595813204509 0.016757246376811596
17 0.3164251207729469 0.19361413043478262 0.18840579710144928 0.021286231884057972
17 0.5752818035426731 0.19157608695652173 0.19082125603864733 0.017210144927536232
17 0.29549114331723025 0.28306159420289856 0.5056360708534622 0.026268115942028984
17 0.4685990338164251 0.3401268115942029 0.856682769726248 0.049818840579710144
17 0.2975040257648953 0.5092844202898551 0.5144927536231884 0.03215579710144927
17 0.23832528180354268 0.6985960144927537 0.2431561996779388 0.016757246376811596
17 0.6976650563607085 0.7004076086956522 0.21014492753623187 0.021286231884057972
17 0.23993558776167473 0.7312047101449275 0.08695652173913043 0.014945652173913044
17 0.6968599033816425 0.7314311594202899 0.08776167471819646 0.014492753623188406
9 0.2391304347826087 0.6290760869565217 0.15619967793880837 0.08786231884057971
9 0.6960547504025765 0.6295289855072463 0.1570048309178744 0.08786231884057971
18 0.23993558776167473 0.8383152173913043 0.28502415458937197 0.049818840579710144
18 0.6972624798711755 0.8383152173913043 0.28502415458937197 0.049818840579710144
8 0.0998389694041868 0.9676177536231885 0.04669887278582931 0.026721014492753624
8 0.3007246376811594 0.967391304347826 0.04750402576489533 0.026268115942028984
8 0.5 0.9676177536231885 0.03542673107890499 0.026721014492753624
8 0.6988727858293076 0.9669384057971014 0.05314009661835749 0.026268115942028984
8 0.8993558776167472 0.9671648550724637 0.04669887278582931 0.026721014492753624
