8 0.11744882850241545 0.6287670135869565 0.038591049919484706 0.01541242753623186
8 0.11743501288244766 0.7025791664402173 0.038616173913043485 0.015419669836956492
8 0.11748317552334944 0.7609713457880435 0.03862752012882448 0.01539202672101454
18 0.5004013264895331 0.9320916714221014 0.8833589106280194 0.07060258288043482
17 0.3234462709339775 0.7621324510869565 0.2913220909822867 0.018617049818840582
17 0.4521657387278583 0.8429173179347826 0.786769694847021 0.05344363224637678
17 0.4416507773752013 0.7060145226449276 0.52774918921095 0.024113586050724636
17 0.5217652250402576 0.6319375244565217 0.6927744790660226 0.055276013586956524
17 0.453368747584541 0.5445890011322464 0.7875500861513687 0.04890276041666673
17 0.43209598067632843 0.44905828374094203 0.7434842753623189 0.07603437998188402
8 0.09740297785829308 0.09276521739130435 0.04508265136876006 0.025302686594202903
9 0.5005856835748793 0.18565714175724637 0.9988286328502415 0.37040848641304347
20 0.5004025768921095 0.010897836730072465 0.9991948462157809 0.020889876358695655
