17 0.1320450885668277 0.31680253623188404 0.16264090177133655 0.017663043478260868
17 0.15499194847020933 0.3836050724637681 0.21175523349436393 0.021739130434782608
17 0.16747181964573268 0.44882246376811596 0.23510466988727857 0.021739130434782608
17 0.09782608695652174 0.5124547101449275 0.09420289855072464 0.017663043478260868
17 0.142914653784219 0.5774456521739131 0.1859903381642512 0.018115942028985508
17 0.10466988727858292 0.6428894927536232 0.10950080515297907 0.017663043478260868
17 0.15619967793880837 0.7078804347826088 0.21256038647342995 0.018115942028985508
17 0.2576489533011272 0.7730978260869565 0.41545893719806765 0.018115942028985508
17 0.1179549114331723 0.838088768115942 0.1360708534621578 0.017663043478260868
17 0.17914653784219 0.9051177536231885 0.25684380032206117 0.021286231884057972
17 0.13003220611916264 0.9685235507246377 0.16022544283413848 0.017663043478260868
8 0.9404186795491143 0.9694293478260869 0.020933977455716585 0.01947463768115942
8 0.9404186795491143 0.9042119565217391 0.020933977455716585 0.01947463768115942
8 0.9404186795491143 0.8389945652173914 0.020933977455716585 0.01947463768115942
8 0.9404186795491143 0.7735507246376812 0.020933977455716585 0.01992753623188406
8 0.9404186795491143 0.7083333333333334 0.020933977455716585 0.01992753623188406
8 0.9408212560386473 0.6431159420289855 0.020128824476650563 0.01992753623188406
8 0.9408212560386473 0.5778985507246377 0.020128824476650563 0.01992753623188406
8 0.9404186795491143 0.5126811594202899 0.020933977455716585 0.01992753623188406
8 0.9404186795491143 0.447463768115942 0.020933977455716585 0.01992753623188406
8 0.9408212560386473 0.38224637681159424 0.020128824476650563 0.01992753623188406
8 0.9404186795491143 0.3170289855072464 0.020933977455716585 0.01992753623188406
8 0.06481481481481481 0.05706521739130435 0.029790660225442835 0.028985507246376812
17 0.27294685990338163 0.18568840579710144 0.40418679549114334 0.01358695652173913
9 0.7330917874396136 0.18229166666666666 0.46296296296296297 0.13632246376811594
20 0.500402576489533 0.011322463768115942 0.999194847020934 0.021739130434782608
