17 0.2882447665056361 0.07201086956521739 0.20611916264090177 0.017210144927536232
8 0.12198067632850242 0.07382246376811594 0.023349436392914653 0.022644927536231884
20 0.500402576489533 0.012228260869565218 0.999194847020934 0.02355072463768116
17 0.322463768115942 0.2561141304347826 0.5225442834138486 0.03215579710144927
17 0.14049919484702095 0.5031702898550725 0.08454106280193237 0.019021739130434784
17 0.6513687600644122 0.5031702898550725 0.19162640901771336 0.019021739130434784
17 0.33172302737520126 0.620018115942029 0.5410628019323671 0.03170289855072464
17 0.4939613526570048 0.6614583333333334 0.8671497584541062 0.022192028985507248
17 0.09903381642512077 0.8829257246376812 0.08051529790660225 0.011322463768115942
17 0.5917874396135265 0.8822463768115942 0.15136876006441224 0.010869565217391304
17 0.25201288244766507 0.9055706521739131 0.3832528180354267 0.01585144927536232
17 0.7069243156199678 0.904891304347826 0.38164251207729466 0.014492753623188406
17 0.10024154589371981 0.9812047101449275 0.10547504025764895 0.011322463768115942
17 0.3003220611916264 0.9814311594202899 0.07890499194847021 0.010869565217391304
17 0.5 0.9818840579710145 0.06602254428341385 0.010869565217391304
17 0.7000805152979066 0.9816576086956522 0.0748792270531401 0.011322463768115942
17 0.8997584541062802 0.9812047101449275 0.09420289855072464 0.011322463768115942
8 0.4476650563607085 0.7269021739130435 0.04186795491143317 0.020833333333333332
8 0.9029790660225443 0.7264492753623188 0.04106280193236715 0.020833333333333332
8 0.10144927536231885 0.9501811594202899 0.05152979066022544 0.03170289855072464
8 0.30112721417069244 0.9504076086956522 0.05958132045088567 0.029438405797101448
9 0.500402576489533 0.9497282608695652 0.05233494363929146 0.03260869565217391
8 0.6996779388083736 0.9495018115942029 0.05475040257648953 0.030344202898550724
8 0.9001610305958132 0.9497282608695652 0.05958132045088567 0.03351449275362319
7 0.500805152979066 0.07382246376811594 0.8872785829307568 0.0661231884057971
18 0.1537842190016103 0.15534420289855072 0.19484702093397746 0.057971014492753624
18 0.37962962962962965 0.15534420289855072 0.21336553945249598 0.057971014492753624
9 0.2721417069243156 0.39288949275362317 0.428341384863124 0.16077898550724637
9 0.7282608695652174 0.39288949275362317 0.42914653784219003 0.16077898550724637
9 0.2721417069243156 0.786911231884058 0.428341384863124 0.16077898550724637
9 0.7286634460547504 0.7866847826086957 0.428341384863124 0.161231884057971
