20 0.500402576489533 0.011322463768115942 0.999194847020934 0.021739130434782608
8 0.06843800322061191 0.05683876811594203 0.03542673107890499 0.020380434782608696
17 0.5 0.05683876811594203 0.3365539452495974 0.016757246376811596
17 0.19001610305958133 0.11435688405797102 0.2946859903381642 0.023097826086956524
7 0.5 0.19542572463768115 0.9227053140096618 0.03306159420289855
17 0.12560386473429952 0.18659420289855072 0.16747181964573268 0.015398550724637682
7 0.500805152979066 0.27694746376811596 0.9227053140096618 0.03306159420289855
17 0.12359098228663445 0.26856884057971014 0.16344605475040258 0.015398550724637682
17 0.13325281803542674 0.3679800724637681 0.18438003220611915 0.028532608695652176
7 0.500402576489533 0.44474637681159424 0.9235104669887279 0.03351449275362319
17 0.08454106280193237 0.4361413043478261 0.0853462157809984 0.016304347826086956
7 0.500805152979066 0.525588768115942 0.9227053140096618 0.034873188405797104
8 0.9331723027375202 0.5190217391304348 0.05636070853462158 0.021739130434782608
17 0.11674718196457327 0.5185688405797102 0.1497584541062802 0.016304347826086956
17 0.33172302737520126 0.6256793478260869 0.5861513687600645 0.021286231884057972
8 0.6743156199677939 0.6227355072463768 0.029790660225442835 0.00996376811594203
17 0.2757648953301127 0.713088768115942 0.46618357487922707 0.023097826086956524
5 0.40136876006441224 0.7884963768115942 0.644927536231884 0.03170289855072464
17 0.4537037037037037 0.7887228260869565 0.5402576489533011 0.018568840579710144
17 0.5293880837359098 0.8408061594202899 0.6867954911433173 0.042119565217391304
5 0.31803542673107893 0.910552536231884 0.4782608695652174 0.03215579710144927
17 0.3719806763285024 0.9116847826086957 0.37037037037037035 0.021739130434782608
17 0.5020128824476651 0.9649003623188406 0.6336553945249598 0.04574275362318841
