17 0.30112721417069244 0.3507699275362319 0.28180354267310787 0.021286231884057972
8 0.10426731078904992 0.3475996376811594 0.0426731078904992 0.024003623188405796
17 0.500805152979066 0.9404438405797102 0.1529790660225443 0.023097826086956524
17 0.6388888888888888 0.8326539855072463 0.05877616747181964 0.014039855072463768
17 0.6368760064412239 0.8079710144927537 0.12077294685990338 0.016304347826086956
17 0.23148148148148148 0.8326539855072463 0.15539452495974235 0.014039855072463768
17 0.23107890499194847 0.8100090579710145 0.1320450885668277 0.020380434782608696
9 0.9263285024154589 0.670516304347826 0.1473429951690821 0.20244565217391305
9 0.6376811594202898 0.670516304347826 0.38164251207729466 0.20244565217391305
9 0.23268921095008052 0.6707427536231884 0.38164251207729466 0.2028985507246377
17 0.5 0.5244565217391305 0.3188405797101449 0.020833333333333332
7 0.5 0.34805253623188404 0.9227053140096618 0.07653985507246377
17 0.5 0.2416213768115942 0.5684380032206119 0.022192028985507248
17 0.500805152979066 0.1816123188405797 0.500805152979066 0.026268115942028984
8 0.08695652173913043 0.07631340579710146 0.040257648953301126 0.01585144927536232
20 0.500402576489533 0.011096014492753624 0.999194847020934 0.021286231884057972
