20 0.500402576489533 0.01177536231884058 0.999194847020934 0.022644927536231884
17 0.499597423510467 0.057518115942028984 0.250402576489533 0.017210144927536232
17 0.1457326892109501 0.2977807971014493 0.20772946859903382 0.017663043478260868
17 0.10587761674718196 0.573143115942029 0.12962962962962962 0.016757246376811596
17 0.17713365539452497 0.8498641304347826 0.2753623188405797 0.017663043478260868
17 0.10104669887278583 0.9916213768115942 0.0571658615136876 0.009510869565217392
17 0.3003220611916264 0.9913949275362319 0.05636070853462158 0.00996376811594203
17 0.5 0.9927536231884058 0.09339774557165861 0.01177536231884058
17 0.6988727858293076 0.9927536231884058 0.10305958132045089 0.01177536231884058
17 0.8989533011272142 0.9916213768115942 0.04750402576489533 0.009510869565217392
8 0.9001610305958132 0.9601449275362319 0.07568438003220612 0.010869565217391304
8 0.6980676328502415 0.958786231884058 0.07246376811594203 0.02717391304347826
8 0.49838969404186795 0.9624094202898551 0.09822866344605476 0.020833333333333332
8 0.29871175523349436 0.9590126811594203 0.04830917874396135 0.03125
8 0.10104669887278583 0.9596920289855072 0.050724637681159424 0.029891304347826088
8 0.7918679549114331 0.058423913043478264 0.04911433172302738 0.02717391304347826
8 0.8981481481481481 0.05502717391304348 0.07004830917874397 0.03306159420289855
9 0.500402576489533 0.21535326086956522 0.999194847020934 0.25407608695652173
9 0.500402576489533 0.4904891304347826 0.999194847020934 0.2554347826086957
9 0.500402576489533 0.766983695652174 0.999194847020934 0.254981884057971
9 0.500805152979066 0.9236865942028986 0.998389694041868 0.017663043478260868
