17 0.15177133655394526 0.41417572463768115 0.14251207729468598 0.014945652173913044
17 0.12842190016103058 0.27309782608695654 0.09581320450885668 0.014492753623188406
7 0.500402576489533 0.4148550724637681 0.9025764895330113 0.059782608695652176
7 0.500402576489533 0.2749094202898551 0.9025764895330113 0.059782608695652176
17 0.500805152979066 0.058876811594202896 0.3896940418679549 0.020833333333333332
17 0.9041867954911433 0.057744565217391304 0.09017713365539452 0.014039855072463768
17 0.47061191626409016 0.12681159420289856 0.8413848631239935 0.03894927536231884
17 0.09943639291465378 0.2078804347826087 0.09581320450885668 0.014492753623188406
17 0.12238325281803543 0.34805253623188404 0.14170692431561996 0.014039855072463768
17 0.29307568438003223 0.6028079710144928 0.11916264090177134 0.017210144927536232
17 0.6304347826086957 0.6025815217391305 0.2721417069243156 0.017663043478260868
18 0.5 0.4936594202898551 0.9033816425120773 0.059782608695652176
20 0.500402576489533 0.011322463768115942 0.999194847020934 0.021739130434782608
