17 0.1574074074074074 0.5203804347826086 0.19082125603864733 0.019021739130434784
17 0.20450885668276972 0.4037590579710145 0.28502415458937197 0.01947463768115942
17 0.16908212560386474 0.286911231884058 0.214170692431562 0.01947463768115942
17 0.16948470209339775 0.17006340579710144 0.21497584541062803 0.01947463768115942
18 0.5 0.9535778985507246 0.8840579710144928 0.060235507246376815
18 0.500805152979066 0.8091032608695652 0.8840579710144928 0.060235507246376815
17 0.4609500805152979 0.724411231884058 0.8043478260869565 0.04030797101449275
16 0.8808373590982287 0.6399456521739131 0.12399355877616747 0.042572463768115944
17 0.42069243156199676 0.6415307971014493 0.7254428341384863 0.05298913043478261
8 0.9130434782608695 0.5215126811594203 0.043478260869565216 0.01947463768115942
7 0.500402576489533 0.5305706521739131 0.8848631239935588 0.04030797101449275
7 0.5 0.41394927536231885 0.8840579710144928 0.03985507246376812
7 0.500402576489533 0.296875 0.8848631239935588 0.04030797101449275
7 0.500402576489533 0.18048007246376813 0.8848631239935588 0.04030797101449275
8 0.06843800322061191 0.05706521739130435 0.037037037037037035 0.020833333333333332
17 0.500805152979066 0.05366847826086957 0.3285024154589372 0.016757246376811596
20 0.500402576489533 0.011096014492753624 0.999194847020934 0.021286231884057972
