17 0.14452495974235105 0.12590579710144928 0.21014492753623187 0.02355072463768116
17 0.7894524959742351 0.3677536231884058 0.1956521739130435 0.015398550724637682
17 0.21256038647342995 0.36707427536231885 0.09339774557165861 0.016757246376811596
17 0.21215780998389694 0.411231884057971 0.21980676328502416 0.043478260869565216
17 0.7898550724637681 0.4110054347826087 0.19162640901771336 0.016757246376811596
17 0.21215780998389694 0.6716485507246377 0.177938808373591 0.015398550724637682
17 0.21175523349436393 0.7013134057971014 0.18679549114331723 0.016757246376811596
17 0.7898550724637681 0.6709692028985508 0.09339774557165861 0.016757246376811596
17 0.789049919484702 0.701766304347826 0.22383252818035426 0.01585144927536232
17 0.788647342995169 0.9932065217391305 0.18115942028985507 0.01358695652173913
18 0.5 0.9562952898550725 0.9516908212560387 0.060235507246376815
8 0.07809983896940419 0.057291666666666664 0.040257648953301126 0.023097826086956524
8 0.6618357487922706 0.057291666666666664 0.05475040257648953 0.030344202898550724
8 0.7922705314009661 0.05706521739130435 0.0499194847020934 0.025362318840579712
8 0.9227053140096618 0.057971014492753624 0.04508856682769726 0.020833333333333332
8 0.9158615136876006 0.12318840579710146 0.08776167471819646 0.049818840579710144
9 0.788244766505636 0.2509057971014493 0.30434782608695654 0.17119565217391305
9 0.21175523349436393 0.2509057971014493 0.30434782608695654 0.17119565217391305
9 0.21336553945249598 0.5545742753623188 0.3059581320450886 0.1716485507246377
9 0.788647342995169 0.5548007246376812 0.3035426731078905 0.17119565217391305
9 0.788647342995169 0.8317481884057971 0.3035426731078905 0.17074275362318841
9 0.21175523349436393 0.8310688405797102 0.30434782608695654 0.17119565217391305
20 0.500402576489533 0.011322463768115942 0.999194847020934 0.021739130434782608
