17 0.14492753623188406 0.41417572463768115 0.14170692431561996 0.014039855072463768
17 0.12439613526570048 0.2742300724637681 0.09581320450885668 0.014039855072463768
17 0.6308373590982287 0.6025815217391305 0.2713365539452496 0.017663043478260868
17 0.29307568438003223 0.6028079710144928 0.11916264090177134 0.017210144927536232
18 0.500402576489533 0.4936594202898551 0.9025764895330113 0.059782608695652176
7 0.500402576489533 0.4148550724637681 0.9025764895330113 0.059782608695652176
7 0.500402576489533 0.2749094202898551 0.9025764895330113 0.059782608695652176
17 0.12238325281803543 0.34805253623188404 0.14170692431561996 0.014039855072463768
17 0.09943639291465378 0.208106884057971 0.09581320450885668 0.014039855072463768
17 0.47061191626409016 0.12703804347826086 0.8413848631239935 0.0384963768115942
17 0.500805152979066 0.059103260869565216 0.3896940418679549 0.020380434782608696
17 0.12359098228663445 0.05706521739130435 0.09420289855072464 0.018115942028985508
8 0.046296296296296294 0.057744565217391304 0.029790660225442835 0.028532608695652176
20 0.500402576489533 0.011322463768115942 0.999194847020934 0.021739130434782608
