8 0.8997584541062802 0.9628623188405797 0.05877616747181964 0.021739130434782608
8 0.6984702093397746 0.963088768115942 0.06843800322061191 0.03306159420289855
8 0.5 0.9626358695652174 0.05636070853462158 0.030344202898550724
8 0.30112721417069244 0.9619565217391305 0.061191626409017714 0.03170289855072464
8 0.10104669887278583 0.9626358695652174 0.06038647342995169 0.034873188405797104
9 0.26288244766505636 0.855072463768116 0.4468599033816425 0.13677536231884058
9 0.7375201288244766 0.8557518115942029 0.4444444444444444 0.13541666666666666
9 0.7383252818035426 0.6385869565217391 0.4444444444444444 0.16032608695652173
9 0.26247987117552335 0.6381340579710145 0.44605475040257647 0.16032608695652173
9 0.26247987117552335 0.40919384057971014 0.44605475040257647 0.1598731884057971
9 0.7375201288244766 0.40874094202898553 0.44605475040257647 0.16077898550724637
9 0.7379227053140096 0.1800271739130435 0.4468599033816425 0.16077898550724637
9 0.2632850241545894 0.1791213768115942 0.44605475040257647 0.1598731884057971
17 0.5865539452495975 0.7459239130434783 0.0748792270531401 0.018115942028985508
17 0.142914653784219 0.7441123188405797 0.1392914653784219 0.014492753623188406
17 0.19363929146537842 0.5165307971014493 0.24235104669887278 0.018568840579710144
17 0.6863929146537843 0.5165307971014493 0.2713365539452496 0.018568840579710144
17 0.6469404186795491 0.2873641304347826 0.19404186795491143 0.01947463768115942
17 0.12318840579710146 0.2857789855072464 0.09822866344605476 0.014492753623188406
17 0.500805152979066 0.05865036231884058 0.22383252818035426 0.024003623188405796
20 0.500402576489533 0.011322463768115942 0.999194847020934 0.021739130434782608
