20 0.500402576489533 0.011322463768115942 0.999194847020934 0.021739130434782608
17 0.501207729468599 0.060235507246376815 0.393719806763285 0.020833333333333332
17 0.3896940418679549 0.16032608695652173 0.2109500805152979 0.021739130434782608
17 0.4557165861513688 0.19406702898550726 0.34299516908212563 0.021286231884057972
17 0.5495169082125604 0.3383152173913044 0.5322061191626409 0.03985507246376812
17 0.1316425120772947 0.3383152173913044 0.08293075684380032 0.015398550724637682
17 0.44323671497584544 0.43432971014492755 0.31803542673107893 0.017210144927536232
17 0.4444444444444444 0.4701086956521739 0.32045088566827695 0.020833333333333332
17 0.43196457326892107 0.6374547101449275 0.29549114331723025 0.016757246376811596
17 0.45611916264090174 0.6730072463768116 0.3421900161030596 0.020833333333333332
17 0.5583735909822867 0.8188405797101449 0.5466988727858293 0.043478260869565216
17 0.13043478260869565 0.8165760869565217 0.0821256038647343 0.015398550724637682
8 0.927536231884058 0.057291666666666664 0.02576489533011272 0.014945652173913044
8 0.8844605475040258 0.15828804347826086 0.0249597423510467 0.014039855072463768
8 0.8844605475040258 0.43410326086956524 0.0249597423510467 0.014039855072463768
8 0.8844605475040258 0.6370018115942029 0.0249597423510467 0.014039855072463768
9 0.16626409017713364 0.18591485507246377 0.15861513687600645 0.08922101449275363
9 0.16545893719806765 0.4617300724637681 0.15861513687600645 0.08922101449275363
9 0.16666666666666666 0.6646286231884058 0.15780998389694043 0.08922101449275363
18 0.4110305958132045 0.24818840579710144 0.25684380032206117 0.041666666666666664
18 0.4110305958132045 0.5240036231884058 0.25684380032206117 0.041666666666666664
18 0.4110305958132045 0.7271286231884058 0.25684380032206117 0.04121376811594203
18 0.5 0.9268568840579711 0.9227053140096618 0.05480072463768116
13 0.500402576489533 0.9658061594202899 0.0571658615136876 0.010416666666666666
