17 0.875328076489533 0.4990668296130952 0.09186901610305957 0.014286813244047668
17 0.1487990607890499 0.5070868900669643 0.17401030837359097 0.015348979538690478
17 0.19465131038647343 0.42677806677827385 0.2657785708534622 0.015283130580357096
17 0.5007176054750402 0.07546739918154761 0.12738926570048315 0.018798726190476192
17 0.49956749557165864 0.9315650122767857 0.270857805958132 0.02034223660714286
17 0.5006535724637681 0.8724497840401785 0.3715327407407408 0.02023551599702397
18 0.5004032950885668 0.7980766750372023 0.9221815885668277 0.06926282254464292
18 0.5003923607085345 0.7110603195684524 0.9223579613526571 0.0693992886904762
17 0.5012323747987119 0.6487756456473214 0.03561401368760067 0.009405045014880946
18 0.5004106606280194 0.5838496344866071 0.9221705933977455 0.0693000613839286
7 0.5003961203703703 0.5001845359002975 0.9220229557165861 0.06249305171130951
7 0.5004053224637681 0.4198601813616072 0.9220224404186795 0.0625083106398809
0 0.500402576489533 0.5492931547619048 0.999194847020934 0.9014136904761905
8 0.0463478808373591 0.07423623697916666 0.0300164154589372 0.02363081770833334
20 0.5136876006441223 0.025483630952380952 0.8679549114331723 0.013764880952380952
