17 0.09863123993558776 0.057744565217391304 0.09420289855072464 0.017663043478260868
17 0.16908212560386474 0.14855072463768115 0.09178743961352658 0.014492753623188406
17 0.3663446054750403 0.15058876811594202 0.143317230273752 0.017663043478260868
17 0.5752818035426731 0.1487771739130435 0.11674718196457327 0.014039855072463768
17 0.7954911433172303 0.14855072463768115 0.16586151368760063 0.014492753623188406
17 0.4975845410628019 0.22259963768115942 0.6698872785829307 0.033967391304347824
17 0.2898550724637681 0.3471467391304348 0.3333333333333333 0.05661231884057971
17 0.3111916264090177 0.5083786231884058 0.37600644122383253 0.057518115942028984
17 0.26288244766505636 0.6677989130434783 0.2777777777777778 0.05298913043478261
17 0.2677133655394525 0.8315217391304348 0.28743961352657005 0.05706521739130435
17 0.34339774557165864 0.9755434782608696 0.43719806763285024 0.021739130434782608
8 0.06159420289855073 0.890625 0.11674718196457327 0.06476449275362318
8 0.8582930756843801 0.9703351449275363 0.033816425120772944 0.013134057971014492
8 0.8582930756843801 0.8439764492753623 0.033816425120772944 0.013134057971014492
8 0.8582930756843801 0.6822916666666666 0.033816425120772944 0.013134057971014492
8 0.8582930756843801 0.5206068840579711 0.033816425120772944 0.013134057971014492
8 0.8582930756843801 0.3589221014492754 0.033816425120772944 0.013134057971014492
8 0.16948470209339775 0.11911231884057971 0.05394524959742351 0.030797101449275364
8 0.2556360708534622 0.12839673913043478 0.021739130434782608 0.022192028985507248
8 0.3667471819645733 0.11820652173913043 0.05233494363929146 0.02717391304347826
8 0.47705314009661837 0.12794384057971014 0.021739130434782608 0.022192028985507248
9 0.5756843800322061 0.11843297101449275 0.06763285024154589 0.026721014492753624
8 0.6743156199677939 0.12839673913043478 0.021739130434782608 0.022192028985507248
8 0.7966988727858293 0.11865942028985507 0.05877616747181964 0.025362318840579712
20 0.500402576489533 0.011322463768115942 0.999194847020934 0.021739130434782608
