20 0.5141055523349436 0.02550968452380952 0.8676627214170691 0.013959786458333333
17 0.8744965334138487 0.954464867001488 0.096815615942029 0.0108642578125
17 0.6254044685990338 0.9544656845238094 0.13808752012882444 0.010865892857142831
17 0.37571259299516907 0.9544602349330358 0.1241161698872786 0.010976518973214309
17 0.12555568639291464 0.9536873045014881 0.1577136272141707 0.008565085193452438
8 0.37527808615136876 0.9284281049107143 0.06053402415458935 0.03027870535714292
8 0.8749117399355879 0.9282395952380952 0.0669362045088566 0.030590148065476185
8 0.6255613317230274 0.9285979043898809 0.07192924315619963 0.027569453125000025
8 0.12553449677938808 0.928241593563988 0.06290282769726249 0.027609234747023675
9 0.7428464537037037 0.8059968039434523 0.46599791384863126 0.20276741741071427
8 0.9371980676328502 0.722470238095238 0.07729468599033816 0.03571428571428571
8 0.4497346863929147 0.7225451015625 0.07732930676328503 0.03586401264880952
9 0.25541116827697263 0.8060045014880952 0.4658771739130435 0.2028036116071428
17 0.14604127737520128 0.6801606359747023 0.21999473993558777 0.013458478794642844
17 0.2115861477455717 0.6308781532738095 0.3479987463768116 0.015457107886904691
8 0.4497220076489533 0.4234955651041667 0.07746661111111115 0.03593935267857137
9 0.2554043711755234 0.5100060191592262 0.466171077294686 0.20875117894345235
17 0.6475997898550725 0.6801608404017857 0.24806382930756846 0.013537089285714288
17 0.6532663784219002 0.6308688662574404 0.25613806280193235 0.01545797061011904
9 0.7428585426731079 0.5099393072916666 0.4659061159420291 0.20875526636904765
8 0.9371372781803542 0.4235024905133928 0.07717310708534625 0.035915056919642856
17 0.7297244110305958 0.3410456294642857 0.409152805958132 0.03358645684523809
9 0.7429590885668277 0.2111032349330357 0.4657726441223833 0.20866480319940475
8 0.9371980676328502 0.12462797619047618 0.07729468599033816 0.03571428571428571
17 0.13470634541062804 0.3812401408110119 0.19734413365539455 0.013402439360119004
17 0.1320003071658615 0.33194393210565476 0.191536846215781 0.01542761197916667
8 0.44966989170692434 0.12458725204613094 0.07757221980676333 0.035829385044642864
9 0.2554163236714976 0.21102309802827382 0.46596239613526574 0.2087363404017857
17 0.5012020040257649 0.07456225446428572 0.22714695330112722 0.01304159821428571
