17 0.4037842190016103 0.33627717391304346 0.41626409017713367 0.024003623188405796
17 0.3075684380032206 0.24456521739130435 0.22383252818035426 0.01992753623188406
17 0.27375201288244766 0.15489130434782608 0.15619967793880837 0.01992753623188406
8 0.11674718196457327 0.15534420289855072 0.04830917874396135 0.02717391304347826
7 0.5 0.15534420289855072 0.9033816425120773 0.06793478260869565
17 0.499194847020934 0.5878623188405797 0.12077294685990338 0.022644927536231884
17 0.5 0.552536231884058 0.463768115942029 0.022644927536231884
17 0.5 0.49660326086956524 0.7262479871175523 0.01947463768115942
18 0.5 0.42413949275362317 0.9033816425120773 0.06838768115942029
8 0.11674718196457327 0.33446557971014496 0.05152979066022544 0.03306159420289855
7 0.500805152979066 0.33446557971014496 0.9033816425120773 0.06838768115942029
8 0.11674718196457327 0.245018115942029 0.05152979066022544 0.03260869565217391
7 0.5 0.24479166666666666 0.9033816425120773 0.06838768115942029
17 0.500805152979066 0.059103260869565216 0.23027375201288244 0.023097826086956524
8 0.07568438003220612 0.05615942028985507 0.028985507246376812 0.028079710144927536
20 0.500402576489533 0.011096014492753624 0.999194847020934 0.021286231884057972
