17 0.501207729468599 0.806838768115942 0.026570048309178744 0.009510869565217392
17 0.5 0.9504076086956522 0.357487922705314 0.016757246376811596
18 0.500805152979066 0.869338768115942 0.9033816425120773 0.06838768115942029
18 0.500402576489533 0.7416213768115942 0.9041867954911433 0.06838768115942029
18 0.500805152979066 0.6628170289855072 0.9033816425120773 0.06838768115942029
17 0.49597423510466987 0.5627264492753623 0.893719806763285 0.023097826086956524
17 0.20048309178743962 0.5024909420289855 0.3027375201288245 0.030344202898550724
9 0.500805152979066 0.08106884057971014 0.28019323671497587 0.028985507246376812
9 0.499597423510467 0.30117753623188404 0.9975845410628019 0.6014492753623188
20 0.500402576489533 0.011322463768115942 0.999194847020934 0.021739130434782608
