17 0.1316425120772947 0.6161684782608696 0.15056360708534622 0.016757246376811596
17 0.1678743961352657 0.5235507246376812 0.22302737520128824 0.016304347826086956
17 0.11272141706924316 0.057291666666666664 0.12399355877616747 0.018568840579710144
17 0.499194847020934 0.05865036231884058 0.28019323671497587 0.024003623188405796
17 0.178743961352657 0.13020833333333334 0.28180354267310787 0.018568840579710144
17 0.27938808373590984 0.1743659420289855 0.214170692431562 0.017210144927536232
17 0.5020128824476651 0.46467391304347827 0.033011272141706925 0.01177536231884058
17 0.500805152979066 0.8118206521739131 0.34782608695652173 0.01585144927536232
18 0.5 0.7463768115942029 0.927536231884058 0.06793478260869565
9 0.09138486312399356 0.17459239130434784 0.0861513687600644 0.036684782608695655
8 0.894122383252818 0.6173007246376812 0.05394524959742351 0.020833333333333332
8 0.9424315619967794 0.17504528985507248 0.020128824476650563 0.018568840579710144
7 0.5 0.5246829710144928 0.927536231884058 0.05480072463768116
7 0.500402576489533 0.6170742753623188 0.926731078904992 0.05480072463768116
18 0.5 0.2760416666666667 0.927536231884058 0.06838768115942029
18 0.500805152979066 0.38745471014492755 0.927536231884058 0.06838768115942029
20 0.500402576489533 0.011322463768115942 0.999194847020934 0.021739130434782608
