17 0.501610305958132 0.059329710144927536 0.30917874396135264 0.024456521739130436
17 0.19887278582930756 0.12024456521739131 0.34299516908212563 0.016757246376811596
17 0.13003220611916264 0.17368659420289856 0.20853462157809985 0.018568840579710144
17 0.2971014492753623 0.21082427536231885 0.2882447665056361 0.014039855072463768
17 0.2922705314009662 0.23822463768115942 0.28019323671497587 0.017210144927536232
17 0.428743961352657 0.2905344202898551 0.78341384863124 0.0384963768115942
17 0.13647342995169082 0.4096467391304348 0.2214170692431562 0.018568840579710144
17 0.30877616747181963 0.46127717391304346 0.3132045088566828 0.04302536231884058
17 0.43156199677938806 0.5260416666666666 0.7906602254428341 0.0384963768115942
17 0.16908212560386474 0.6451539855072463 0.286634460547504 0.018568840579710144
17 0.8663446054750402 0.21875 0.07246376811594203 0.020833333333333332
17 0.8667471819645732 0.2418478260869565 0.12640901771336555 0.012681159420289856
17 0.8667471819645732 0.4544836956521739 0.09420289855072464 0.021286231884057972
17 0.8667471819645732 0.47758152173913043 0.1280193236714976 0.012228260869565218
17 0.30958132045088566 0.6967844202898551 0.3132045088566828 0.04302536231884058
17 0.8663446054750402 0.6906702898550725 0.10144927536231885 0.020833333333333332
17 0.8667471819645732 0.7133152173913043 0.1280193236714976 0.012681159420289856
17 0.4323671497584541 0.7620018115942029 0.7906602254428341 0.0384963768115942
17 0.1320450885668277 0.8811141304347826 0.2109500805152979 0.018568840579710144
17 0.8659420289855072 0.926177536231884 0.10386473429951691 0.020833333333333332
17 0.8667471819645732 0.9492753623188406 0.16183574879227053 0.012681159420289856
17 0.31561996779388085 0.9327445652173914 0.32689210950080516 0.04302536231884058
17 0.43760064412238325 0.9861865942028986 0.8011272141706924 0.014945652173913044
18 0.500805152979066 0.8226902173913043 0.92914653784219 0.04846014492753623
18 0.500402576489533 0.5869565217391305 0.928341384863124 0.04800724637681159
18 0.500805152979066 0.3509963768115942 0.927536231884058 0.04800724637681159
8 0.9396135265700483 0.057518115942028984 0.02576489533011272 0.014492753623188406
8 0.08574879227053141 0.2271286231884058 0.09742351046698873 0.05389492753623189
8 0.0853462157809984 0.4628623188405797 0.09822866344605476 0.05434782608695652
8 0.0853462157809984 0.6983695652173914 0.09822866344605476 0.05434782608695652
8 0.0861513687600644 0.9341032608695652 0.0998389694041868 0.05480072463768116
