17 0.499194847020934 0.05570652173913043 0.16264090177133655 0.018115942028985508
17 0.19122383252818034 0.12409420289855072 0.3035426731078905 0.019021739130434784
17 0.17753623188405798 0.3473731884057971 0.20853462157809985 0.017210144927536232
17 0.16706924315619967 0.592391304347826 0.1892109500805153 0.017210144927536232
17 0.14251207729468598 0.855072463768116 0.14009661835748793 0.017210144927536232
8 0.061191626409017714 0.057291666666666664 0.0499194847020934 0.020380434782608696
8 0.9335748792270532 0.348731884057971 0.018518518518518517 0.018115942028985508
8 0.9335748792270532 0.5932971014492754 0.018518518518518517 0.018115942028985508
8 0.9339774557165862 0.8559782608695652 0.017713365539452495 0.018115942028985508
9 0.499194847020934 0.2418478260869565 0.8824476650563607 0.14583333333333334
9 0.5205314009661836 0.479393115942029 0.9219001610305958 0.16077898550724637
9 0.4806763285024155 0.7332427536231885 0.9210950080515298 0.17844202898550726
9 0.501207729468599 0.953125 0.8816425120772947 0.09375
20 0.500402576489533 0.012001811594202898 0.999194847020934 0.023097826086956524
