17 0.2640901771336554 0.348731884057971 0.17391304347826086 0.018115942028985508
17 0.22987117552334943 0.2810235507246377 0.107085346215781 0.018568840579710144
17 0.2250402576489533 0.2126358695652174 0.09742351046698873 0.018568840579710144
17 0.499194847020934 0.6381340579710145 0.2222222222222222 0.018115942028985508
17 0.499597423510467 0.6019021739130435 0.49033816425120774 0.022644927536231884
17 0.501207729468599 0.5029438405797102 0.5917874396135265 0.033967391304347824
18 0.500805152979066 0.4322916666666667 0.6892109500805152 0.05480072463768116
7 0.500805152979066 0.3496376811594203 0.6876006441223832 0.05434782608695652
7 0.500402576489533 0.28170289855072467 0.6867954911433173 0.05434782608695652
7 0.500805152979066 0.213768115942029 0.6876006441223832 0.05434782608695652
17 0.9110305958132046 0.03215579710144927 0.07809983896940419 0.022644927536231884
17 0.500402576489533 0.03215579710144927 0.250402576489533 0.022644927536231884
8 0.06038647342995169 0.029211956521739132 0.02254428341384863 0.022192028985507248
