9 0.7317731429146538 0.8684141462862319 0.23445962399355869 0.07068164130434777
9 0.2627866195652174 0.8723263118206522 0.20221468196457326 0.11883296150362316
9 0.2687941288244767 0.6238289155344203 0.1754019307568438 0.1241403663949276
9 0.7317436574074074 0.6336384925271739 0.20901159983896947 0.05843469338768118
9 0.7257104649758455 0.3746525307971015 0.16897990901771331 0.11287070018115944
9 0.2737339041867955 0.37560920448369567 0.2353674847020934 0.04952016077898555
17 0.2674838695652174 0.737212913722826 0.2292499146537842 0.013156504076086975
17 0.731705694847021 0.7360838738677538 0.12469890338164251 0.015401204257246422
17 0.731691787037037 0.4873214667119565 0.10055758212560387 0.012221018568840586
17 0.2675003566827697 0.48732602762681154 0.0941264814814815 0.013154845108695688
17 0.5005388365539453 0.23086581023550726 0.4395183123993559 0.030838012681159415
17 0.5008848868760064 0.17062818138586958 0.6509706561996779 0.017246205163043468
8 0.9030902266505635 0.05728211096014493 0.04588094283413843 0.025783894927536233
8 0.813373461352657 0.057736659420289854 0.04502192914653785 0.025787173913043478
17 0.5003246980676328 0.05748809420289855 0.2977702560386474 0.023510369565217397
8 0.07685904106280195 0.05770844995471014 0.05540760225442835 0.031214755887681165
17 0.8314557648953301 0.1154375973731884 0.13596023349436395 0.012668291666666666
17 0.6484213566827697 0.11544459805253623 0.13192808051529795 0.012674635416666675
17 0.4999910805152979 0.11521544316123189 0.061955549114331654 0.012222725090579707
17 0.3588076976650564 0.1154309080615942 0.1126385628019324 0.012661602355072464
17 0.2273028152173913 0.11523620991847826 0.052300973429951686 0.012198883605072453
17 0.11946635144927535 0.11542528260869564 0.0635564500805153 0.012702347826086945
8 0.8998573780193236 0.9590344635416668 0.06034883011272135 0.03392249954710157
8 0.6987034158615137 0.9586141283967392 0.040869818840579705 0.03306391621376807
8 0.4992405253623188 0.9587875586503622 0.05877326811594202 0.03076171875
8 0.3004478047504026 0.9592585910326088 0.05724539855072461 0.03258790851449282
8 0.10099974919484701 0.9587990579710145 0.058749814009661824 0.030751767210144977
17 0.8994394198872786 0.9907045226449276 0.0949482938808373 0.013127865942028966
17 0.6987039565217391 0.9909565138134059 0.08771287600644122 0.012691552989130505
17 0.49922976288244764 0.9895945563858696 0.13591335185185188 0.01082810099637672
17 0.30050495772946856 0.9907378596014493 0.058737958937198104 0.013130851449275427
17 0.10097543921095008 0.9898165274003625 0.06679472866344605 0.010415561141304307
20 0.5004338111916264 0.011187753849637681 0.9991323776167472 0.021469710597826087
