17 0.5229468599033816 0.05706521739130435 0.10225442834138486 0.016304347826086956
17 0.7298711755233495 0.12454710144927536 0.0748792270531401 0.01358695652173913
17 0.2673107890499195 0.12432065217391304 0.14170692431561996 0.014039855072463768
17 0.20048309178743962 0.2502264492753623 0.24476650563607086 0.01585144927536232
17 0.19847020933977455 0.4519927536231884 0.23752012882447665 0.016304347826086956
17 0.1574074074074074 0.6535326086956522 0.15539452495974235 0.016304347826086956
17 0.14814814814814814 0.8557518115942029 0.13687600644122383 0.01585144927536232
17 0.10104669887278583 0.9664855072463768 0.04750402576489533 0.02717391304347826
8 0.3003220611916264 0.9655797101449275 0.06924315619967794 0.02717391304347826
8 0.49838969404186795 0.9660326086956522 0.0499194847020934 0.028079710144927536
8 0.6988727858293076 0.9660326086956522 0.0499194847020934 0.025362318840579712
8 0.8993558776167472 0.9660326086956522 0.0499194847020934 0.028079710144927536
9 0.8313204508856683 0.8489583333333334 0.21658615136876005 0.16802536231884058
9 0.8305152979066023 0.6530797101449275 0.25201288244766507 0.1802536231884058
9 0.8252818035426731 0.44995471014492755 0.09339774557165861 0.16802536231884058
9 0.7991143317230274 0.25 0.19082125603864733 0.1802536231884058
8 0.4416264090177134 0.057291666666666664 0.03462157809983897 0.020380434782608696
9 0.927536231884058 0.057291666666666664 0.05314009661835749 0.023097826086956524
7 0.5 0.057291666666666664 0.961352657004831 0.043931159420289856
20 0.500402576489533 0.011322463768115942 0.999194847020934 0.021739130434782608
