17 0.500402576489533 0.46218297101449274 0.1682769726247987 0.017663043478260868
17 0.500402576489533 0.4024003623188406 0.09259259259259259 0.017663043478260868
17 0.5 0.9356884057971014 0.23671497584541062 0.02355072463768116
17 0.500805152979066 0.9080615942028986 0.33172302737520126 0.01992753623188406
17 0.5020128824476651 0.6028079710144928 0.3309178743961353 0.019021739130434784
18 0.5 0.5373641304347826 0.7133655394524959 0.06204710144927536
7 0.500402576489533 0.463088768115942 0.7125603864734299 0.06114130434782609
7 0.500402576489533 0.40330615942028986 0.7125603864734299 0.06114130434782609
17 0.5 0.32042572463768115 0.03864734299516908 0.014039855072463768
17 0.5 0.06589673913043478 0.4524959742351047 0.024003623188405796
8 0.0607890499194847 0.06159420289855073 0.04911433172302738 0.028079710144927536
18 0.500402576489533 0.2321105072463768 0.7125603864734299 0.06114130434782609
18 0.5 0.1490036231884058 0.7133655394524959 0.06159420289855073
20 0.500402576489533 0.011322463768115942 0.999194847020934 0.021739130434782608
