8 0.8747987117552335 0.9590126811594203 0.05233494363929146 0.029438405797101448
17 0.16747181964573268 0.27921195652173914 0.24154589371980675 0.035778985507246376
17 0.499194847020934 0.27921195652173914 0.21256038647342995 0.035778985507246376
17 0.2971014492753623 0.42346014492753625 0.4170692431561997 0.026268115942028984
17 0.26811594202898553 0.6243206521739131 0.3784219001610306 0.022192028985507248
17 0.6505636070853462 0.6383605072463768 0.22544283413848631 0.051177536231884056
17 0.23792270531400966 0.6961050724637681 0.3196457326892109 0.017210144927536232
17 0.22946859903381642 0.745018115942029 0.2995169082125604 0.017210144927536232
17 0.19162640901771336 0.7943840579710145 0.22383252818035426 0.017210144927536232
17 0.1932367149758454 0.8428442028985508 0.23027375201288244 0.017210144927536232
17 0.20853462157809985 0.8917572463768116 0.25925925925925924 0.017210144927536232
17 0.8752012882447665 0.9904891304347826 0.09822866344605476 0.010869565217391304
17 0.6260064412238325 0.990036231884058 0.0748792270531401 0.010869565217391304
17 0.37600644122383253 0.990036231884058 0.10305958132045089 0.010869565217391304
17 0.12640901771336555 0.990036231884058 0.06763285024154589 0.010869565217391304
17 0.6380837359098228 0.9202898550724637 0.20209339774557167 0.017210144927536232
17 0.6396940418679549 0.8697916666666666 0.2037037037037037 0.014039855072463768
17 0.6288244766505636 0.8208786231884058 0.1819645732689211 0.014039855072463768
17 0.6235909822866345 0.7719655797101449 0.17149758454106281 0.014039855072463768
17 0.6268115942028986 0.7235054347826088 0.177938808373591 0.014039855072463768
17 0.8329307568438004 0.26992753623188404 0.24557165861513688 0.017210144927536232
8 0.927536231884058 0.057744565217391304 0.05475040257648953 0.029438405797101448
8 0.06602254428341385 0.05434782608695652 0.05475040257648953 0.025362318840579712
9 0.16706924315619967 0.18410326086956522 0.25684380032206117 0.09103260869565218
9 0.500402576489533 0.18432971014492755 0.25684380032206117 0.09057971014492754
9 0.8337359098228664 0.18455615942028986 0.25684380032206117 0.09103260869565218
9 0.7298711755233495 0.5328351449275363 0.285829307568438 0.10914855072463768
9 0.26972624798711753 0.532608695652174 0.28502415458937197 0.10869565217391304
8 0.1247987117552335 0.9583333333333334 0.05152979066022544 0.019021739130434784
9 0.3752012882447665 0.9599184782608696 0.05152979066022544 0.024909420289855072
9 0.6243961352657005 0.9578804347826088 0.05394524959742351 0.02355072463768116
20 0.500402576489533 0.011322463768115942 0.999194847020934 0.021739130434782608
