17 0.250402576489533 0.059782608695652176 0.12560386473429952 0.020833333333333332
17 0.751610305958132 0.058197463768115944 0.08776167471819646 0.01585144927536232
17 0.4033816425120773 0.3697916666666667 0.6489533011272142 0.05480072463768116
17 0.4863123993558776 0.453125 0.8132045088566827 0.04030797101449275
17 0.16022544283413848 0.5027173913043478 0.16264090177133655 0.014492753623188406
17 0.12600644122383253 0.9904891304347826 0.061996779388083734 0.010869565217391304
17 0.37600644122383253 0.9916213768115942 0.08695652173913043 0.013134057971014492
17 0.6252012882447665 0.990036231884058 0.1473429951690821 0.00996376811594203
17 0.8747987117552335 0.9916213768115942 0.09742351046698873 0.014039855072463768
9 0.500805152979066 0.2105978260869565 0.9484702093397746 0.223731884057971
9 0.500805152979066 0.7370923913043478 0.9484702093397746 0.35643115942028986
8 0.12560386473429952 0.9592391304347826 0.04669887278582931 0.03260869565217391
8 0.3747987117552335 0.9590126811594203 0.04911433172302738 0.0276268115942029
8 0.6256038647342995 0.9592391304347826 0.0499194847020934 0.028079710144927536
8 0.8756038647342995 0.9594655797101449 0.04911433172302738 0.0276268115942029
20 0.500402576489533 0.011322463768115942 0.999194847020934 0.021739130434782608
