17 0.4754428341384863 0.07495471014492754 0.32286634460547503 0.024003623188405796
8 0.2830112721417069 0.07223731884057971 0.033011272141706925 0.018568840579710144
9 0.8305152979066023 0.07223731884057971 0.04911433172302738 0.018568840579710144
17 0.1360708534621578 0.2151268115942029 0.07246376811594203 0.017210144927536232
17 0.13848631239935588 0.27966485507246375 0.07890499194847021 0.017663043478260868
17 0.1497584541062802 0.33491847826086957 0.0998389694041868 0.017663043478260868
17 0.1747181964573269 0.3942481884057971 0.1497584541062802 0.017663043478260868
17 0.1541867954911433 0.4540307971014493 0.10869565217391304 0.017663043478260868
17 0.1723027375201288 0.5138134057971014 0.14814814814814814 0.017663043478260868
17 0.15619967793880837 0.5760869565217391 0.11594202898550725 0.022644927536231884
17 0.14895330112721417 0.6336050724637681 0.0998389694041868 0.017210144927536232
17 0.16022544283413848 0.693161231884058 0.12238325281803543 0.017663043478260868
17 0.16465378421900162 0.7529438405797102 0.12962962962962962 0.017663043478260868
17 0.10064412238325282 0.9907155797101449 0.06763285024154589 0.010416666666666666
17 0.3003220611916264 0.9904891304347826 0.08051529790660225 0.010869565217391304
17 0.5 0.9907155797101449 0.0853462157809984 0.010416666666666666
17 0.6984702093397746 0.9916213768115942 0.10386473429951691 0.013134057971014492
17 0.8993558776167472 0.9904891304347826 0.12560386473429952 0.010869565217391304
17 0.21980676328502416 0.16508152173913043 0.35426731078904994 0.024909420289855072
8 0.9319645732689211 0.07359601449275363 0.05877616747181964 0.0276268115942029
8 0.05877616747181964 0.21535326086956522 0.0322061191626409 0.011322463768115942
8 0.05877616747181964 0.27468297101449274 0.0322061191626409 0.011322463768115942
8 0.05837359098228664 0.33469202898550726 0.033011272141706925 0.010869565217391304
8 0.05877616747181964 0.39470108695652173 0.0322061191626409 0.011322463768115942
8 0.05877616747181964 0.4542572463768116 0.0322061191626409 0.010869565217391304
8 0.05877616747181964 0.5138134057971014 0.0322061191626409 0.011322463768115942
8 0.05877616747181964 0.5735960144927537 0.0322061191626409 0.011322463768115942
8 0.05877616747181964 0.6333786231884058 0.0322061191626409 0.011322463768115942
8 0.05877616747181964 0.693161231884058 0.0322061191626409 0.011322463768115942
8 0.05877616747181964 0.7531702898550725 0.0322061191626409 0.010869565217391304
8 0.10104669887278583 0.9592391304347826 0.05394524959742351 0.028079710144927536
8 0.2999194847020934 0.9592391304347826 0.04911433172302738 0.028079710144927536
8 0.499597423510467 0.9592391304347826 0.04911433172302738 0.028079710144927536
8 0.6992753623188406 0.9585597826086957 0.05233494363929146 0.029438405797101448
9 0.8961352657004831 0.9585597826086957 0.05475040257648953 0.029438405797101448
7 0.45652173913043476 0.07223731884057971 0.8357487922705314 0.049365942028985504
20 0.500402576489533 0.011322463768115942 0.999194847020934 0.021739130434782608
