17 0.48792270531400966 0.9298007246376812 0.28180354267310787 0.019021739130434784
9 0.48792270531400966 0.779891304347826 0.9259259259259259 0.37228260869565216
17 0.27294685990338163 0.5652173913043478 0.43800322061191627 0.024456521739130436
8 0.6139291465378421 0.4689764492753623 0.1972624798711755 0.01585144927536232
17 0.8739935587761675 0.49705615942028986 0.09742351046698873 0.016757246376811596
17 0.8578904991948471 0.47101449275362317 0.12962962962962962 0.01177536231884058
17 0.6956521739130435 0.4375 0.36231884057971014 0.017210144927536232
17 0.6871980676328502 0.4116847826086957 0.3470209339774557 0.017210144927536232
9 0.7214170692431562 0.2884963768115942 0.44605475040257647 0.20380434782608695
17 0.39895330112721417 0.49728260869565216 0.09742351046698873 0.016304347826086956
17 0.3828502415458937 0.47101449275362317 0.12962962962962962 0.01177536231884058
8 0.1392914653784219 0.469429347826087 0.19806763285024154 0.01585144927536232
17 0.21256038647342995 0.4372735507246377 0.3446054750402576 0.016757246376811596
17 0.23510466988727857 0.4114583333333333 0.392914653784219 0.016757246376811596
9 0.24557165861513688 0.2882699275362319 0.44605475040257647 0.20335144927536233
18 0.9017713365539453 0.1526268115942029 0.14814814814814814 0.041666666666666664
17 0.40619967793880835 0.15240036231884058 0.7061191626409018 0.024909420289855072
8 0.06159420289855073 0.057291666666666664 0.0249597423510467 0.026721014492753624
17 0.501610305958132 0.059556159420289856 0.30112721417069244 0.024909420289855072
8 0.9057971014492754 0.057744565217391304 0.04669887278582931 0.024909420289855072
8 0.7999194847020934 0.057518115942028984 0.04750402576489533 0.024456521739130436
20 0.500402576489533 0.011096014492753624 0.999194847020934 0.021286231884057972
