17 0.15821256038647344 0.3186141304347826 0.21658615136876005 0.021286231884057972
17 0.1320450885668277 0.3820199275362319 0.16264090177133655 0.017663043478260868
17 0.19243156199677938 0.4472373188405797 0.28502415458937197 0.017663043478260868
17 0.14895330112721417 0.5122282608695652 0.19806763285024154 0.018115942028985508
17 0.1469404186795491 0.5790307971014493 0.19404186795491143 0.021286231884057972
17 0.1356682769726248 0.6442481884057971 0.16988727858293076 0.021286231884057972
17 0.16264090177133655 0.7092391304347826 0.22383252818035426 0.020833333333333332
17 0.19524959742351047 0.7733242753623188 0.2922705314009662 0.017663043478260868
17 0.07930756843800323 0.8383152173913043 0.0571658615136876 0.018115942028985508
17 0.13285024154589373 0.9035326086956522 0.1642512077294686 0.018115942028985508
17 0.13325281803542674 0.96875 0.16505636070853463 0.018115942028985508
8 0.06481481481481481 0.05683876811594203 0.029790660225442835 0.028532608695652176
17 0.2636876006441224 0.18568840579710144 0.14412238325281804 0.01358695652173913
9 0.7330917874396136 0.18229166666666666 0.46296296296296297 0.13632246376811594
8 0.9408212560386473 0.3170289855072464 0.020128824476650563 0.01992753623188406
8 0.9404186795491143 0.38247282608695654 0.020933977455716585 0.01947463768115942
8 0.9412238325281803 0.4476902173913044 0.020933977455716585 0.01947463768115942
8 0.9404186795491143 0.5126811594202899 0.020933977455716585 0.01992753623188406
8 0.9408212560386473 0.578125 0.020128824476650563 0.01947463768115942
8 0.9404186795491143 0.6433423913043478 0.020933977455716585 0.01947463768115942
8 0.9404186795491143 0.7085597826086957 0.020933977455716585 0.01947463768115942
8 0.9404186795491143 0.7737771739130435 0.020933977455716585 0.01947463768115942
8 0.9408212560386473 0.838768115942029 0.020128824476650563 0.01992753623188406
8 0.9408212560386473 0.9042119565217391 0.020128824476650563 0.01947463768115942
8 0.9404186795491143 0.9692028985507246 0.020933977455716585 0.01992753623188406
20 0.500402576489533 0.011322463768115942 0.999194847020934 0.021739130434782608
