17 0.500805152979066 0.05706521739130435 0.2431561996779388 0.019021739130434784
17 0.14855072463768115 0.059329710144927536 0.14895330112721417 0.022644927536231884
17 0.4714170692431562 0.11820652173913043 0.8446054750402576 0.03894927536231884
17 0.11151368760064412 0.17957427536231885 0.12318840579710146 0.014039855072463768
17 0.23148148148148148 0.2318840579710145 0.35990338164251207 0.022644927536231884
17 0.22665056360708535 0.2896286231884058 0.3502415458937198 0.018568840579710144
17 0.47705314009661837 0.3532608695652174 0.8542673107890499 0.03985507246376812
17 0.19243156199677938 0.4159873188405797 0.28502415458937197 0.014039855072463768
17 0.25483091787439616 0.4682971014492754 0.4082125603864734 0.022644927536231884
17 0.2673107890499195 0.5280797101449275 0.4331723027375201 0.022644927536231884
17 0.3111916264090177 0.5874094202898551 0.5209339774557166 0.022644927536231884
17 0.48429951690821255 0.6492300724637681 0.8687600644122383 0.03940217391304348
17 0.2041062801932367 0.7291666666666666 0.09420289855072464 0.018115942028985508
17 0.27979066022544286 0.7576992753623188 0.2471819645732689 0.016304347826086956
17 0.23268921095008052 0.8842844202898551 0.1529790660225443 0.017663043478260868
17 0.27938808373590984 0.9125905797101449 0.24798711755233493 0.016304347826086956
17 0.3071658615136876 0.9633152173913043 0.30193236714975846 0.022644927536231884
17 0.28019323671497587 0.990036231884058 0.24798711755233493 0.016304347826086956
8 0.04669887278582931 0.057518115942028984 0.030595813204508857 0.028985507246376812
16 0.8904991948470209 0.22894021739130435 0.12399355877616747 0.04302536231884058
16 0.8904991948470209 0.28872282608695654 0.12399355877616747 0.04302536231884058
16 0.8904991948470209 0.4649003623188406 0.12399355877616747 0.04302536231884058
16 0.8900966183574879 0.5246829710144928 0.1247987117552335 0.04302536231884058
16 0.8904991948470209 0.5844655797101449 0.12399355877616747 0.04302536231884058
8 0.9428341384863124 0.7432065217391305 0.01932367149758454 0.018115942028985508
8 0.9424315619967794 0.8206521739130435 0.020128824476650563 0.018115942028985508
8 0.9420289855072463 0.8978713768115942 0.020933977455716585 0.018568840579710144
8 0.9424315619967794 0.9755434782608696 0.020128824476650563 0.018115942028985508
9 0.08373590982286634 0.7418478260869565 0.07085346215780998 0.03985507246376812
9 0.08373590982286634 0.8190670289855072 0.07085346215780998 0.04030797101449275
9 0.08454106280193237 0.8967391304347826 0.07085346215780998 0.03985507246376812
9 0.08454106280193237 0.9741847826086957 0.07085346215780998 0.03985507246376812
17 0.25120772946859904 0.8066123188405797 0.18840579710144928 0.018115942028985508
17 0.28019323671497587 0.8351449275362319 0.24798711755233493 0.016304347826086956
20 0.500402576489533 0.011322463768115942 0.999194847020934 0.021739130434782608
