20 0.500402576489533 0.011096014492753624 0.999194847020934 0.021286231884057972
17 0.43800322061191627 0.058876811594202896 0.07568438003220612 0.017210144927536232
17 0.16747181964573268 0.15783514492753623 0.25442834138486314 0.03759057971014493
17 0.9017713365539453 0.24207427536231885 0.1143317230273752 0.016757246376811596
17 0.14170692431561996 0.24433876811594205 0.1996779388083736 0.021286231884057972
17 0.24436392914653784 0.3242753623188406 0.4082125603864734 0.021739130434782608
17 0.1706924315619968 0.40466485507246375 0.2576489533011272 0.021286231884057972
17 0.16344605475040258 0.5165307971014493 0.24798711755233493 0.036684782608695655
17 0.1388888888888889 0.6030344202898551 0.1956521739130435 0.021286231884057972
17 0.2359098228663446 0.6816123188405797 0.392914653784219 0.021739130434782608
17 0.13325281803542674 0.7900815217391305 0.1892109500805153 0.028532608695652176
17 0.10144927536231885 0.8779438405797102 0.12399355877616747 0.016757246376811596
17 0.8498389694041868 0.8788496376811594 0.21658615136876005 0.023097826086956524
16 0.9078099838969405 0.32404891304347827 0.08132045088566828 0.024003623188405796
8 0.9516908212560387 0.40217391304347827 0.020933977455716585 0.01992753623188406
8 0.10104669887278583 0.9676177536231885 0.04589371980676329 0.026721014492753624
8 0.3003220611916264 0.9669384057971014 0.04669887278582931 0.026268115942028984
8 0.499597423510467 0.967391304347826 0.036231884057971016 0.02717391304347826
8 0.6988727858293076 0.9671648550724637 0.05314009661835749 0.026721014492753624
8 0.8993558776167472 0.9676177536231885 0.04669887278582931 0.026721014492753624
8 0.9516908212560387 0.6003170289855072 0.020933977455716585 0.01947463768115942
8 0.9520933977455717 0.6788949275362319 0.020128824476650563 0.01992753623188406
