17 0.5 0.11707427536231885 0.42028985507246375 0.01585144927536232
8 0.4396135265700483 0.9078351449275363 0.04508856682769726 0.023097826086956524
17 0.0889694041867955 0.8840579710144928 0.09903381642512077 0.018115942028985508
17 0.13003220611916264 0.9085144927536232 0.17954911433172302 0.018115942028985508
9 0.12560386473429952 0.9583333333333334 0.06602254428341385 0.03713768115942029
17 0.12681159420289856 0.9891304347826088 0.071658615136876 0.01177536231884058
17 0.37600644122383253 0.9891304347826088 0.10305958132045089 0.01177536231884058
8 0.3752012882447665 0.9581068840579711 0.05314009661835749 0.03125
8 0.6252012882447665 0.9581068840579711 0.061996779388083734 0.03125
17 0.6260064412238325 0.9891304347826088 0.10869565217391304 0.01177536231884058
17 0.8752012882447665 0.9891304347826088 0.06924315619967794 0.01177536231884058
8 0.8747987117552335 0.9583333333333334 0.06038647342995169 0.034420289855072464
8 0.9396135265700483 0.9078351449275363 0.04508856682769726 0.023097826086956524
17 0.6292270531400966 0.9082880434782609 0.17954911433172302 0.018568840579710144
17 0.5881642512077294 0.8840579710144928 0.09903381642512077 0.018115942028985508
17 0.5881642512077294 0.4363677536231884 0.09903381642512077 0.018568840579710144
17 0.6296296296296297 0.46059782608695654 0.178743961352657 0.018115942028985508
8 0.44041867954911434 0.45991847826086957 0.04508856682769726 0.023097826086956524
17 0.08977455716586151 0.4365942028985507 0.09903381642512077 0.018115942028985508
17 0.0893719806763285 0.46105072463768115 0.09822866344605476 0.018115942028985508
9 0.750402576489533 0.7205615942028986 0.42351046698872785 0.23822463768115942
9 0.25120772946859904 0.7205615942028986 0.42351046698872785 0.23822463768115942
9 0.75 0.2726449275362319 0.4227053140096618 0.23822463768115942
9 0.250402576489533 0.2726449275362319 0.42351046698872785 0.23822463768115942
8 0.08172302737520129 0.11707427536231885 0.02818035426731079 0.01585144927536232
8 0.5801127214170693 0.057291666666666664 0.020128824476650563 0.007699275362318841
17 0.47987117552334946 0.057518115942028984 0.13687600644122383 0.016304347826086956
7 0.500805152979066 0.11707427536231885 0.9227053140096618 0.04664855072463768
8 0.9299516908212561 0.057518115942028984 0.04508856682769726 0.025362318840579712
20 0.500805152979066 0.012001811594202898 0.998389694041868 0.023097826086956524
