17 0.1487991376811594 0.502710115327381 0.17425267471819642 0.015210560267857142
17 0.1947231046698873 0.42675617764136903 0.26601215136876005 0.01540974218749995
17 0.8672569138486311 0.49460095461309517 0.09191496457326888 0.014250482886904758
17 0.5008374150563608 0.07512662239583333 0.24100901046698878 0.018089470238095234
17 0.4999894037842191 0.8679225558035715 0.918593807568438 0.0424286979166666
18 0.500359172705314 0.7757597196800594 0.9222609879227054 0.06929910751488093
18 0.5003751714975845 0.6931931177455356 0.922333761674718 0.06931096019345238
17 0.500805152979066 0.6352306547619048 0.03542673107890499 0.009300595238095238
18 0.5003943401771336 0.5749562126116071 0.922188686795491 0.0692421142113095
7 0.5003878921095009 0.4957254955357142 0.9220305668276974 0.06250127157738096
7 0.5003990535426731 0.41985700241815477 0.9220406787439612 0.06251094456845237
0 0.500402576489533 0.5492931547619048 0.999194847020934 0.9014136904761905
8 0.04634535587761675 0.0742128634672619 0.029888779388083736 0.02350361011904761
20 0.5136876006441223 0.025483630952380952 0.8679549114331723 0.013764880952380952
