9 0.7375201288244766 0.9177989130434783 0.4476650563607085 0.011322463768115942
9 0.26288244766505636 0.917572463768116 0.4468599033816425 0.01177536231884058
8 0.9013687600644122 0.9626358695652174 0.061996779388083734 0.024003623188405796
8 0.6984702093397746 0.963088768115942 0.06843800322061191 0.03306159420289855
8 0.5 0.9624094202898551 0.05636070853462158 0.030797101449275364
8 0.3007246376811594 0.9619565217391305 0.061996779388083734 0.03170289855072464
8 0.10104669887278583 0.9628623188405797 0.06038647342995169 0.035326086956521736
17 0.24476650563607086 0.651947463768116 0.40901771336553944 0.024003623188405796
9 0.7379227053140096 0.7638134057971014 0.4468599033816425 0.16077898550724637
9 0.26247987117552335 0.7631340579710145 0.44605475040257647 0.16032608695652173
9 0.26288244766505636 0.46716485507246375 0.44524959742351045 0.1598731884057971
9 0.7379227053140096 0.46648550724637683 0.4468599033816425 0.161231884057971
9 0.7375201288244766 0.23731884057971014 0.4476650563607085 0.161231884057971
9 0.26247987117552335 0.23731884057971014 0.4476650563607085 0.161231884057971
17 0.6936392914653784 0.8711503623188406 0.28743961352657005 0.018568840579710144
17 0.17632850241545894 0.869338768115942 0.2028985507246377 0.014945652173913044
17 0.6171497584541062 0.5717844202898551 0.13285024154589373 0.01585144927536232
17 0.1706924315619968 0.5720108695652174 0.19484702093397746 0.015398550724637682
17 0.13808373590982287 0.3423913043478261 0.1247987117552335 0.015398550724637682
17 0.6171497584541062 0.3448822463768116 0.1360708534621578 0.018568840579710144
17 0.24838969404186795 0.12635869565217392 0.41626409017713367 0.02355072463768116
17 0.5 0.058876811594202896 0.22383252818035426 0.024456521739130436
20 0.500402576489533 0.011322463768115942 0.999194847020934 0.021739130434782608
