20 0.500402576489533 0.01177536231884058 0.999194847020934 0.022644927536231884
8 0.8200483091787439 0.05683876811594203 0.033011272141706925 0.020380434782608696
8 0.9323671497584541 0.05661231884057971 0.03542673107890499 0.020833333333333332
9 0.10024154589371981 0.958786231884058 0.05555555555555555 0.03170289855072464
9 0.30112721417069244 0.9599184782608696 0.05475040257648953 0.029438405797101448
9 0.5 0.9599184782608696 0.05475040257648953 0.029438405797101448
8 0.6996779388083736 0.9599184782608696 0.05475040257648953 0.029438405797101448
8 0.8973429951690821 0.9590126811594203 0.04428341384863124 0.03125
17 0.10064412238325282 0.9907155797101449 0.06763285024154589 0.010416666666666666
17 0.30112721417069244 0.9916213768115942 0.11755233494363929 0.014039855072463768
17 0.499194847020934 0.9913949275362319 0.05958132045088567 0.01358695652173913
17 0.6988727858293076 0.9902626811594203 0.09500805152979067 0.011322463768115942
17 0.8985507246376812 0.9904891304347826 0.08051529790660225 0.010869565217391304
17 0.1461352657004831 0.9257246376811594 0.1360708534621578 0.014492753623188406
17 0.11714975845410627 0.7398097826086957 0.07809983896940419 0.016757246376811596
17 0.13526570048309178 0.5552536231884058 0.1143317230273752 0.020833333333333332
17 0.17149758454106281 0.36594202898550726 0.19001610305958133 0.017210144927536232
17 0.2471819645732689 0.18206521739130435 0.33816425120772947 0.021739130434782608
17 0.500805152979066 0.057971014492753624 0.10628019323671498 0.02717391304347826
9 0.500402576489533 0.886322463768116 0.9219001610305958 0.09329710144927536
9 0.5 0.7411684782608696 0.9227053140096618 0.17617753623188406
9 0.500402576489533 0.5545742753623188 0.9219001610305958 0.17617753623188406
9 0.500805152979066 0.36752717391304346 0.9227053140096618 0.17617753623188406
9 0.5 0.18093297101449277 0.9227053140096618 0.17527173913043478
