17 0.2755625873590982 0.11430649479166666 0.303478271336554 0.022292973278985502
9 0.2602576336553945 0.8863155806159421 0.44199980998389693 0.09331086775362324
9 0.740590118357488 0.886361439990942 0.4418242576489534 0.09325895425724635
8 0.10056924718196457 0.9594827733242753 0.04834265700483092 0.029456428894927392
8 0.2984709685990338 0.9588444474637682 0.057989615136876005 0.03349868115942026
8 0.49956658655394526 0.9599344558423913 0.06128131159420283 0.028610561141304273
8 0.6959347439613527 0.9594983086503623 0.06286562157809977 0.0340125040760869
8 0.8986218341384864 0.9588004402173913 0.0435206215780998 0.029013923913043405
8 0.4308166871980676 0.7820181363224639 0.0637151247987118 0.02950795471014491
8 0.9111043590982286 0.7820283915307972 0.06365475362318833 0.02948324230072466
8 0.911025632447665 0.4411447221467391 0.06361701207729462 0.02958203759057971
8 0.43081959903381645 0.44113407971014496 0.06360708534621579 0.029438405797101448
8 0.08727955152979067 0.11271328849637682 0.03787663285024156 0.021764589673913037
8 0.04630472423510467 0.0577173768115942 0.029807516103059577 0.028591298007246378
17 0.10096891223832527 0.990948276268116 0.08616865539452495 0.012719085144927552
17 0.3000948623188406 0.9895821170742753 0.08052239935587763 0.010871997735507335
17 0.5 0.9895833333333334 0.10628019323671498 0.010869565217391304
17 0.6991092355072464 0.9898161403985508 0.04994272866344605 0.01044928532608688
17 0.8998389987922705 0.989813265625 0.03305127455716601 0.010442208786232015
17 0.5647488160225442 0.795377040307971 0.0805840974235104 0.01547285416666659
17 0.6729756968599034 0.7702754200634058 0.29850358695652174 0.016817562952898518
17 0.08690747866344606 0.7702616263586956 0.08861129871175523 0.016848577898550703
17 0.08530050080515299 0.7953595975996376 0.08216966022544284 0.01546693885869563
17 0.13839758534621577 0.42938365104166665 0.19002922383252815 0.016837742300724632
17 0.08527540096618358 0.4545331347373189 0.08218020128824477 0.015472329257246389
17 0.6588665507246377 0.42938099728260865 0.27202749919484703 0.016798047101449293
17 0.5655602351046698 0.45450220244565215 0.08214707890499201 0.01544612409420291
17 0.5005066851851852 0.05880504076086957 0.3977520096618357 0.02188267210144928
7 0.5004598047504025 0.11316351947463768 0.9030535144927537 0.04920373460144927
9 0.26024712117552334 0.28225474433876807 0.44182937439613534 0.24859776675724637
9 0.7407407407407407 0.2821557971014493 0.44122383252818037 0.24909420289855072
9 0.74053382568438 0.6231371838768116 0.44183777214170694 0.24860796739130428
9 0.26040607809983896 0.6230395219655798 0.442150806763285 0.24879643523550726
20 0.500402576489533 0.011792510416666667 0.999194847020934 0.02267922373188406
