17 0.7208276280193237 0.8743678383152174 0.07880557648953303 0.017637003623188346
17 0.7204297443639291 0.8499293949275363 0.22928018599033806 0.014036593297101446
9 0.712356592190016 0.7335936505887681 0.3511623808373591 0.11994779302536228
17 0.279585231884058 0.8739520640851448 0.0796222045088567 0.01754086277173914
17 0.27882465700483094 0.8503796673460146 0.229315384863124 0.01404372509057967
9 0.27497053220611917 0.7576164576539856 0.34833357648953295 0.11535202219202899
17 0.4987917053140096 0.5156140810688407 0.2510380402576489 0.013570758152173928
9 0.4991706336553945 0.34021331250000003 0.9355805587761673 0.2973971576086957
17 0.5008848868760064 0.17062818138586958 0.6509706561996779 0.017246205163043468
17 0.8314557648953301 0.1154375973731884 0.13596023349436395 0.012668291666666666
17 0.6484213566827697 0.11544459805253623 0.13192808051529795 0.012674635416666675
17 0.4999910805152979 0.11521544316123189 0.061955549114331654 0.012222725090579707
17 0.3588076976650564 0.1154309080615942 0.1126385628019324 0.012661602355072464
17 0.2273028152173913 0.11523620991847826 0.052300973429951686 0.012198883605072453
17 0.11946635144927535 0.11542528260869564 0.0635564500805153 0.012702347826086945
8 0.9030902266505635 0.05728211096014493 0.04588094283413843 0.025783894927536233
8 0.813373461352657 0.057736659420289854 0.04502192914653785 0.025787173913043478
17 0.5003246980676328 0.05748809420289855 0.2977702560386474 0.023510369565217397
8 0.07685904106280195 0.05770844995471014 0.05540760225442835 0.031214755887681165
20 0.5004338111916264 0.011187753849637681 0.9991323776167472 0.021469710597826087
8 0.8998573780193236 0.9590344635416668 0.06034883011272135 0.03392249954710157
8 0.6987034158615137 0.9586141283967392 0.040869818840579705 0.03306391621376807
8 0.4992405253623188 0.9587875586503622 0.05877326811594202 0.03076171875
8 0.3004478047504026 0.9592585910326088 0.05724539855072461 0.03258790851449282
8 0.10099974919484701 0.9587990579710145 0.058749814009661824 0.030751767210144977
17 0.8994394198872786 0.9907045226449276 0.0949482938808373 0.013127865942028966
17 0.6987039565217391 0.9909565138134059 0.08771287600644122 0.012691552989130505
17 0.49922976288244764 0.9895945563858696 0.13591335185185188 0.01082810099637672
17 0.30050495772946856 0.9907378596014493 0.058737958937198104 0.013130851449275427
17 0.10097543921095008 0.9898165274003625 0.06679472866344605 0.010415561141304307
