17 0.2584541062801932 0.4302536231884058 0.2431561996779388 0.016304347826086956
17 0.7387278582930756 0.4304800724637681 0.2214170692431562 0.01585144927536232
17 0.7403381642512077 0.46603260869565216 0.1956521739130435 0.021739130434782608
17 0.26006441223832527 0.46603260869565216 0.30112721417069244 0.021739130434782608
17 0.2572463768115942 0.8577898550724637 0.1892109500805153 0.016304347826086956
17 0.2608695652173913 0.8913043478260869 0.27053140096618356 0.017210144927536232
17 0.7391304347826086 0.8577898550724637 0.13365539452495975 0.016304347826086956
17 0.7383252818035426 0.8940217391304348 0.23027375201288244 0.020833333333333332
17 0.10104669887278583 0.9664855072463768 0.04750402576489533 0.02717391304347826
8 0.2999194847020934 0.9651268115942029 0.07004830917874397 0.02717391304347826
8 0.49879227053140096 0.9660326086956522 0.04911433172302738 0.028079710144927536
8 0.6992753623188406 0.9662590579710145 0.04911433172302738 0.024909420289855072
8 0.8993558776167472 0.9660326086956522 0.0499194847020934 0.028079710144927536
9 0.500805152979066 0.04664855072463768 0.9227053140096618 0.03894927536231884
9 0.26006441223832527 0.24705615942028986 0.4428341384863124 0.317481884057971
9 0.7407407407407407 0.24660326086956522 0.4428341384863124 0.317481884057971
9 0.26006441223832527 0.6745923913043478 0.4428341384863124 0.317481884057971
9 0.7407407407407407 0.6745923913043478 0.4428341384863124 0.317481884057971
20 0.500402576489533 0.011322463768115942 0.999194847020934 0.021739130434782608
