17 0.29106280193236717 0.058423913043478264 0.3003220611916264 0.021739130434782608
9 0.7475845410628019 0.057291666666666664 0.04911433172302738 0.0276268115942029
8 0.10466988727858292 0.05683876811594203 0.02576489533011272 0.014039855072463768
8 0.8719806763285024 0.058197463768115944 0.0499194847020934 0.026721014492753624
8 0.9472624798711755 0.057744565217391304 0.05394524959742351 0.029438405797101448
17 0.31280193236714976 0.14470108695652173 0.4694041867954911 0.021286231884057972
9 0.1682769726247987 0.24298007246376813 0.1819645732689211 0.10914855072463768
9 0.3884863123993559 0.23754528985507248 0.17954911433172302 0.09827898550724638
9 0.6099033816425121 0.23754528985507248 0.17954911433172302 0.09827898550724638
9 0.8313204508856683 0.23754528985507248 0.17954911433172302 0.09827898550724638
9 0.18397745571658616 0.4304800724637681 0.11352657004830918 0.12092391304347826
17 0.6159420289855072 0.3738677536231884 0.5748792270531401 0.04121376811594203
17 0.5454911433172303 0.4110054347826087 0.14090177133655393 0.01585144927536232
17 0.392512077294686 0.4413496376811594 0.12640901771336555 0.014945652173913044
17 0.45652173913043476 0.47622282608695654 0.1529790660225443 0.013134057971014492
17 0.15499194847020933 0.5917119565217391 0.1537842190016103 0.014945652173913044
17 0.22020933977455717 0.6890851449275363 0.2809983896940419 0.021286231884057972
17 0.8506441223832528 0.6877264492753623 0.14251207729468598 0.014945652173913044
17 0.6203703703703703 0.9157608695652174 0.5805152979066023 0.015398550724637682
17 0.8752012882447665 0.990036231884058 0.09822866344605476 0.010869565217391304
17 0.6260064412238325 0.9902626811594203 0.0748792270531401 0.011322463768115942
17 0.37640901771336555 0.9904891304347826 0.10386473429951691 0.010869565217391304
17 0.12600644122383253 0.990036231884058 0.06843800322061191 0.010869565217391304
8 0.40136876006441224 0.4098731884057971 0.1360708534621578 0.016304347826086956
8 0.34822866344605474 0.47531702898550726 0.039452495974235106 0.017663043478260868
8 0.7391304347826086 0.6875 0.040257648953301126 0.022644927536231884
9 0.16867954911433172 0.7873641304347826 0.18276972624798712 0.10914855072463768
9 0.3888888888888889 0.7821557971014493 0.18035426731078905 0.09873188405797101
9 0.6099033816425121 0.7823822463768116 0.17954911433172302 0.09827898550724638
9 0.8313204508856683 0.7821557971014493 0.17954911433172302 0.09873188405797101
8 0.12439613526570048 0.9581068840579711 0.05233494363929146 0.01947463768115942
9 0.3752012882447665 0.9596920289855072 0.05314009661835749 0.025362318840579712
9 0.6239935587761675 0.9576539855072463 0.05475040257648953 0.024003623188405796
8 0.8747987117552335 0.9590126811594203 0.05233494363929146 0.029438405797101448
7 0.4307568438003221 0.057518115942028984 0.7246376811594203 0.04891304347826087
20 0.500402576489533 0.011322463768115942 0.999194847020934 0.021739130434782608
