9 0.500402576489533 0.4076086956521739 0.29871175523349436 0.1802536231884058
17 0.10104669887278583 0.9893568840579711 0.061996779388083734 0.011322463768115942
17 0.30152979066022545 0.9891304347826088 0.09903381642512077 0.01177536231884058
17 0.499194847020934 0.9891304347826088 0.05475040257648953 0.01177536231884058
17 0.6988727858293076 0.9893568840579711 0.0998389694041868 0.011322463768115942
17 0.9001610305958132 0.9907155797101449 0.10950080515297907 0.014945652173913044
9 0.499194847020934 0.9592391304347826 0.06924315619967794 0.03894927536231884
9 0.9001610305958132 0.9596920289855072 0.05958132045088567 0.03804347826086957
8 0.6992753623188406 0.9599184782608696 0.05555555555555555 0.03759057971014493
8 0.3007246376811594 0.9596920289855072 0.06682769726247988 0.03804347826086957
9 0.10064412238325282 0.9592391304347826 0.0499194847020934 0.03894927536231884
17 0.49838969404186795 0.8971920289855072 0.605475040257649 0.01177536231884058
13 0.500805152979066 0.8654891304347826 0.06280193236714976 0.006340579710144928
17 0.49798711755233493 0.8052536231884058 0.5982286634460547 0.08242753623188406
17 0.5020128824476651 0.059329710144927536 0.18276972624798712 0.02355072463768116
20 0.500805152979066 0.011322463768115942 0.998389694041868 0.021739130434782608
