17 0.3997584541062802 0.07201086956521739 0.4307568438003221 0.017210144927536232
17 0.21618357487922704 0.8562047101449275 0.033011272141706925 0.012228260869565218
8 0.1247987117552335 0.855072463768116 0.1320450885668277 0.014492753623188406
8 0.5805152979066023 0.8555253623188406 0.1320450885668277 0.014492753623188406
17 0.6719001610305958 0.8564311594202899 0.033011272141706925 0.012681159420289856
8 0.12198067632850242 0.07382246376811594 0.023349436392914653 0.022644927536231884
20 0.500402576489533 0.011322463768115942 0.999194847020934 0.021739130434782608
17 0.45692431561996777 0.27309782608695654 0.7946859903381642 0.06431159420289854
17 0.24838969404186795 0.7864583333333334 0.3776167471819646 0.04755434782608696
17 0.6706924315619968 0.7848731884057971 0.3107890499194847 0.042572463768115944
17 0.10064412238325282 0.9814311594202899 0.10466988727858292 0.010869565217391304
17 0.2999194847020934 0.9814311594202899 0.07809983896940419 0.010869565217391304
17 0.500402576489533 0.9814311594202899 0.06521739130434782 0.010869565217391304
17 0.7000805152979066 0.9814311594202899 0.0748792270531401 0.010869565217391304
17 0.9001610305958132 0.9816576086956522 0.09500805152979067 0.011322463768115942
8 0.10144927536231885 0.9499547101449275 0.05152979066022544 0.03125
8 0.3007246376811594 0.9504076086956522 0.05877616747181964 0.029438405797101448
9 0.500402576489533 0.9499547101449275 0.05233494363929146 0.03215579710144927
8 0.6996779388083736 0.9495018115942029 0.05475040257648953 0.030344202898550724
8 0.9001610305958132 0.9497282608695652 0.05958132045088567 0.03351449275362319
7 0.500805152979066 0.07382246376811594 0.8872785829307568 0.0661231884057971
18 0.1537842190016103 0.15489130434782608 0.19484702093397746 0.057971014492753624
18 0.37962962962962965 0.15534420289855072 0.21336553945249598 0.057971014492753624
18 0.607487922705314 0.15534420289855072 0.1972624798711755 0.057971014492753624
8 0.4468599033816425 0.432518115942029 0.04186795491143317 0.020833333333333332
8 0.9037842190016103 0.4329710144927536 0.04106280193236715 0.020833333333333332
9 0.2721417069243156 0.5792572463768116 0.428341384863124 0.33695652173913043
9 0.7286634460547504 0.579483695652174 0.428341384863124 0.3365036231884058
9 0.2725442834138486 0.9096467391304348 0.427536231884058 0.023097826086956524
9 0.7286634460547504 0.9089673913043478 0.428341384863124 0.022644927536231884
8 0.8985507246376812 0.8639039855072463 0.12721417069243157 0.07110507246376811
17 0.499194847020934 0.35144927536231885 0.8808373590982287 0.05253623188405797
17 0.2181964573268921 0.8283514492753623 0.31561996779388085 0.018115942028985508
17 0.6743156199677939 0.8285778985507246 0.3164251207729469 0.017663043478260868
