17 0.501610305958132 0.8466938405797102 0.7246376811594203 0.023097826086956524
7 0.5 0.8457880434782609 0.8840579710144928 0.049365942028985504
17 0.3615136876006441 0.3229166666666667 0.21578099838969403 0.017210144927536232
17 0.3321256038647343 0.4698822463768116 0.15861513687600645 0.016757246376811596
17 0.3675523349436393 0.6163949275362319 0.23107890499194847 0.017210144927536232
9 0.15982286634460546 0.6467391304347826 0.11030595813204509 0.08242753623188406
9 0.16022544283413848 0.5004528985507246 0.14653784219001612 0.08242753623188406
9 0.16022544283413848 0.3534873188405797 0.14814814814814814 0.08197463768115942
17 0.500402576489533 0.980072463768116 0.5885668276972624 0.019021739130434784
18 0.500805152979066 0.9243659420289855 0.8840579710144928 0.0661231884057971
17 0.500402576489533 0.880661231884058 0.464573268921095 0.014039855072463768
17 0.57085346215781 0.36843297101449274 0.6360708534621579 0.0384963768115942
17 0.53341384863124 0.5149456521739131 0.5611916264090178 0.03894927536231884
17 0.5869565217391305 0.6616847826086957 0.6682769726247987 0.03894927536231884
17 0.3784219001610306 0.10846920289855072 0.4943639291465378 0.08922101449275363
20 0.500402576489533 0.011322463768115942 0.999194847020934 0.021739130434782608
