17 0.44887278582930756 0.059329710144927536 0.10869565217391304 0.017210144927536232
17 0.16505636070853463 0.46127717391304346 0.23349436392914655 0.014039855072463768
17 0.15056360708534622 0.4855072463768116 0.2028985507246377 0.019021739130434784
17 0.15539452495974235 0.5104166666666666 0.214170692431562 0.019021739130434784
17 0.6513687600644122 0.4628623188405797 0.2318840579710145 0.01177536231884058
17 0.6566022544283414 0.48663949275362317 0.24396135265700483 0.018568840579710144
17 0.6372785829307568 0.5097373188405797 0.20209339774557167 0.014945652173913044
17 0.5636070853462157 0.5414402173913043 0.057971014492753624 0.014039855072463768
17 0.07528180354267311 0.541213768115942 0.05877616747181964 0.015398550724637682
17 0.10024154589371981 0.9902626811594203 0.11513687600644122 0.011322463768115942
17 0.2999194847020934 0.9902626811594203 0.08132045088566828 0.011322463768115942
17 0.499194847020934 0.9916213768115942 0.08051529790660225 0.013134057971014492
17 0.6988727858293076 0.9920742753623188 0.043478260869565216 0.013134057971014492
17 0.8993558776167472 0.9904891304347826 0.057971014492753624 0.010869565217391304
17 0.0998389694041868 0.9594655797101449 0.0966183574879227 0.021286231884057972
8 0.2999194847020934 0.958786231884058 0.08132045088566828 0.028985507246376812
8 0.49838969404186795 0.9590126811594203 0.05636070853462158 0.029438405797101448
8 0.6992753623188406 0.9594655797101449 0.04589371980676329 0.03125
8 0.8993558776167472 0.9590126811594203 0.061191626409017714 0.009510869565217392
9 0.8739935587761675 0.7839673913043478 0.17954911433172302 0.10054347826086957
8 0.05394524959742351 0.06544384057971014 0.020933977455716585 0.01947463768115942
8 0.5688405797101449 0.060235507246376815 0.04750402576489533 0.015398550724637682
8 0.1316425120772947 0.5690670289855072 0.16505636070853463 0.016757246376811596
8 0.6187600644122383 0.5690670289855072 0.16666666666666666 0.016757246376811596
9 0.2580515297906602 0.7948369565217391 0.45652173913043476 0.276268115942029
9 0.7427536231884058 0.7948369565217391 0.45652173913043476 0.276268115942029
9 0.2576489533011272 0.28351449275362317 0.4573268921095008 0.3342391304347826
9 0.7423510466988728 0.28351449275362317 0.4573268921095008 0.3342391304347826
18 0.500402576489533 0.060009057971014496 0.29066022544283415 0.043931159420289856
20 0.500402576489533 0.011322463768115942 0.999194847020934 0.021739130434782608
