17 0.500805152979066 0.05683876811594203 0.16586151368760063 0.018568840579710144
17 0.501207729468599 0.1644021739130435 0.5177133655394525 0.028985507246376812
17 0.9005636070853462 0.9907155797101449 0.11030595813204509 0.014945652173913044
17 0.6984702093397746 0.9893568840579711 0.09903381642512077 0.011322463768115942
17 0.499597423510467 0.9893568840579711 0.05555555555555555 0.011322463768115942
17 0.10064412238325282 0.9895833333333334 0.06280193236714976 0.01177536231884058
17 0.30152979066022545 0.9891304347826088 0.09903381642512077 0.01177536231884058
9 0.10064412238325282 0.9592391304347826 0.0499194847020934 0.03894927536231884
8 0.3007246376811594 0.9596920289855072 0.06682769726247988 0.03804347826086957
9 0.499194847020934 0.9592391304347826 0.06924315619967794 0.03894927536231884
8 0.6996779388083736 0.9599184782608696 0.05636070853462158 0.03759057971014493
9 0.9009661835748792 0.9596920289855072 0.05958132045088567 0.03804347826086957
18 0.500402576489533 0.8722826086956522 0.9428341384863124 0.06884057971014493
17 0.501207729468599 0.71875 0.8639291465378421 0.04710144927536232
9 0.500402576489533 0.3752264492753623 0.999194847020934 0.5756340579710145
20 0.500402576489533 0.011322463768115942 0.999194847020934 0.021739130434782608
