17 0.0904901843800322 0.49923220126488094 0.07841840579710144 0.012268702380952403
17 0.9006580595813205 0.5650650433407738 0.09601154428341396 0.01096802641369054
17 0.12382435587761675 0.5655905178571428 0.14491245893719806 0.012042953869047645
20 0.5135233904991948 0.025538782366071426 0.8682833317230273 0.013875183779761902
17 0.500402576489533 0.42726934523809523 0.11513687600644122 0.017485119047619048
17 0.500127193236715 0.9682001385788689 0.3378064685990338 0.015317099330357192
18 0.5004080853462158 0.919656072358631 0.9030541465378421 0.044871103050595315
8 0.0733566960547504 0.07444731956845238 0.030027760869565212 0.025176445684523808
9 0.501207729468599 0.07421875 0.1360708534621578 0.024181547619047616
7 0.5003956855877617 0.5697169985119047 0.9028961344605475 0.020279930059523787
7 0.5003605809178745 0.5033443314732143 0.9029848220611917 0.020582880208333282
