20 0.500805152979066 0.011322463768115942 0.998389694041868 0.021739130434782608
9 0.11634460547504026 0.8675271739130435 0.15539452495974235 0.08740942028985507
9 0.11634460547504026 0.7370923913043478 0.15539452495974235 0.08740942028985507
8 0.11674718196457327 0.6064311594202899 0.15619967793880837 0.08695652173913043
17 0.501207729468599 0.057291666666666664 0.13446054750402575 0.028532608695652176
17 0.499597423510467 0.11820652173913043 0.12640901771336555 0.017210144927536232
17 0.9070048309178744 0.11911231884057971 0.061996779388083734 0.015398550724637682
17 0.3607085346215781 0.19769021739130435 0.21578099838969403 0.03125
17 0.32930756843800324 0.23709239130434784 0.1529790660225443 0.018568840579710144
17 0.37077294685990336 0.32653985507246375 0.23429951690821255 0.026268115942028984
17 0.4025764895330113 0.3677536231884058 0.21256038647342995 0.017210144927536232
17 0.4214975845410628 0.46105072463768115 0.3438003220611916 0.022644927536231884
17 0.31239935587761675 0.4938858695652174 0.12238325281803543 0.01585144927536232
17 0.3321256038647343 0.5892210144927537 0.15861513687600645 0.028985507246376812
17 0.45169082125603865 0.6302083333333334 0.3977455716586151 0.01947463768115942
17 0.3305152979066023 0.7178442028985508 0.15539452495974235 0.025362318840579712
17 0.3852657004830918 0.7604166666666666 0.2648953301127214 0.019021739130434784
17 0.39492753623188404 0.8530344202898551 0.2826086956521739 0.021286231884057972
17 0.3413848631239936 0.8858695652173914 0.17713365539452497 0.016304347826086956
17 0.1682769726247987 0.9891304347826088 0.0966183574879227 0.010869565217391304
17 0.5 0.9907155797101449 0.06763285024154589 0.013134057971014492
17 0.8333333333333334 0.9902626811594203 0.12721417069243157 0.014039855072463768
9 0.08776167471819646 0.05548007246376812 0.07729468599033816 0.04121376811594203
9 0.9170692431561996 0.05344202898550725 0.08051529790660225 0.041666666666666664
8 0.05756843800322061 0.11752717391304347 0.0249597423510467 0.028532608695652176
9 0.11714975845410627 0.21467391304347827 0.1537842190016103 0.08876811594202899
9 0.1143317230273752 0.34375 0.15458937198067632 0.08786231884057971
9 0.11755233494363929 0.4757699275362319 0.15458937198067632 0.08740942028985507
8 0.16666666666666666 0.9592391304347826 0.05958132045088567 0.03351449275362319
9 0.49879227053140096 0.9592391304347826 0.06038647342995169 0.03351449275362319
9 0.8329307568438004 0.9590126811594203 0.0748792270531401 0.03759057971014493
8 0.9227053140096618 0.8673007246376812 0.05152979066022544 0.028079710144927536
8 0.9231078904991948 0.7370923913043478 0.050724637681159424 0.028532608695652176
8 0.9227053140096618 0.34578804347826086 0.05152979066022544 0.028532608695652176
8 0.9223027375201288 0.21580615942028986 0.050724637681159424 0.028532608695652176
