17 0.18317230273752014 0.5072463768115942 0.1859903381642512 0.019021739130434784
17 0.18719806763285024 0.41961050724637683 0.19404186795491143 0.018568840579710144
7 0.5 0.5160778985507246 0.8260869565217391 0.036684782608695655
7 0.500402576489533 0.42821557971014496 0.8268921095008052 0.035778985507246376
9 0.5044283413848631 0.17051630434782608 0.7898550724637681 0.15534420289855072
17 0.7814009661835749 0.5588768115942029 0.2616747181964573 0.019021739130434784
17 0.500805152979066 0.7617753623188406 0.23510466988727857 0.021739130434782608
17 0.5 0.8050271739130435 0.1723027375201288 0.0276268115942029
17 0.1682769726247987 0.8648097826086957 0.10789049919484701 0.018568840579710144
17 0.7608695652173914 0.8625452898550725 0.2528180354267311 0.01585144927536232
18 0.500805152979066 0.6571557971014493 0.6521739130434783 0.06159420289855073
20 0.500402576489533 0.014039855072463768 0.999194847020934 0.02717391304347826
