17 0.14855072463768115 0.8666213768115942 0.2391304347826087 0.021286231884057972
8 0.04710144927536232 0.058423913043478264 0.029790660225442835 0.028985507246376812
8 0.7801932367149759 0.057518115942028984 0.0499194847020934 0.028079710144927536
8 0.9009661835748792 0.057518115942028984 0.05314009661835749 0.028079710144927536
18 0.7415458937198067 0.9635416666666666 0.44605475040257647 0.052083333333333336
18 0.25966183574879226 0.9621829710144928 0.4468599033816425 0.049365942028985504
17 0.2214170692431562 0.8999094202898551 0.3784219001610306 0.021739130434782608
17 0.4967793880837359 0.8104619565217391 0.9339774557165862 0.057518115942028984
9 0.09178743961352658 0.7094655797101449 0.10950080515297907 0.0792572463768116
9 0.22423510466988728 0.7092391304347826 0.11030595813204509 0.07971014492753624
9 0.500402576489533 0.32518115942028986 0.999194847020934 0.6494565217391305
20 0.500402576489533 0.011322463768115942 0.999194847020934 0.021739130434782608
