20 0.500402576489533 0.011548913043478262 0.999194847020934 0.022192028985507248
8 0.927536231884058 0.057744565217391304 0.05475040257648953 0.029438405797101448
8 0.08051529790660225 0.05706521739130435 0.04830917874396135 0.02717391304347826
8 0.22061191626409019 0.05706521739130435 0.05475040257648953 0.025362318840579712
17 0.500402576489533 0.12001811594202899 0.41626409017713367 0.020833333333333332
17 0.5 0.1813858695652174 0.8582930756843801 0.049365942028985504
17 0.499597423510467 0.264945652173913 0.78341384863124 0.04619565217391305
17 0.13043478260869565 0.33695652173913043 0.1819645732689211 0.016304347826086956
17 0.11755233494363929 0.38179347826086957 0.12238325281803543 0.010869565217391304
17 0.1280193236714976 0.4418025362318841 0.178743961352657 0.01585144927536232
17 0.11594202898550725 0.48686594202898553 0.11916264090177134 0.010869565217391304
17 0.1610305958132045 0.5464221014492754 0.2431561996779388 0.01585144927536232
17 0.13727858293075684 0.5910326086956522 0.16183574879227053 0.010869565217391304
17 0.8413848631239935 0.6478713768115942 0.24154589371980675 0.014039855072463768
17 0.11996779388083736 0.6510416666666666 0.16264090177133655 0.01585144927536232
17 0.10909822866344605 0.6958786231884058 0.107085346215781 0.011322463768115942
17 0.19484702093397746 0.7554347826086957 0.3140096618357488 0.016304347826086956
7 0.500402576489533 0.8002717391304348 0.926731078904992 0.04800724637681159
17 0.16022544283413848 0.8000452898550725 0.20933977455716585 0.011322463768115942
17 0.1678743961352657 0.8600543478260869 0.25684380032206117 0.016304347826086956
8 0.9319645732689211 0.9051177536231885 0.039452495974235106 0.022192028985507248
17 0.14170692431561996 0.904891304347826 0.1706924315619968 0.010869565217391304
5 0.3973429951690821 0.9649003623188406 0.7222222222222222 0.04302536231884058
7 0.5 0.9046648550724637 0.927536231884058 0.04755434782608696
7 0.5 0.6956521739130435 0.927536231884058 0.04800724637681159
7 0.5 0.5910326086956522 0.927536231884058 0.04800724637681159
7 0.5 0.48641304347826086 0.927536231884058 0.04800724637681159
7 0.5 0.38179347826086957 0.927536231884058 0.04800724637681159
17 0.4219001610305958 0.9649003623188406 0.6731078904991948 0.04302536231884058
