17 0.499597423510467 0.057291666666666664 0.4194847020933977 0.014945652173913044
8 0.07206119162640902 0.057291666666666664 0.02818035426731079 0.01585144927536232
20 0.500402576489533 0.011096014492753624 0.999194847020934 0.021286231884057972
7 0.500402576489533 0.057518115942028984 0.9428341384863124 0.04710144927536232
17 0.2665056360708535 0.14198369565217392 0.3172302737520129 0.013134057971014492
17 0.7282608695652174 0.14153079710144928 0.30193236714975846 0.013134057971014492
9 0.501610305958132 0.4422554347826087 0.9210950080515298 0.5194746376811594
17 0.40982286634460546 0.7529438405797102 0.7407407407407407 0.06748188405797101
17 0.12681159420289856 0.9891304347826088 0.071658615136876 0.01177536231884058
17 0.37640901771336555 0.9891304347826088 0.10225442834138486 0.01177536231884058
17 0.6256038647342995 0.9891304347826088 0.10950080515297907 0.01177536231884058
17 0.8747987117552335 0.9889039855072463 0.07004830917874397 0.012228260869565218
18 0.13083735909822866 0.8220108695652174 0.18438003220611915 0.034420289855072464
9 0.499194847020934 0.9080615942028986 0.9210950080515298 0.051630434782608696
9 0.12640901771336555 0.9578804347826088 0.06602254428341385 0.03713768115942029
8 0.3752012882447665 0.9576539855072463 0.05314009661835749 0.03125
8 0.6252012882447665 0.9583333333333334 0.061996779388083734 0.030797101449275364
8 0.8752012882447665 0.9581068840579711 0.05958132045088567 0.034873188405797104
