8 0.1215780998389694 0.07359601449275363 0.02254428341384863 0.022192028985507248
8 0.3329307568438003 0.791213768115942 0.015297906602254429 0.014492753623188406
8 0.10144927536231885 0.9501811594202899 0.05152979066022544 0.03170289855072464
8 0.30112721417069244 0.9504076086956522 0.05958132045088567 0.029438405797101448
9 0.500402576489533 0.9497282608695652 0.05233494363929146 0.03260869565217391
8 0.7000805152979066 0.9492753623188406 0.05394524959742351 0.029891304347826088
8 0.9001610305958132 0.9497282608695652 0.05958132045088567 0.03351449275362319
17 0.3711755233494364 0.07518115942028986 0.37359098228663445 0.019021739130434784
18 0.1316425120772947 0.14696557971014493 0.15056360708534622 0.043931159420289856
18 0.3148148148148148 0.14696557971014493 0.16908212560386474 0.043931159420289856
17 0.4943639291465378 0.23482789855072464 0.8711755233494364 0.03215579710144927
17 0.14049919484702095 0.46603260869565216 0.08454106280193237 0.019021739130434784
17 0.6103059581320451 0.46603260869565216 0.19162640901771336 0.019021739130434784
17 0.9637681159420289 0.4642210144927536 0.07246376811594203 0.015398550724637682
17 0.3031400966183575 0.6283967391304348 0.3711755233494364 0.06385869565217392
17 0.4420289855072464 0.7178442028985508 0.6537842190016103 0.06884057971014493
17 0.21336553945249598 0.791893115942029 0.1932367149758454 0.022192028985507248
17 0.10024154589371981 0.9812047101449275 0.10547504025764895 0.011322463768115942
17 0.3003220611916264 0.9814311594202899 0.07890499194847021 0.010869565217391304
17 0.5 0.9816576086956522 0.06602254428341385 0.011322463768115942
17 0.7000805152979066 0.9814311594202899 0.0748792270531401 0.010869565217391304
17 0.9001610305958132 0.9816576086956522 0.09500805152979067 0.011322463768115942
9 0.25201288244766507 0.36345108695652173 0.38808373590982287 0.1453804347826087
9 0.6670692431561996 0.3632246376811594 0.38727858293075684 0.14583333333333334
9 0.9440418679549114 0.36345108695652173 0.11191626409017713 0.1453804347826087
7 0.501207729468599 0.07359601449275363 0.8864734299516909 0.06567028985507246
20 0.500402576489533 0.011322463768115942 0.999194847020934 0.021739130434782608
