17 0.1005721191626409 0.9898296854619566 0.054894409017713364 0.010456472373188464
17 0.30017867512077295 0.9895988686594203 0.056647480676328514 0.01090063586956524
17 0.4996141320450886 0.9895771415307971 0.06451484863123992 0.010898534873188327
17 0.698730346215781 0.9909473365036232 0.10557435748792277 0.012691774456521816
17 0.8998790012077295 0.9897748421648551 0.03319437761674723 0.010418436141304463
8 0.10059513325281803 0.9587839098731885 0.06457326650563606 0.03629004438405808
8 0.698813519726248 0.9590663081974637 0.07303441304347828 0.036725030344203075
8 0.499152289452496 0.9595093104619565 0.0766749975845411 0.03677224411231886
8 0.29979487117552334 0.959473872509058 0.07140938808373588 0.03666819701086948
8 0.899350226247987 0.9590577941576087 0.06596642351046698 0.03499149954710143
17 0.1435992737520129 0.7229654615036232 0.18450173107890502 0.020035895833333258
9 0.8816326835748792 0.8213905389492754 0.23673463285024152 0.1427517762681159
9 0.5750365817230273 0.8213315217391305 0.338478960547504 0.14266304347826086
9 0.2177031956521739 0.8213457853260869 0.3375053317230274 0.14263451630434787
17 0.8079957826086956 0.9167276741394927 0.08636091304347829 0.013682323822463802
17 0.4839042995169082 0.9166892232789856 0.15077809017713367 0.013684590579710068
17 0.12309156078904991 0.9166983177083333 0.14349509581320452 0.013675689764492752
9 0.8816681400966183 0.5488414211956522 0.23666371980676326 0.14275210869565222
9 0.5752750217391305 0.5488567629076088 0.33829320128824475 0.14274022237318834
9 0.21809057045088567 0.5488779094202898 0.33837602495974234 0.14281579710144926
17 0.8820891449275361 0.6452746736865942 0.23582171014492756 0.016092825634057922
17 0.49921272262479865 0.6457527271286233 0.1844211392914654 0.0168883836050725
17 0.13148546900161032 0.6452846252264492 0.16350243719806765 0.017813088315217367
17 0.20996354669887277 0.4524809796195652 0.3187135362318841 0.025988702898550677
17 0.8595345169082126 0.37279397169384054 0.18768654589371986 0.017732703351449285
17 0.548681115136876 0.3712328066123189 0.2833508969404187 0.014672680253623201
17 0.131514057568438 0.37283738451086956 0.16354605072463768 0.017865028985507278
17 0.21958894484702093 0.17745587432065216 0.33642129710144925 0.020976660778985502
17 0.49917948993558775 0.056123826992753624 0.12007015861513684 0.022793693840579707
17 0.5015970249597423 0.09621969519927535 0.7941041658615137 0.019517131340579714
9 0.8816834235104669 0.2764228048007246 0.2366264702093398 0.14282171286231882
9 0.5752101904186795 0.2763887556612319 0.3381553325281804 0.1427400973731884
9 0.21802016586151368 0.27636373211050724 0.3382918099838969 0.14282281838768116
