17 0.28019323671497587 0.07246376811594203 0.1932367149758454 0.016304347826086956
17 0.21497584541062803 0.5022644927536232 0.0322061191626409 0.012681159420289856
17 0.6710950080515298 0.5022644927536232 0.03140096618357488 0.012681159420289856
8 0.12198067632850242 0.07382246376811594 0.023349436392914653 0.022644927536231884
20 0.500402576489533 0.011096014492753624 0.999194847020934 0.021286231884057972
17 0.34500805152979064 0.13971920289855072 0.5692431561996779 0.03306159420289855
17 0.5 0.1816123188405797 0.8808373590982287 0.022644927536231884
17 0.1356682769726248 0.4026268115942029 0.1537842190016103 0.010869565217391304
17 0.5913848631239935 0.4024003623188406 0.1537842190016103 0.011322463768115942
17 0.13526570048309178 0.7216938405797102 0.15458937198067632 0.011322463768115942
17 0.5913848631239935 0.7216938405797102 0.1537842190016103 0.011322463768115942
17 0.10024154589371981 0.9812047101449275 0.10547504025764895 0.011322463768115942
17 0.3003220611916264 0.9816576086956522 0.07890499194847021 0.011322463768115942
17 0.5 0.9816576086956522 0.06602254428341385 0.011322463768115942
17 0.7000805152979066 0.9816576086956522 0.0748792270531401 0.011322463768115942
17 0.9001610305958132 0.9816576086956522 0.09500805152979067 0.011322463768115942
7 0.500805152979066 0.07382246376811594 0.8872785829307568 0.0661231884057971
8 0.12439613526570048 0.5011322463768116 0.13123993558776167 0.014945652173913044
8 0.5797101449275363 0.5009057971014493 0.1320450885668277 0.014492753623188406
8 0.4476650563607085 0.2463768115942029 0.040257648953301126 0.020833333333333332
8 0.9033816425120773 0.24660326086956522 0.040257648953301126 0.020380434782608696
8 0.4468599033816425 0.5654438405797102 0.04186795491143317 0.020380434782608696
8 0.9033816425120773 0.5654438405797102 0.04186795491143317 0.021286231884057972
8 0.10144927536231885 0.9501811594202899 0.05152979066022544 0.03170289855072464
8 0.30112721417069244 0.9504076086956522 0.05958132045088567 0.029438405797101448
9 0.5 0.9499547101449275 0.05314009661835749 0.03215579710144927
8 0.6996779388083736 0.9495018115942029 0.05475040257648953 0.030344202898550724
8 0.9001610305958132 0.9497282608695652 0.05958132045088567 0.03351449275362319
18 0.500402576489533 0.8845108695652174 0.8848631239935588 0.0661231884057971
17 0.26972624798711753 0.43999094202898553 0.4219001610305958 0.04302536231884058
17 0.17592592592592593 0.4782608695652174 0.23107890499194847 0.020833333333333332
17 0.6851851851851852 0.43931159420289856 0.33816425120772947 0.043478260869565216
17 0.6312399355877617 0.4780344202898551 0.23027375201288244 0.020380434782608696
17 0.2528180354267311 0.7565670289855072 0.38808373590982287 0.04030797101449275
17 0.18357487922705315 0.7971014492753623 0.2463768115942029 0.020833333333333332
17 0.6320450885668277 0.7973278985507246 0.2318840579710145 0.021286231884057972
17 0.7000805152979066 0.7567934782608696 0.3695652173913043 0.04076086956521739
9 0.2721417069243156 0.3063858695652174 0.428341384863124 0.16077898550724637
9 0.7290660225442834 0.3063858695652174 0.427536231884058 0.16077898550724637
9 0.2717391304347826 0.6254528985507246 0.42914653784219003 0.161231884057971
9 0.7282608695652174 0.6254528985507246 0.42914653784219003 0.161231884057971
