18 0.5 0.9427083333333334 0.9227053140096618 0.049365942028985504
8 0.142914653784219 0.8657155797101449 0.20531400966183574 0.024003623188405796
17 0.3635265700483092 0.8677536231884058 0.1972624798711755 0.022644927536231884
17 0.4939613526570048 0.7468297101449275 0.9074074074074074 0.1331521739130435
17 0.06159420289855073 0.6544384057971014 0.04106280193236715 0.01358695652173913
17 0.46618357487922707 0.6220561594202899 0.4025764895330113 0.023097826086956524
8 0.142914653784219 0.6204710144927537 0.2037037037037037 0.02355072463768116
17 0.14009661835748793 0.5545742753623188 0.19484702093397746 0.017663043478260868
17 0.4927536231884058 0.4818840579710145 0.9049919484702094 0.10507246376811594
17 0.11272141706924316 0.40330615942028986 0.14492753623188406 0.014039855072463768
17 0.42310789049919484 0.3691123188405797 0.3132045088566828 0.019021739130434784
8 0.142914653784219 0.3695652173913044 0.2037037037037037 0.02355072463768116
17 0.13969404186795492 0.3041213768115942 0.1956521739130435 0.018568840579710144
17 0.49315619967793883 0.23097826086956522 0.9057971014492754 0.10416666666666667
17 0.16264090177133655 0.15421195652173914 0.24476650563607086 0.017663043478260868
17 0.34500805152979064 0.1213768115942029 0.16022544283413848 0.021739130434782608
8 0.143317230273752 0.11911231884057971 0.20450885668276972 0.02355072463768116
8 0.04669887278582931 0.057291666666666664 0.030595813204508857 0.029438405797101448
20 0.5 0.011096014492753624 0.998389694041868 0.021286231884057972
