17 0.49798711755233493 0.20018115942028986 0.33413848631239934 0.021739130434782608
8 0.928341384863124 0.8586956521739131 0.024154589371980676 0.025362318840579712
8 0.928341384863124 0.7776268115942029 0.024154589371980676 0.025362318840579712
8 0.928341384863124 0.6956521739130435 0.024154589371980676 0.025362318840579712
8 0.928341384863124 0.6143568840579711 0.024154589371980676 0.025815217391304348
8 0.928341384863124 0.5330615942028986 0.024154589371980676 0.025362318840579712
8 0.928341384863124 0.45153985507246375 0.024154589371980676 0.025362318840579712
8 0.928341384863124 0.3695652173913044 0.024154589371980676 0.025362318840579712
8 0.927938808373591 0.2882699275362319 0.0249597423510467 0.024909420289855072
17 0.25925925925925924 0.8602807971014493 0.13687600644122383 0.024003623188405796
17 0.27898550724637683 0.775588768115942 0.177938808373591 0.017663043478260868
17 0.30112721417069244 0.6945199275362319 0.2222222222222222 0.017663043478260868
17 0.28462157809983896 0.6159420289855072 0.18760064412238325 0.02355072463768116
17 0.2922705314009662 0.5348731884057971 0.2028985507246377 0.02355072463768116
17 0.3188405797101449 0.4495018115942029 0.2560386473429952 0.018568840579710144
17 0.3325281803542673 0.3686594202898551 0.286634460547504 0.017210144927536232
17 0.250402576489533 0.2873641304347826 0.11916264090177134 0.017663043478260868
8 0.8752012882447665 0.9658061594202899 0.06280193236714976 0.008605072463768116
8 0.6256038647342995 0.9662590579710145 0.06924315619967794 0.03759057971014493
8 0.3752012882447665 0.9660326086956522 0.057971014492753624 0.03894927536231884
8 0.1252012882447665 0.9662590579710145 0.07004830917874397 0.0384963768115942
8 0.09500805152979067 0.8575634057971014 0.06924315619967794 0.036684782608695655
8 0.09500805152979067 0.776268115942029 0.06763285024154589 0.03804347826086957
8 0.09500805152979067 0.6947463768115942 0.06763285024154589 0.025362318840579712
8 0.09500805152979067 0.6129981884057971 0.06924315619967794 0.03940217391304348
8 0.09460547504025765 0.5317028985507246 0.06843800322061191 0.036231884057971016
8 0.09460547504025765 0.44995471014492755 0.06843800322061191 0.036684782608695655
8 0.09541062801932366 0.3686594202898551 0.0571658615136876 0.03894927536231884
8 0.09500805152979067 0.2871376811594203 0.06763285024154589 0.03804347826086957
20 0.500402576489533 0.011096014492753624 0.999194847020934 0.021286231884057972
9 0.500402576489533 0.12273550724637682 0.999194847020934 0.24456521739130435
