17 0.17149758454106281 0.12477355072463768 0.24798711755233493 0.028532608695652176
17 0.8719806763285024 0.12205615942028986 0.10305958132045089 0.014945652173913044
17 0.3421900161030596 0.720108695652174 0.033816425120772944 0.018115942028985508
17 0.37077294685990336 0.7796648550724637 0.6127214170692431 0.058423913043478264
17 0.1457326892109501 0.8790760869565217 0.2028985507246377 0.028079710144927536
17 0.8715780998389694 0.8756793478260869 0.10386473429951691 0.014945652173913044
17 0.9001610305958132 0.9907155797101449 0.033816425120772944 0.010416666666666666
17 0.6992753623188406 0.9916213768115942 0.17149758454106281 0.014039855072463768
17 0.5 0.9904891304347826 0.11272141706924316 0.010869565217391304
17 0.3007246376811594 0.9916213768115942 0.13446054750402575 0.014039855072463768
17 0.10144927536231885 0.9902626811594203 0.10305958132045089 0.011322463768115942
8 0.10064412238325282 0.9592391304347826 0.05958132045088567 0.03351449275362319
9 0.2995169082125604 0.958786231884058 0.06280193236714976 0.035326086956521736
8 0.49879227053140096 0.9590126811594203 0.09098228663446055 0.03759057971014493
9 0.6980676328502415 0.9590126811594203 0.06280193236714976 0.036684782608695655
8 0.9001610305958132 0.9594655797101449 0.061191626409017714 0.036684782608695655
8 0.9625603864734299 0.8761322463768116 0.013687600644122383 0.014039855072463768
9 0.9251207729468599 0.791893115942029 0.05958132045088567 0.034873188405797104
8 0.9621578099838969 0.12228260869565218 0.014492753623188406 0.01358695652173913
8 0.08494363929146538 0.0649909420289855 0.03462157809983897 0.01947463768115942
17 0.26288244766505636 0.06634963768115942 0.2826086956521739 0.022192028985507248
9 0.500805152979066 0.4254981884057971 0.9516908212560387 0.5357789855072463
9 0.500805152979066 0.9221014492753623 0.9516908212560387 0.021739130434782608
8 0.18639291465378421 0.7189764492753623 0.2471819645732689 0.024909420289855072
7 0.5 0.06544384057971014 0.9033816425120773 0.049365942028985504
20 0.500402576489533 0.011322463768115942 0.999194847020934 0.021739130434782608
