20 0.500402576489533 0.011322463768115942 0.999194847020934 0.021739130434782608
17 0.2037037037037037 0.09714673913043478 0.322061191626409 0.03306159420289855
17 0.09863123993558776 0.19180253623188406 0.11352657004830918 0.016757246376811596
17 0.3168276972624799 0.19384057971014493 0.18276972624798712 0.021739130434782608
17 0.573268921095008 0.19157608695652173 0.19001610305958133 0.017210144927536232
17 0.24436392914653784 0.28283514492753625 0.4033816425120773 0.025815217391304348
17 0.4428341384863124 0.3541666666666667 0.8035426731078905 0.07789855072463768
17 0.1392914653784219 0.436820652173913 0.19484702093397746 0.016757246376811596
8 0.10104669887278583 0.9678442028985508 0.04589371980676329 0.026268115942028984
8 0.3003220611916264 0.967391304347826 0.04669887278582931 0.026268115942028984
8 0.5 0.9671648550724637 0.03542673107890499 0.026721014492753624
8 0.6988727858293076 0.9671648550724637 0.05314009661835749 0.026721014492753624
8 0.8997584541062802 0.9676177536231885 0.04750402576489533 0.026721014492753624
