18 0.7612721417069244 0.9445199275362319 0.36312399355877617 0.06838768115942029
8 0.07045088566827697 0.9592391304347826 0.021739130434782608 0.01177536231884058
17 0.18397745571658616 0.9599184782608696 0.061996779388083734 0.01585144927536232
17 0.11634460547504026 0.9596920289855072 0.0571658615136876 0.01177536231884058
17 0.16022544283413848 0.9291213768115942 0.1996779388083736 0.021286231884057972
17 0.23268921095008052 0.8061594202898551 0.3413848631239936 0.02355072463768116
17 0.25523349436392917 0.7069746376811594 0.392914653784219 0.02355072463768116
17 0.22584541062801933 0.6077898550724637 0.33413848631239934 0.02355072463768116
8 0.9315619967793881 0.8036684782608696 0.02254428341384863 0.023097826086956524
8 0.9311594202898551 0.704483695652174 0.023349436392914653 0.023097826086956524
8 0.9319645732689211 0.605072463768116 0.023349436392914653 0.022644927536231884
8 0.9311594202898551 0.469429347826087 0.023349436392914653 0.022192028985507248
17 0.28784219001610306 0.5088315217391305 0.4533011272141707 0.014945652173913044
17 0.24798711755233493 0.4723731884057971 0.37359098228663445 0.02355072463768116
8 0.9311594202898551 0.3702445652173913 0.023349436392914653 0.022192028985507248
17 0.1751207729468599 0.3704710144927536 0.22624798711755234 0.019021739130434784
17 0.8896940418679549 0.2715126811594203 0.0998389694041868 0.017663043478260868
17 0.8438003220611916 0.23731884057971014 0.19162640901771336 0.019021739130434784
17 0.1574074074074074 0.2710597826086957 0.1956521739130435 0.018568840579710144
17 0.1469404186795491 0.23709239130434784 0.17310789049919484 0.018568840579710144
17 0.22624798711755234 0.16666666666666666 0.3285024154589372 0.025362318840579712
8 0.071658615136876 0.057518115942028984 0.02254428341384863 0.021739130434782608
8 0.7922705314009661 0.057744565217391304 0.037037037037037035 0.022192028985507248
8 0.9227053140096618 0.057291666666666664 0.040257648953301126 0.01947463768115942
20 0.500402576489533 0.011096014492753624 0.999194847020934 0.021286231884057972
