17 0.499194847020934 0.05706521739130435 0.42028985507246375 0.015398550724637682
8 0.07206119162640902 0.057291666666666664 0.02818035426731079 0.01585144927536232
20 0.500402576489533 0.011322463768115942 0.999194847020934 0.021739130434782608
7 0.500805152979066 0.057518115942028984 0.9420289855072463 0.04710144927536232
17 0.2665056360708535 0.14175724637681159 0.3172302737520129 0.012681159420289856
17 0.7286634460547504 0.14175724637681159 0.3027375201288245 0.012681159420289856
17 0.49597423510466987 0.7479619565217391 0.9146537842190016 0.07291666666666667
17 0.12640901771336555 0.9891304347826088 0.07085346215780998 0.01177536231884058
17 0.37681159420289856 0.9891304347826088 0.10305958132045089 0.01177536231884058
17 0.6256038647342995 0.9891304347826088 0.10950080515297907 0.01177536231884058
17 0.8752012882447665 0.9891304347826088 0.06924315619967794 0.01177536231884058
9 0.5 0.4350090579710145 0.9227053140096618 0.5194746376811594
18 0.19202898550724637 0.8145380434782609 0.30515297906602257 0.034873188405797104
9 0.500805152979066 0.9039855072463768 0.9243156199677939 0.057971014492753624
9 0.12560386473429952 0.9581068840579711 0.06602254428341385 0.036684782608695655
8 0.3743961352657005 0.9578804347826088 0.05314009661835749 0.03170289855072464
8 0.6252012882447665 0.9581068840579711 0.061996779388083734 0.03125
8 0.8747987117552335 0.9583333333333334 0.06038647342995169 0.034420289855072464
