17 0.500402576489533 0.059329710144927536 0.2809983896940419 0.02355072463768116
17 0.500805152979066 0.349411231884058 0.8293075684380032 0.09465579710144928
18 0.500402576489533 0.510643115942029 0.48389694041867953 0.06838768115942029
17 0.12600644122383253 0.9904891304347826 0.061996779388083734 0.010869565217391304
17 0.37600644122383253 0.9916213768115942 0.08695652173913043 0.013134057971014492
17 0.6256038647342995 0.9902626811594203 0.1497584541062802 0.011322463768115942
17 0.8747987117552335 0.9916213768115942 0.09742351046698873 0.014039855072463768
8 0.1252012882447665 0.9590126811594203 0.04589371980676329 0.03215579710144927
8 0.3756038647342995 0.9590126811594203 0.04911433172302738 0.0276268115942029
8 0.6260064412238325 0.9594655797101449 0.04911433172302738 0.0276268115942029
8 0.8756038647342995 0.9594655797101449 0.04911433172302738 0.0276268115942029
9 0.500402576489533 0.7934782608695652 0.999194847020934 0.2807971014492754
20 0.500402576489533 0.011322463768115942 0.999194847020934 0.021739130434782608
