17 0.18639291465378421 0.5353260869565217 0.2713365539452496 0.01358695652173913
17 0.2363123993558776 0.5618206521739131 0.37278582930756843 0.016757246376811596
17 0.355475040257649 0.5115489130434783 0.6111111111111112 0.016757246376811596
17 0.24798711755233493 0.48618659420289856 0.3961352657004831 0.016757246376811596
17 0.32930756843800324 0.46082427536231885 0.5587761674718197 0.016757246376811596
17 0.29871175523349436 0.43478260869565216 0.4975845410628019 0.01177536231884058
18 0.500402576489533 0.374320652173913 0.9041867954911433 0.06204710144927536
17 0.501207729468599 0.31544384057971014 0.029790660225442835 0.010416666666666666
18 0.500805152979066 0.25271739130434784 0.9033816425120773 0.06159420289855073
17 0.3526570048309179 0.19202898550724637 0.605475040257649 0.01358695652173913
17 0.37318840579710144 0.1431159420289855 0.6481481481481481 0.017210144927536232
17 0.24516908212560387 0.11752717391304347 0.39049919484702095 0.012228260869565218
17 0.5 0.057971014492753624 0.18357487922705315 0.017210144927536232
8 0.06360708534621579 0.05683876811594203 0.030595813204508857 0.029438405797101448
20 0.500402576489533 0.011322463768115942 0.999194847020934 0.021739130434782608
