17 0.499597423510467 0.057744565217391304 0.11352657004830918 0.016757246376811596
17 0.2753623188405797 0.13292572463768115 0.19162640901771336 0.016757246376811596
17 0.45611916264090174 0.1634963768115942 0.5515297906602254 0.019021739130434784
17 0.3176328502415459 0.23052536231884058 0.2713365539452496 0.017210144927536232
17 0.31199677938808373 0.2608695652173913 0.2632850241545894 0.019021739130434784
17 0.45933977455716585 0.3365036231884058 0.5579710144927537 0.017210144927536232
17 0.23027375201288244 0.36571557971014496 0.09822866344605476 0.014945652173913044
17 0.3836553945249597 0.4384057971014493 0.40660225442834136 0.017210144927536232
17 0.23349436392914655 0.4689764492753623 0.10466988727858292 0.01947463768115942
17 0.3828502415458937 0.5405344202898551 0.40982286634460546 0.016757246376811596
17 0.27898550724637683 0.5690670289855072 0.1956521739130435 0.014945652173913044
17 0.2286634460547504 0.6424365942028986 0.09339774557165861 0.016757246376811596
17 0.45933977455716585 0.6725543478260869 0.5579710144927537 0.019021739130434784
17 0.28462157809983896 0.7398097826086957 0.20531400966183574 0.016757246376811596
17 0.3389694041867955 0.769927536231884 0.3188405797101449 0.019021739130434784
17 0.2612721417069243 0.8460144927536232 0.16022544283413848 0.017210144927536232
17 0.37721417069243157 0.8745471014492754 0.39533011272141705 0.015398550724637682
17 0.10144927536231885 0.9916213768115942 0.057971014492753624 0.009510869565217392
17 0.3003220611916264 0.9916213768115942 0.05636070853462158 0.009510869565217392
17 0.5 0.9929800724637682 0.09339774557165861 0.012228260869565218
17 0.6988727858293076 0.9925271739130435 0.10305958132045089 0.012228260869565218
17 0.8993558776167472 0.9916213768115942 0.04830917874396135 0.009510869565217392
8 0.10064412238325282 0.9594655797101449 0.0499194847020934 0.030344202898550724
8 0.29911433172302737 0.9592391304347826 0.04750402576489533 0.030797101449275364
8 0.499597423510467 0.9619565217391305 0.09742351046698873 0.020833333333333332
8 0.6980676328502415 0.958786231884058 0.07246376811594203 0.02717391304347826
8 0.9005636070853462 0.9599184782608696 0.07648953301127215 0.010416666666666666
8 0.09017713365539452 0.8555253623188406 0.040257648953301126 0.022644927536231884
8 0.09017713365539452 0.7561141304347826 0.05475040257648953 0.029438405797101448
8 0.09138486312399356 0.6524003623188406 0.06682769726247988 0.03759057971014493
8 0.08977455716586151 0.5507246376811594 0.06521739130434782 0.024456521739130436
8 0.09219001610305957 0.44565217391304346 0.06038647342995169 0.03260869565217391
8 0.08977455716586151 0.34533514492753625 0.06682769726247988 0.03759057971014493
8 0.09017713365539452 0.2441123188405797 0.0499194847020934 0.029891304347826088
8 0.09017713365539452 0.14379528985507248 0.0499194847020934 0.0276268115942029
8 0.7914653784219001 0.058423913043478264 0.04830917874396135 0.02717391304347826
8 0.8977455716586151 0.05502717391304348 0.06924315619967794 0.03306159420289855
20 0.500402576489533 0.011322463768115942 0.999194847020934 0.021739130434782608
