8 0.8752012882447665 0.9735054347826088 0.040257648953301126 0.029438405797101448
8 0.6256038647342995 0.9646739130434783 0.05475040257648953 0.030797101449275364
9 0.3752012882447665 0.9660326086956522 0.07407407407407407 0.025362318840579712
9 0.12600644122383253 0.967391304347826 0.07326892109500806 0.025362318840579712
8 0.5048309178743962 0.8319746376811594 0.23349436392914655 0.022644927536231884
8 0.5048309178743962 0.59375 0.23349436392914655 0.022644927536231884
8 0.5048309178743962 0.35597826086956524 0.23349436392914655 0.022644927536231884
17 0.4210950080515298 0.20471014492753623 0.06924315619967794 0.01358695652173913
17 0.4822866344605475 0.23777173913043478 0.19001610305958133 0.017210144927536232
17 0.4883252818035427 0.28532608695652173 0.20209339774557167 0.028985507246376812
17 0.5209339774557166 0.3235960144927536 0.2689210950080515 0.018568840579710144
17 0.6630434782608695 0.35620471014492755 0.04911433172302738 0.013134057971014492
17 0.4750402576489533 0.443161231884058 0.178743961352657 0.013134057971014492
17 0.4822866344605475 0.47599637681159424 0.19001610305958133 0.017210144927536232
17 0.4883252818035427 0.5235507246376812 0.20209339774557167 0.028985507246376812
17 0.5201288244766505 0.5620471014492754 0.27053140096618356 0.018115942028985508
17 0.4210950080515298 0.6811594202898551 0.06924315619967794 0.01358695652173913
17 0.4557165861513688 0.7142210144927537 0.13687600644122383 0.017210144927536232
17 0.5072463768115942 0.7615489130434783 0.23993558776167473 0.029438405797101448
17 0.5197262479871175 0.8002717391304348 0.2713365539452496 0.018115942028985508
17 0.6630434782608695 0.8326539855072463 0.050724637681159424 0.013134057971014492
17 0.4327697262479871 0.9180253623188406 0.0861513687600644 0.016304347826086956
9 0.19806763285024154 0.7497735507246377 0.1964573268921095 0.1480978260869565
9 0.19766505636070852 0.5122282608695652 0.2648953301127214 0.11322463768115942
9 0.1972624798711755 0.2740036231884058 0.2640901771336554 0.1358695652173913
17 0.18639291465378421 0.11730072463768117 0.27294685990338163 0.01358695652173913
17 0.9158615136876006 0.11775362318840579 0.07326892109500806 0.01358695652173913
17 0.501207729468599 0.057518115942028984 0.5950080515297906 0.017210144927536232
8 0.04669887278582931 0.057971014492753624 0.030595813204508857 0.028985507246376812
20 0.500402576489533 0.011322463768115942 0.999194847020934 0.021739130434782608
