17 0.27558596095008053 0.18493761548913046 0.3035610652173913 0.02231252355072464
8 0.10055937882447664 0.9594656902173913 0.04835114090177133 0.02950143115942037
8 0.2985268317230274 0.9590534818840579 0.057971014492753624 0.03306159420289855
8 0.4995970793075684 0.9599465079257246 0.061271925120772966 0.028613436141304432
8 0.6959537624798712 0.959485814085145 0.06292488727858289 0.03398088088768103
8 0.8986331368760063 0.9587873376358695 0.043533399355877536 0.029060253170289846
17 0.8998350676328503 0.9898140948822465 0.03309019484702085 0.010460231431159461
17 0.6991040998389694 0.9898185176630435 0.04996420450885673 0.01046708695652172
17 0.500008329710145 0.9895748192934783 0.10546958534621582 0.010930600543478318
17 0.3000437049114332 0.9896139060235507 0.08054097504025767 0.010882944293478414
17 0.10098885185185184 0.9906998786231883 0.08617978582930756 0.01313582699275379
8 0.43082429227053143 0.8743665391757247 0.0637345120772947 0.0295191227355073
8 0.911106865136876 0.8743723994565218 0.06374920531400957 0.029554505434782663
8 0.43077954790660217 0.5334817085597826 0.06377967391304344 0.02955218342391304
8 0.9110519726247988 0.5334422346014493 0.06367460708534618 0.029674585144927584
17 0.6785875157004831 0.5216916956521739 0.31159415378421895 0.016757246376811596
17 0.5655444351851852 0.5468599345561594 0.08226398953301127 0.015481091938405776
17 0.2104474923510467 0.5217688186141304 0.33249733091787437 0.016899219655797066
17 0.08446037520128824 0.5468465554800724 0.08066156199677939 0.015488942481883986
17 0.19551707004830918 0.8623789082880434 0.30596365700483086 0.01638003396739129
17 0.08529888526570048 0.8877200803894928 0.08222026489533012 0.015476392663043478
17 0.6883290611916264 0.8625850677083333 0.32766517230273745 0.016844100090579715
17 0.5651595994363928 0.8877376336050725 0.08136998631239933 0.015465833333333373
17 0.26237875120772947 0.11951932359601448 0.425353383252818 0.035553323822463775
8 0.08727788083735909 0.18334774343297103 0.03793815942028985 0.021806136322463785
8 0.04623265378421901 0.05774098211050725 0.02990532850241546 0.028538005887681166
20 0.500402576489533 0.011106567028985506 0.999194847020934 0.02130733695652174
7 0.500373619162641 0.1837533383152174 0.9031189500805152 0.049171793478260874
9 0.2602798981481481 0.3746016820652174 0.4424031666666667 0.2488983541666667
9 0.7405146847826086 0.3745994291213768 0.4422204452495974 0.24896102038043477
9 0.7405298204508858 0.7154649375 0.4420069694041868 0.24876558605072463
9 0.2602603671497585 0.7154889037590579 0.4419683961352656 0.24864323958333334
