17 0.2286634460547504 0.5274003623188406 0.14170692431561996 0.01585144927536232
17 0.2669082125603865 0.4542572463768116 0.2181964573268921 0.015398550724637682
8 0.9178743961352657 0.0661231884057971 0.030595813204508857 0.017210144927536232
17 0.10064412238325282 0.06657608695652174 0.12077294685990338 0.019021739130434784
17 0.5 0.13201992753623187 0.08051529790660225 0.016757246376811596
17 0.500805152979066 0.1741394927536232 0.8341384863123994 0.04664855072463768
17 0.500805152979066 0.3901721014492754 0.04669887278582931 0.014945652173913044
8 0.09742351046698873 0.45516304347826086 0.037037037037037035 0.016304347826086956
8 0.09742351046698873 0.5292119565217391 0.037037037037037035 0.024003623188405796
18 0.5 0.2592844202898551 0.9033816425120773 0.05480072463768116
18 0.5 0.3272192028985507 0.9033816425120773 0.05480072463768116
7 0.500402576489533 0.45516304347826086 0.9219001610305958 0.06521739130434782
7 0.500402576489533 0.5285326086956522 0.9219001610305958 0.06521739130434782
18 0.5 0.9497282608695652 0.9227053140096618 0.06793478260869565
17 0.501207729468599 0.6030344202898551 0.23268921095008052 0.016757246376811596
