17 0.28381642512077293 0.5267210144927537 0.11352657004830918 0.01358695652173913
17 0.499194847020934 0.5283061594202899 0.07085346215780998 0.014945652173913044
17 0.71658615136876 0.5280797101449275 0.11916264090177134 0.015398550724637682
17 0.717391304347826 0.37794384057971014 0.14009661835748793 0.014945652173913044
17 0.500402576489533 0.37749094202898553 0.11513687600644122 0.01585144927536232
17 0.49798711755233493 0.10869565217391304 0.6320450885668277 0.041666666666666664
18 0.5 0.9116847826086957 0.6296296296296297 0.06884057971014493
18 0.500402576489533 0.8226902173913043 0.6288244766505636 0.06748188405797101
13 0.501207729468599 0.7210144927536232 0.09581320450885668 0.010869565217391304
9 0.7194041867954911 0.4739583333333333 0.0748792270531401 0.04302536231884058
9 0.5024154589371981 0.4746376811594203 0.08856682769726248 0.043478260869565216
9 0.2830112721417069 0.4746376811594203 0.08454106280193237 0.04800724637681159
17 0.2830112721417069 0.37726449275362317 0.10064412238325282 0.016304347826086956
9 0.28502415458937197 0.3245018115942029 0.07407407407407407 0.04755434782608696
9 0.500402576489533 0.32404891304347827 0.08454106280193237 0.04755434782608696
9 0.717391304347826 0.32404891304347827 0.07729468599033816 0.04755434782608696
