17 0.14049919484702095 0.30321557971014496 0.17310789049919484 0.017663043478260868
17 0.18276972624798712 0.23596014492753623 0.2560386473429952 0.017210144927536232
17 0.9118357487922706 0.30344202898550726 0.08132045088566828 0.01177536231884058
17 0.499597423510467 0.9562952898550725 0.7061191626409018 0.03125
18 0.500402576489533 0.8833786231884058 0.6304347826086957 0.06929347826086957
17 0.501610305958132 0.12930253623188406 0.3864734299516908 0.024003623188405796
8 0.06159420289855073 0.057291666666666664 0.0249597423510467 0.024909420289855072
7 0.5 0.302536231884058 0.9533011272141707 0.06793478260869565
7 0.5 0.23324275362318841 0.9533011272141707 0.06793478260869565
20 0.500402576489533 0.011322463768115942 0.999194847020934 0.021739130434782608
