17 0.15901771336553946 0.27332427536231885 0.16666666666666666 0.017663043478260868
17 0.12198067632850242 0.17889492753623187 0.09259259259259259 0.018115942028985508
17 0.8836553945249598 0.27468297101449274 0.08454106280193237 0.01585144927536232
17 0.499597423510467 0.7832880434782609 0.4307568438003221 0.01585144927536232
17 0.500805152979066 0.8029891304347826 0.605475040257649 0.016304347826086956
8 0.03743961352657005 0.06816123188405797 0.03140096618357488 0.029438405797101448
20 0.500402576489533 0.011548913043478262 0.999194847020934 0.022192028985507248
17 0.5 0.06884057971014493 0.0853462157809984 0.01358695652173913
17 0.5 0.4784873188405797 0.04186795491143317 0.013134057971014492
18 0.500402576489533 0.6727807971014493 0.855877616747182 0.07653985507246377
18 0.500402576489533 0.5747282608695652 0.855877616747182 0.0769927536231884
18 0.500402576489533 0.3903985507246377 0.855877616747182 0.0769927536231884
7 0.500402576489533 0.28419384057971014 0.855877616747182 0.03940217391304348
7 0.500402576489533 0.1899909420289855 0.855877616747182 0.04030797101449275
