17 0.3136070853462158 0.1847826086956522 0.20048309178743962 0.018115942028985508
9 0.5 0.08831521739130435 0.35104669887278583 0.0661231884057971
8 0.15539452495974235 0.1838768115942029 0.043478260869565216 0.024456521739130436
17 0.23309178743961353 0.3127264492753623 0.36312399355877617 0.024909420289855072
17 0.42391304347826086 0.47101449275362317 0.39049919484702095 0.025362318840579712
17 0.27012882447665054 0.666893115942029 0.44041867954911434 0.024909420289855072
17 0.4247181964573269 0.8260869565217391 0.1247987117552335 0.025362318840579712
17 0.10064412238325282 0.985733695652174 0.07246376811594203 0.012228260869565218
17 0.30112721417069244 0.9852807971014493 0.08373590982286634 0.013134057971014492
17 0.499597423510467 0.9873188405797102 0.06038647342995169 0.016304347826086956
17 0.6996779388083736 0.9850543478260869 0.06602254428341385 0.012681159420289856
17 0.8985507246376812 0.985733695652174 0.10305958132045089 0.012228260869565218
8 0.8993558776167472 0.9592391304347826 0.0499194847020934 0.028079710144927536
8 0.6988727858293076 0.9596920289855072 0.0499194847020934 0.020833333333333332
8 0.499194847020934 0.9601449275362319 0.0499194847020934 0.024456521739130436
8 0.3003220611916264 0.9592391304347826 0.0499194847020934 0.024456521739130436
8 0.10104669887278583 0.9590126811594203 0.05555555555555555 0.029438405797101448
9 0.4247181964573269 0.4701086956521739 0.751207729468599 0.24456521739130435
9 0.9219001610305958 0.47033514492753625 0.14814814814814814 0.245018115942029
9 0.4243156199677939 0.8179347826086957 0.750402576489533 0.23097826086956522
9 0.9239130434782609 0.8179347826086957 0.15217391304347827 0.23097826086956522
7 0.500402576489533 0.1838768115942029 0.8075684380032206 0.0661231884057971
20 0.500402576489533 0.011322463768115942 0.999194847020934 0.021739130434782608
