17 0.1288244766505636 0.08446557971014493 0.1610305958132045 0.033967391304347824
17 0.18961352657004832 0.16191123188405798 0.27616747181964574 0.01947463768115942
17 0.9074074074074074 0.4852807971014493 0.07407407407407407 0.013134057971014492
17 0.46618357487922707 0.5559329710144928 0.8341384863123994 0.04302536231884058
17 0.1292270531400966 0.6517210144927537 0.15539452495974235 0.018115942028985508
17 0.30998389694041867 0.9089673913043478 0.5233494363929146 0.04619565217391305
17 0.8341384863123994 0.9080615942028986 0.33172302737520126 0.044384057971014496
17 0.5603864734299517 0.8507699275362319 0.07407407407407407 0.013134057971014492
9 0.500402576489533 0.359375 0.999194847020934 0.31657608695652173
9 0.3385668276972625 0.7776268115942029 0.5805152979066023 0.1838768115942029
9 0.8333333333333334 0.7776268115942029 0.3333333333333333 0.1838768115942029
8 0.1642512077294686 0.9655797101449275 0.05958132045088567 0.03351449275362319
8 0.4975845410628019 0.9655797101449275 0.05958132045088567 0.03351449275362319
8 0.8309178743961353 0.9669384057971014 0.05958132045088567 0.036231884057971016
20 0.500402576489533 0.011322463768115942 0.999194847020934 0.021739130434782608
