17 0.1638486312399356 0.43795289855072467 0.14895330112721417 0.014492753623188406
17 0.20128824476650564 0.37273550724637683 0.22383252818035426 0.014492753623188406
17 0.6296296296296297 0.3072916666666667 0.17713365539452497 0.014945652173913044
17 0.17914653784219 0.3072916666666667 0.17954911433172302 0.014945652173913044
17 0.500805152979066 0.5654438405797102 0.027375201288244767 0.009510869565217392
9 0.501207729468599 0.0912590579710145 0.21658615136876005 0.04121376811594203
17 0.9448470209339774 0.9721467391304348 0.04911433172302738 0.014039855072463768
18 0.500402576489533 0.6868206521739131 0.8848631239935588 0.05480072463768116
18 0.7262479871175523 0.6188858695652174 0.4331723027375201 0.05480072463768116
18 0.2745571658615137 0.6188858695652174 0.4331723027375201 0.05480072463768116
18 0.5 0.515625 0.8840579710144928 0.05480072463768116
7 0.5 0.43953804347826086 0.8840579710144928 0.05480072463768116
7 0.5 0.374320652173913 0.8840579710144928 0.05480072463768116
7 0.7258454106280193 0.30910326086956524 0.4323671497584541 0.05480072463768116
7 0.2749597423510467 0.30910326086956524 0.4323671497584541 0.05480072463768116
20 0.500402576489533 0.011548913043478262 0.999194847020934 0.022192028985507248
17 0.500805152979066 0.23482789855072464 0.16264090177133655 0.024003623188405796
17 0.500402576489533 0.916213768115942 0.8333333333333334 0.03260869565217391
17 0.5 0.1453804347826087 0.2673107890499195 0.016304347826086956
