17 0.24476650563607086 0.436820652173913 0.14492753623188406 0.014945652173913044
17 0.28019323671497587 0.36616847826086957 0.21578099838969403 0.014945652173913044
17 0.5 0.6546648550724637 0.5925925925925926 0.022192028985507248
5 0.4500805152979066 0.509963768115942 0.8244766505636071 0.04619565217391305
18 0.500402576489533 0.5871829710144928 0.9219001610305958 0.060235507246376815
17 0.48752012882447665 0.5117753623188406 0.7463768115942029 0.04076086956521739
8 0.10426731078904992 0.43795289855072467 0.05233494363929146 0.012681159420289856
8 0.10466988727858292 0.36730072463768115 0.03864734299516908 0.016304347826086956
7 0.500402576489533 0.4377264492753623 0.9219001610305958 0.060235507246376815
7 0.500402576489533 0.36707427536231885 0.9219001610305958 0.060235507246376815
17 0.500805152979066 0.311820652173913 0.030595813204508857 0.011322463768115942
17 0.501207729468599 0.0926177536231884 0.3470209339774557 0.017663043478260868
8 0.07809983896940419 0.09284420289855072 0.03542673107890499 0.01992753623188406
20 0.500805152979066 0.010869565217391304 0.998389694041868 0.020833333333333332
18 0.500805152979066 0.25317028985507245 0.9227053140096618 0.059782608695652176
18 0.500402576489533 0.182518115942029 0.9219001610305958 0.059782608695652176
