8 0.7693236714975845 0.07269021739130435 0.03462157809983897 0.01947463768115942
17 0.11996779388083736 0.07178442028985507 0.08695652173913043 0.017663043478260868
20 0.500402576489533 0.011322463768115942 0.999194847020934 0.021739130434782608
17 0.9005636070853462 0.07178442028985507 0.11835748792270531 0.016757246376811596
17 0.21497584541062803 0.6145833333333334 0.35426731078904994 0.08333333333333333
17 0.7069243156199678 0.6166213768115942 0.3752012882447665 0.08740942028985507
17 0.17552334943639292 0.5303442028985508 0.09339774557165861 0.019021739130434784
17 0.3993558776167472 0.5294384057971014 0.12238325281803543 0.017210144927536232
17 0.6541867954911433 0.5303442028985508 0.0893719806763285 0.019021739130434784
17 0.8800322061191627 0.5289855072463768 0.12238325281803543 0.017210144927536232
17 0.2359098228663446 0.682518115942029 0.20450885668276972 0.014492753623188406
17 0.6541867954911433 0.682518115942029 0.07971014492753623 0.015398550724637682
17 0.24838969404186795 0.7085597826086957 0.2246376811594203 0.014945652173913044
17 0.7290660225442834 0.7085597826086957 0.2246376811594203 0.014945652173913044
17 0.10064412238325282 0.9907155797101449 0.06924315619967794 0.014039855072463768
17 0.3003220611916264 0.9898097826086957 0.07729468599033816 0.011322463768115942
17 0.49879227053140096 0.9893568840579711 0.07648953301127215 0.011322463768115942
17 0.6984702093397746 0.9907155797101449 0.107085346215781 0.014039855072463768
17 0.8997584541062802 0.9889039855072463 0.07004830917874397 0.011322463768115942
8 0.09057971014492754 0.5301177536231884 0.05233494363929146 0.025815217391304348
8 0.571256038647343 0.5303442028985508 0.05233494363929146 0.025362318840579712
8 0.0998389694041868 0.9569746376811594 0.06280193236714976 0.034420289855072464
8 0.3003220611916264 0.9565217391304348 0.05958132045088567 0.029891304347826088
8 0.499194847020934 0.9569746376811594 0.061191626409017714 0.034420289855072464
8 0.7000805152979066 0.957427536231884 0.050724637681159424 0.035326086956521736
8 0.8985507246376812 0.9581068840579711 0.0499194847020934 0.033967391304347824
7 0.4210950080515298 0.07223731884057971 0.7681159420289855 0.06838768115942029
18 0.26006441223832527 0.15919384057971014 0.44605475040257647 0.043931159420289856
18 0.7411433172302737 0.15919384057971014 0.44524959742351045 0.043931159420289856
9 0.25925925925925924 0.38858695652173914 0.44605475040257647 0.3342391304347826
9 0.7407407407407407 0.38858695652173914 0.44605475040257647 0.3342391304347826
9 0.25925925925925924 0.838768115942029 0.44605475040257647 0.18840579710144928
9 0.7403381642512077 0.838768115942029 0.44524959742351045 0.18840579710144928
9 0.07568438003220612 0.6965579710144928 0.07890499194847021 0.044384057971014496
9 0.5571658615136876 0.6965579710144928 0.07890499194847021 0.044384057971014496
