18 0.9416264090177133 0.9225543478260869 0.11674718196457327 0.051630434782608696
18 0.7435587761674718 0.9230072463768116 0.2584541062801932 0.051630434782608696
18 0.4742351046698873 0.9230072463768116 0.2576489533011272 0.051630434782608696
8 0.06723027375201288 0.05457427536231884 0.02818035426731079 0.028532608695652176
8 0.9299516908212561 0.049365942028985504 0.06924315619967794 0.03351449275362319
8 0.8808373590982287 0.5407608695652174 0.05636070853462158 0.03170289855072464
8 0.8747987117552335 0.629302536231884 0.06360708534621579 0.033967391304347824
9 0.8808373590982287 0.717391304347826 0.05636070853462158 0.03170289855072464
9 0.8856682769726248 0.7776268115942029 0.0499194847020934 0.028079710144927536
17 0.8848631239935588 0.808197463768116 0.05475040257648953 0.011322463768115942
9 0.31280193236714976 0.1238677536231884 0.5531400966183575 0.07382246376811594
9 0.7801932367149759 0.12409420289855072 0.3687600644122383 0.07336956521739131
9 0.5 0.24954710144927536 0.927536231884058 0.17028985507246377
9 0.5 0.42934782608695654 0.927536231884058 0.1358695652173913
17 0.38727858293075684 0.5407608695652174 0.5877616747181964 0.03804347826086957
17 0.27697262479871176 0.6299818840579711 0.3671497584541063 0.019021739130434784
17 0.21980676328502416 0.7192028985507246 0.25120772946859904 0.018115942028985508
17 0.13727858293075684 0.8054800724637681 0.0861513687600644 0.014945652173913044
17 0.11231884057971014 0.9456521739130435 0.15056360708534622 0.03894927536231884
17 0.4690016103059581 0.9725996376811594 0.14090177133655393 0.013134057971014492
17 0.7375201288244766 0.9725996376811594 0.14170692431561996 0.013134057971014492
17 0.9681964573268921 0.9725996376811594 0.06360708534621579 0.013134057971014492
8 0.2942834138486312 0.943161231884058 0.021739130434782608 0.007699275362318841
