17 0.12278582930756844 0.41530797101449274 0.11674718196457327 0.01177536231884058
17 0.1501610305958132 0.3122735507246377 0.17310789049919484 0.012228260869565218
7 0.500402576489533 0.41508152173913043 0.9428341384863124 0.057518115942028984
7 0.500805152979066 0.311820652173913 0.9420289855072463 0.057518115942028984
8 0.8981481481481481 0.9585597826086957 0.05555555555555555 0.020380434782608696
8 0.6996779388083736 0.9581068840579711 0.04186795491143317 0.034873188405797104
8 0.499597423510467 0.9581068840579711 0.05877616747181964 0.03306159420289855
8 0.0998389694041868 0.9581068840579711 0.05475040257648953 0.030344202898550724
8 0.2999194847020934 0.957427536231884 0.04911433172302738 0.03170289855072464
18 0.5 0.7966485507246377 0.7133655394524959 0.05706521739130435
18 0.5 0.697463768115942 0.7133655394524959 0.05434782608695652
18 0.5 0.5699728260869565 0.9516908212560387 0.07110507246376811
9 0.9299516908212561 0.4927536231884058 0.12238325281803543 0.06884057971014493
17 0.09742351046698873 0.9882246376811594 0.05314009661835749 0.00996376811594203
17 0.2999194847020934 0.9884510869565217 0.14251207729468598 0.009510869565217392
17 0.499597423510467 0.9884510869565217 0.09581320450885668 0.009510869565217392
17 0.6988727858293076 0.9882246376811594 0.07246376811594203 0.00996376811594203
17 0.8973429951690821 0.9882246376811594 0.0571658615136876 0.00996376811594203
17 0.499194847020934 0.6286231884057971 0.0322061191626409 0.009057971014492754
17 0.11312399355877617 0.37228260869565216 0.14251207729468598 0.01358695652173913
17 0.17632850241545894 0.49094202898550726 0.2995169082125604 0.017210144927536232
17 0.1461352657004831 0.2694746376811594 0.20853462157809985 0.01358695652173913
17 0.08856682769726248 0.19134963768115942 0.12399355877616747 0.023097826086956524
17 0.9082125603864735 0.20244565217391305 0.13043478260869565 0.016304347826086956
8 0.4074074074074074 0.11775362318840579 0.020933977455716585 0.01992753623188406
17 0.20893719806763286 0.12069746376811594 0.3647342995169082 0.016757246376811596
17 0.500805152979066 0.057291666666666664 0.20450885668276972 0.017663043478260868
8 0.7057165861513688 0.05593297101449275 0.023349436392914653 0.022192028985507248
8 0.8192431561996779 0.05661231884057971 0.04428341384863124 0.029891304347826088
8 0.9319645732689211 0.05593297101449275 0.023349436392914653 0.022192028985507248
20 0.500402576489533 0.011322463768115942 0.999194847020934 0.021739130434782608
