17 0.27616747181964574 0.3804347826086957 0.4492753623188406 0.019021739130434784
17 0.09380032206119163 0.2909873188405797 0.08454106280193237 0.016757246376811596
17 0.6131239935587761 0.20380434782608695 0.17310789049919484 0.015398550724637682
17 0.13848631239935588 0.20335144927536233 0.17391304347826086 0.016304347826086956
16 0.894927536231884 0.6397192028985508 0.1247987117552335 0.04302536231884058
17 0.32045088566827695 0.7101449275362319 0.537842190016103 0.01992753623188406
18 0.500805152979066 0.5713315217391305 0.9033816425120773 0.060235507246376815
17 0.3635265700483092 0.6394927536231884 0.6256038647342995 0.015398550724637682
17 0.48752012882447665 0.4927536231884058 0.8735909822866345 0.041666666666666664
17 0.9122383252818035 0.3795289855072464 0.07407407407407407 0.010869565217391304
7 0.500402576489533 0.3860960144927536 0.9041867954911433 0.030344202898550724
7 0.500805152979066 0.29846014492753625 0.9033816425120773 0.030797101449275364
7 0.7383252818035426 0.21105072463768115 0.428341384863124 0.029891304347826088
7 0.26247987117552335 0.2105978260869565 0.428341384863124 0.030797101449275364
17 0.22665056360708535 0.1297554347826087 0.35185185185185186 0.020380434782608696
17 0.500805152979066 0.057291666666666664 0.2962962962962963 0.017663043478260868
8 0.06602254428341385 0.05683876811594203 0.030595813204508857 0.017663043478260868
20 0.500402576489533 0.011322463768115942 0.999194847020934 0.021739130434782608
