8 0.08494363929146538 0.0649909420289855 0.03462157809983897 0.01947463768115942
17 0.26288244766505636 0.06634963768115942 0.2826086956521739 0.022192028985507248
7 0.500805152979066 0.06589673913043478 0.9033816425120773 0.049365942028985504
9 0.5 0.2846467391304348 0.9516908212560387 0.3627717391304348
17 0.3438003220611916 0.4927536231884058 0.03864734299516908 0.018115942028985508
17 0.3196457326892109 0.5353260869565217 0.5104669887278583 0.026268115942028984
17 0.2749597423510467 0.6188858695652174 0.4581320450885668 0.028532608695652176
17 0.8719806763285024 0.6161684782608696 0.10305958132045089 0.014945652173913044
17 0.8140096618357487 0.8772644927536232 0.2109500805152979 0.06974637681159421
17 0.4927536231884058 0.863677536231884 0.143317230273752 0.04076086956521739
17 0.1710950080515298 0.8530344202898551 0.20209339774557167 0.021286231884057972
17 0.9001610305958132 0.9907155797101449 0.033816425120772944 0.010416666666666666
17 0.6992753623188406 0.9916213768115942 0.17149758454106281 0.014039855072463768
17 0.5 0.9904891304347826 0.11272141706924316 0.010869565217391304
17 0.3007246376811594 0.9913949275362319 0.13446054750402575 0.01358695652173913
17 0.10185185185185185 0.9902626811594203 0.10225442834138486 0.011322463768115942
8 0.10104669887278583 0.9592391304347826 0.05877616747181964 0.03351449275362319
9 0.2995169082125604 0.958786231884058 0.06280193236714976 0.035326086956521736
8 0.499194847020934 0.9590126811594203 0.09017713365539452 0.03759057971014493
9 0.6980676328502415 0.9590126811594203 0.06280193236714976 0.036684782608695655
8 0.9001610305958132 0.9592391304347826 0.061191626409017714 0.03713768115942029
8 0.9625603864734299 0.6161684782608696 0.013687600644122383 0.014039855072463768
9 0.9251207729468599 0.5319293478260869 0.05958132045088567 0.034873188405797104
8 0.18639291465378421 0.49162137681159424 0.2471819645732689 0.024909420289855072
9 0.8148148148148148 0.7495471014492754 0.2785829307568438 0.1585144927536232
9 0.49597423510466987 0.7477355072463768 0.27697262479871176 0.16032608695652173
9 0.1751207729468599 0.7484148550724637 0.2809983896940419 0.15715579710144928
20 0.500402576489533 0.011322463768115942 0.999194847020934 0.021739130434782608
