17 0.219972576489533 0.9832696225090579 0.0846374685990338 0.011843916213768088
17 0.5002317077294686 0.9846313586956521 0.11318483252818035 0.014552572463768053
17 0.779963421095008 0.9835029823369564 0.10223246215780997 0.011419876811594168
8 0.7811987934782608 0.9556606680253623 0.046664374396135314 0.026357567934782593
8 0.5012126682769726 0.9579074139492755 0.03234927214170688 0.026356130434782618
8 0.22089252053140093 0.9562615104166665 0.03984647262479871 0.02242500181159421
17 0.5002393615136875 0.6283033894927536 0.6162684589371981 0.04639042300724634
9 0.49969070853462155 0.476506053442029 0.3357021803542673 0.22203384601449275
17 0.5016274198872787 0.05943459714673912 0.23956561755233496 0.02285470153985507
20 0.500805152979066 0.010869565217391304 0.998389694041868 0.020833333333333332
