9 0.09017713365539452 0.057291666666666664 0.08373590982286634 0.033967391304347824
17 0.16586151368760063 0.125 0.2286634460547504 0.021739130434782608
17 0.12842190016103058 0.17730978260869565 0.1570048309178744 0.017663043478260868
17 0.10950080515297907 0.2318840579710145 0.11594202898550725 0.017210144927536232
17 0.14049919484702095 0.2882699275362319 0.177938808373591 0.021286231884057972
17 0.12761674718196458 0.34035326086956524 0.15539452495974235 0.017663043478260868
17 0.22302737520128824 0.39696557971014496 0.3462157809983897 0.021286231884057972
17 0.24154589371980675 0.45108695652173914 0.38003220611916266 0.021739130434782608
17 0.17552334943639292 0.5033967391304348 0.24798711755233493 0.017663043478260868
17 0.19041867954911434 0.5597826086956522 0.27938808373590984 0.021739130434782608
17 0.12117552334943639 0.6139039855072463 0.14251207729468598 0.021286231884057972
17 0.13325281803542674 0.6664402173913043 0.16666666666666666 0.017663043478260868
17 0.12318840579710146 0.7210144927536232 0.14814814814814814 0.017210144927536232
17 0.22826086956521738 0.8023097826086957 0.23752012882447665 0.018568840579710144
17 0.2757648953301127 0.858016304347826 0.2971014492753623 0.023097826086956524
17 0.1747181964573269 0.9130434782608696 0.143317230273752 0.02355072463768116
8 0.06843800322061191 0.8029891304347826 0.040257648953301126 0.022644927536231884
9 0.07769726247987117 0.8552989130434783 0.0426731078904992 0.024909420289855072
8 0.06521739130434782 0.910552536231884 0.033816425120772944 0.021286231884057972
17 0.8240740740740741 0.17730978260869565 0.020128824476650563 0.013134057971014492
17 0.8236714975845411 0.2860054347826087 0.01932367149758454 0.013134057971014492
6 0.4476650563607085 0.5002264492753623 0.893719806763285 0.9995471014492754
20 0.500402576489533 0.012001811594202898 0.999194847020934 0.023097826086956524
