17 0.4500805152979066 0.9639945652173914 0.0821256038647343 0.011322463768115942
17 0.3329307568438003 0.23799818840579712 0.21658615136876005 0.017663043478260868
17 0.29508856682769724 0.32019927536231885 0.13768115942028986 0.019021739130434784
17 0.2971014492753623 0.7298460144927537 0.14009661835748793 0.022192028985507248
17 0.32326892109500804 0.6460597826086957 0.19243156199677938 0.017663043478260868
17 0.3442028985507246 0.5645380434782609 0.2391304347826087 0.017663043478260868
17 0.2673107890499195 0.4008152173913044 0.08051529790660225 0.018115942028985508
17 0.29589371980676327 0.48596014492753625 0.1360708534621578 0.017210144927536232
18 0.46578099838969406 0.4852807971014493 0.10547504025764895 0.028532608695652176
17 0.43800322061191627 0.9384057971014493 0.533011272141707 0.03351449275362319
8 0.13848631239935588 0.7269021739130435 0.03542673107890499 0.030797101449275364
8 0.13848631239935588 0.6458333333333334 0.07407407407407407 0.028985507246376812
8 0.13687600644122383 0.5640851449275363 0.05475040257648953 0.03306159420289855
8 0.13848631239935588 0.485054347826087 0.06280193236714976 0.035326086956521736
8 0.1388888888888889 0.4010416666666667 0.05877616747181964 0.034873188405797104
9 0.1392914653784219 0.31884057971014496 0.057971014492753624 0.028985507246376812
8 0.13848631239935588 0.23754528985507248 0.043478260869565216 0.03125
9 0.13848631239935588 0.15715579710144928 0.06280193236714976 0.034420289855072464
17 0.2966988727858293 0.15964673913043478 0.14251207729468598 0.022192028985507248
17 0.2773752012882448 0.0756340579710145 0.0893719806763285 0.018115942028985508
9 0.14210950080515297 0.07518115942028986 0.08132045088566828 0.041666666666666664
6 0.4500805152979066 0.5002264492753623 0.8985507246376812 0.9995471014492754
20 0.500402576489533 0.011322463768115942 0.999194847020934 0.021739130434782608
