17 0.358695652173913 0.0756340579710145 0.34863123993558776 0.021739130434782608
17 0.10024154589371981 0.9814311594202899 0.10386473429951691 0.010869565217391304
17 0.3007246376811594 0.9814311594202899 0.07809983896940419 0.010869565217391304
17 0.500402576489533 0.9816576086956522 0.06521739130434782 0.010416666666666666
17 0.7000805152979066 0.9814311594202899 0.07326892109500806 0.010869565217391304
17 0.8997584541062802 0.9814311594202899 0.09420289855072464 0.010869565217391304
8 0.9005636070853462 0.9497282608695652 0.05877616747181964 0.03351449275362319
8 0.7000805152979066 0.9490489130434783 0.05394524959742351 0.029438405797101448
9 0.5 0.9497282608695652 0.05152979066022544 0.03170289855072464
8 0.3007246376811594 0.9501811594202899 0.05877616747181964 0.028985507246376812
8 0.10104669887278583 0.9499547101449275 0.050724637681159424 0.03125
18 0.500402576489533 0.8815670289855072 0.8848631239935588 0.06567028985507246
8 0.5797101449275363 0.7690217391304348 0.13043478260869565 0.01358695652173913
17 0.6702898550724637 0.7701539855072463 0.029790660225442835 0.012228260869565218
17 0.6320450885668277 0.7459239130434783 0.2318840579710145 0.01992753623188406
17 0.6517713365539453 0.7194293478260869 0.2713365539452496 0.018568840579710144
17 0.5849436392914654 0.6949728260869565 0.14090177133655393 0.011322463768115942
8 0.12399355877616747 0.7937047101449275 0.13043478260869565 0.014039855072463768
17 0.21497584541062803 0.7948369565217391 0.030595813204508857 0.01177536231884058
17 0.18317230273752014 0.7703804347826088 0.24557165861513688 0.01992753623188406
17 0.1819645732689211 0.7316576086956522 0.24476650563607086 0.04302536231884058
17 0.12681159420289856 0.6949728260869565 0.13446054750402575 0.010416666666666666
8 0.9029790660225443 0.5389492753623188 0.039452495974235106 0.01992753623188406
9 0.7282608695652174 0.5989583333333334 0.427536231884058 0.1598731884057971
8 0.4476650563607085 0.5389492753623188 0.040257648953301126 0.01992753623188406
9 0.2725442834138486 0.5987318840579711 0.427536231884058 0.16032608695652173
8 0.5801127214170693 0.4741847826086957 0.13123993558776167 0.014492753623188406
17 0.676731078904992 0.47531702898550726 0.0426731078904992 0.012228260869565218
17 0.6324476650563607 0.45131340579710144 0.23107890499194847 0.020380434782608696
17 0.7181964573268921 0.4107789855072464 0.4074074074074074 0.03985507246376812
17 0.606280193236715 0.3759057971014493 0.18357487922705315 0.010869565217391304
8 0.12399355877616747 0.4741847826086957 0.13043478260869565 0.014492753623188406
17 0.21457326892109502 0.47554347826086957 0.029790660225442835 0.01177536231884058
17 0.1751207729468599 0.45131340579710144 0.22946859903381642 0.020380434782608696
17 0.25925925925925924 0.4110054347826087 0.3993558776167472 0.03940217391304348
17 0.14774557165861513 0.3759057971014493 0.177938808373591 0.010869565217391304
8 0.9037842190016103 0.21965579710144928 0.039452495974235106 0.01992753623188406
9 0.7282608695652174 0.2798913043478261 0.427536231884058 0.16032608695652173
8 0.4472624798711755 0.21965579710144928 0.039452495974235106 0.01992753623188406
9 0.2717391304347826 0.27943840579710144 0.427536231884058 0.16032608695652173
17 0.38687600644122383 0.14855072463768115 0.6513687600644122 0.03170289855072464
8 0.12278582930756844 0.07359601449275363 0.03784219001610306 0.021286231884057972
7 0.500805152979066 0.07382246376811594 0.8856682769726248 0.06521739130434782
20 0.500402576489533 0.011096014492753624 0.999194847020934 0.021286231884057972
