17 0.2608695652173913 0.6299818840579711 0.26570048309178745 0.017210144927536232
17 0.22342995169082125 0.532608695652174 0.1892109500805153 0.017210144927536232
20 0.500402576489533 0.011322463768115942 0.999194847020934 0.021739130434782608
8 0.07125603864734299 0.057291666666666664 0.050724637681159424 0.0276268115942029
9 0.500805152979066 0.057518115942028984 0.40096618357487923 0.02717391304347826
8 0.5 0.3007246376811594 0.3172302737520129 0.17844202898550726
17 0.499597423510467 0.4338768115942029 0.2745571658615137 0.03170289855072464
7 0.500402576489533 0.5339673913043478 0.8848631239935588 0.0769927536231884
7 0.500402576489533 0.6320199275362319 0.8848631239935588 0.07653985507246377
18 0.5 0.7529438405797102 0.8856682769726248 0.07653985507246377
18 0.500402576489533 0.8614130434782609 0.8848631239935588 0.0769927536231884
17 0.5 0.9497282608695652 0.34782608695652173 0.024456521739130436
0 0.500402576489533 0.5002264492753623 0.999194847020934 0.9995471014492754
