17 0.11473429951690821 0.421875 0.13768115942028986 0.014039855072463768
17 0.14774557165861513 0.3041213768115942 0.20209339774557167 0.014039855072463768
17 0.08735909822866345 0.18772644927536233 0.08293075684380032 0.014039855072463768
18 0.5 0.9578804347826088 0.9516908212560387 0.06340579710144928
17 0.500805152979066 0.8711503623188406 0.7568438003220612 0.034873188405797104
8 0.046296296296296294 0.057518115942028984 0.029790660225442835 0.028985507246376812
17 0.499597423510467 0.05865036231884058 0.14895330112721417 0.024003623188405796
17 0.07528180354267311 0.13949275362318841 0.09742351046698873 0.014492753623188406
17 0.1566022544283414 0.25679347826086957 0.2584541062801932 0.014492753623188406
17 0.11916264090177134 0.37341485507246375 0.18518518518518517 0.014945652173913044
17 0.892512077294686 0.4216485507246377 0.09581320450885668 0.017210144927536232
7 0.5 0.4214221014492754 0.9516908212560387 0.060235507246376815
7 0.5 0.30457427536231885 0.9516908212560387 0.060235507246376815
7 0.5 0.18772644927536233 0.9516908212560387 0.060235507246376815
20 0.500402576489533 0.011322463768115942 0.999194847020934 0.021739130434782608
