17 0.2966988727858293 0.532608695652174 0.08776167471819646 0.022644927536231884
20 0.500402576489533 0.011322463768115942 0.999194847020934 0.021739130434782608
17 0.4891304347826087 0.04053442028985507 0.2745571658615137 0.023097826086956524
17 0.5088566827697263 0.06657608695652174 0.2608695652173913 0.015398550724637682
17 0.9118357487922706 0.059556159420289856 0.07809983896940419 0.022192028985507248
17 0.12278582930756844 0.057291666666666664 0.09098228663446055 0.018568840579710144
17 0.3462157809983897 0.4592391304347826 0.5265700483091788 0.018115942028985508
17 0.9154589371980676 0.44474637681159424 0.1288244766505636 0.01992753623188406
17 0.22745571658615138 0.499320652173913 0.39855072463768115 0.024909420289855072
17 0.21980676328502416 0.561141304347826 0.3864734299516908 0.017210144927536232
17 0.3321256038647343 0.592391304347826 0.6143317230273752 0.020833333333333332
18 0.14371980676328502 0.6197916666666666 0.23752012882447665 0.033967391304347824
17 0.10064412238325282 0.9861865942028986 0.07246376811594203 0.012228260869565218
17 0.30112721417069244 0.9859601449275363 0.08373590982286634 0.01358695652173913
17 0.499597423510467 0.9882246376811594 0.06038647342995169 0.016304347826086956
17 0.7000805152979066 0.9859601449275363 0.06521739130434782 0.01358695652173913
17 0.8993558776167472 0.9866394927536232 0.10305958132045089 0.012228260869565218
8 0.04710144927536232 0.057744565217391304 0.03140096618357488 0.029438405797101448
8 0.9323671497584541 0.13043478260869565 0.09822866344605476 0.0552536231884058
8 0.6525764895330113 0.03985507246376812 0.029790660225442835 0.010869565217391304
8 0.04388083735909823 0.4569746376811594 0.03784219001610306 0.020833333333333332
8 0.9319645732689211 0.6881793478260869 0.09742351046698873 0.05480072463768116
8 0.10104669887278583 0.9553894927536232 0.05555555555555555 0.029438405797101448
8 0.3003220611916264 0.9556159420289855 0.0499194847020934 0.024456521739130436
8 0.5 0.9562952898550725 0.0499194847020934 0.024909420289855072
8 0.6988727858293076 0.9560688405797102 0.0499194847020934 0.020833333333333332
8 0.8997584541062802 0.9556159420289855 0.04911433172302738 0.028079710144927536
17 0.9186795491143317 0.40307971014492755 0.11916264090177134 0.030797101449275364
8 0.13687600644122383 0.5328351449275363 0.22705314009661837 0.024003623188405796
9 0.500402576489533 0.2610960144927536 0.999194847020934 0.3374094202898551
9 0.500402576489533 0.7916666666666666 0.999194847020934 0.28351449275362317
