17 0.4971819645732689 0.10552536231884058 0.6481481481481481 0.019021739130434784
17 0.5 0.19746376811594202 0.7439613526570048 0.11865942028985507
18 0.500402576489533 0.8725090579710145 0.9428341384863124 0.06838768115942029
17 0.9001610305958132 0.9907155797101449 0.10950080515297907 0.014945652173913044
17 0.6984702093397746 0.9893568840579711 0.09903381642512077 0.011322463768115942
17 0.499597423510467 0.9891304347826088 0.05555555555555555 0.01177536231884058
17 0.30152979066022545 0.9891304347826088 0.09903381642512077 0.01177536231884058
17 0.10064412238325282 0.9893568840579711 0.06280193236714976 0.011322463768115942
9 0.10064412238325282 0.9592391304347826 0.0499194847020934 0.03894927536231884
8 0.30112721417069244 0.9596920289855072 0.06763285024154589 0.03804347826086957
9 0.499597423510467 0.9592391304347826 0.06843800322061191 0.03894927536231884
8 0.6992753623188406 0.9599184782608696 0.05555555555555555 0.03759057971014493
9 0.9005636070853462 0.9596920289855072 0.06038647342995169 0.03804347826086957
0 0.500402576489533 0.46648550724637683 0.999194847020934 0.9320652173913043
20 0.500402576489533 0.011322463768115942 0.999194847020934 0.021739130434782608
