17 0.09057971014492754 0.5178894927536232 0.07971014492753623 0.014945652173913044
17 0.12359098228663445 0.5996376811594203 0.1457326892109501 0.015398550724637682
7 0.500402576489533 0.6100543478260869 0.9041867954911433 0.036231884057971016
7 0.500402576489533 0.5285326086956522 0.9041867954911433 0.036231884057971016
8 0.061191626409017714 0.05457427536231884 0.030595813204508857 0.028532608695652176
9 0.4919484702093398 0.18546195652173914 0.2431561996779388 0.0756340579710145
18 0.500402576489533 0.35009057971014496 0.8011272141706924 0.06159420289855073
17 0.501610305958132 0.4506340579710145 0.05475040257648953 0.018115942028985508
17 0.501610305958132 0.6920289855072463 0.2914653784219002 0.01992753623188406
17 0.500805152979066 0.8516757246376812 0.534621578099839 0.020380434782608696
18 0.500402576489533 0.7749094202898551 0.8011272141706924 0.0552536231884058
17 0.500805152979066 0.2452445652173913 0.3671497584541063 0.013134057971014492
20 0.500402576489533 0.011322463768115942 0.999194847020934 0.021739130434782608
