8 0.7524154589371981 0.058876811594202896 0.018518518518518517 0.017210144927536232
17 0.47624798711755234 0.059103260869565216 0.49033816425120774 0.014945652173913044
17 0.16948470209339775 0.19995471014492755 0.2536231884057971 0.030344202898550724
17 0.12962962962962962 0.2572463768115942 0.18518518518518517 0.012681159420289856
17 0.49798711755233493 0.2572463768115942 0.32286634460547503 0.01358695652173913
17 0.8679549114331723 0.2572463768115942 0.18035426731078905 0.012681159420289856
17 0.501207729468599 0.7099184782608696 0.501610305958132 0.024003623188405796
17 0.500805152979066 0.7604166666666666 0.8003220611916264 0.04891304347826087
17 0.12600644122383253 0.9791666666666666 0.06682769726247988 0.010869565217391304
17 0.3747987117552335 0.979393115942029 0.07971014492753623 0.011322463768115942
17 0.6247987117552335 0.9805253623188406 0.10466988727858292 0.01358695652173913
17 0.8747987117552335 0.979393115942029 0.07809983896940419 0.011322463768115942
8 0.9323671497584541 0.13496376811594202 0.05958132045088567 0.029891304347826088
9 0.1252012882447665 0.9515398550724637 0.05555555555555555 0.030797101449275364
8 0.3756038647342995 0.9519927536231885 0.050724637681159424 0.028985507246376812
9 0.6252012882447665 0.9524456521739131 0.05233494363929146 0.03260869565217391
8 0.8760064412238325 0.9519927536231885 0.040257648953301126 0.028985507246376812
9 0.5056360708534622 0.48754528985507245 0.24798711755233493 0.23867753623188406
18 0.500402576489533 0.8509963768115942 0.7012882447665056 0.0661231884057971
20 0.500402576489533 0.011322463768115942 0.999194847020934 0.021739130434782608
