17 0.24114331723027374 0.6422101449275363 0.3824476650563607 0.020833333333333332
17 0.24436392914653784 0.5473278985507246 0.38727858293075684 0.020380434782608696
17 0.2286634460547504 0.4519927536231884 0.355877616747182 0.020833333333333332
17 0.22705314009661837 0.35711050724637683 0.3526570048309179 0.020380434782608696
7 0.500402576489533 0.6492300724637681 0.9041867954911433 0.034873188405797104
7 0.500402576489533 0.5541213768115942 0.9041867954911433 0.034873188405797104
7 0.500402576489533 0.4590126811594203 0.9041867954911433 0.034873188405797104
7 0.5 0.3605072463768116 0.9033816425120773 0.041666666666666664
17 0.24436392914653784 0.1381340579710145 0.3888888888888889 0.012681159420289856
17 0.25966183574879226 0.296195652173913 0.4210950080515298 0.012681159420289856
17 0.15177133655394526 0.3990036231884058 0.20209339774557167 0.010869565217391304
17 0.09138486312399356 0.4938858695652174 0.08132045088566828 0.010416666666666666
17 0.12439613526570048 0.5892210144927537 0.14895330112721417 0.010869565217391304
17 0.1247987117552335 0.6843297101449275 0.1497584541062802 0.010869565217391304
17 0.5 0.7377717391304348 0.5619967793880838 0.044384057971014496
18 0.500805152979066 0.9363677536231885 0.9033816425120773 0.08197463768115942
8 0.9255233494363929 0.35529891304347827 0.05394524959742351 0.030344202898550724
18 0.26247987117552335 0.20108695652173914 0.428341384863124 0.06340579710144928
18 0.7383252818035426 0.2008605072463768 0.428341384863124 0.06295289855072464
8 0.06602254428341385 0.0552536231884058 0.037037037037037035 0.020833333333333332
20 0.500402576489533 0.011322463768115942 0.999194847020934 0.021739130434782608
