17 0.2244773629421222 0.4604116219330855 0.1763508416398714 0.014223369516728571
17 0.18593596824758843 0.4079979425650557 0.09931368086816718 0.014309408550185865
17 0.23376776406752411 0.3559697033457249 0.19475631430868165 0.013582364312267661
17 0.23524351808681673 0.3035558650557621 0.19796871945337619 0.013560264684014882
17 0.5001243516881029 0.19788283457249073 0.27871924839228296 0.027338292936802972
17 0.49917673713826366 0.8301864455390334 0.10410679260450156 0.015048592193308521
17 0.49957758681672026 0.8117938979553905 0.39879070900321545 0.015372691078066906
17 0.5000235136655948 0.7538092063197026 0.438123770096463 0.01540286840148699
18 0.5003690136655948 0.6959996786245353 0.8244415852090032 0.053640871747211855
16 0.14653167524115757 0.5226502371747211 0.12333536334405144 0.03489155241635685
17 0.5007822459807074 0.644003193866171 0.03809736977491956 0.00978382193308551
17 0.5654608553054663 0.5244833566914499 0.6284818247588425 0.0517284977695167
18 0.5003677628617363 0.5927008531598513 0.8243461559485532 0.05364654423791818
7 0.500764493971061 0.46153539479553907 0.8315561487138265 0.04471290334572493
7 0.5007942387459807 0.4091378704460967 0.8315841881028939 0.044726244981412665
7 0.5008015036173634 0.35675051096654276 0.8315784911575563 0.04470282936802972
7 0.5007940486334406 0.30435308866171 0.8315539525723473 0.04472236468401489
17 0.4995494360932476 0.23912383011152416 0.45347190434083595 0.018370220817843858
9 0.5004090438102894 0.14127266468401486 0.5551160217041801 0.04983903940520447
