8 0.07447665056360708 0.030570652173913044 0.04428341384863124 0.028532608695652176
8 0.061191626409017714 0.10552536231884058 0.04669887278582931 0.02717391304347826
17 0.499194847020934 0.029211956521739132 0.3365539452495974 0.018568840579710144
17 0.3244766505636071 0.1082427536231884 0.4363929146537842 0.025362318840579712
17 0.1566022544283414 0.20471014492753623 0.18115942028985507 0.01992753623188406
17 0.20209339774557167 0.2966485507246377 0.27053140096618356 0.01992753623188406
17 0.11956521739130435 0.38858695652173914 0.107085346215781 0.01992753623188406
17 0.1968599033816425 0.479393115942029 0.2584541062801932 0.01585144927536232
17 0.1288244766505636 0.5697463768115942 0.12399355877616747 0.017210144927536232
17 0.12117552334943639 0.6630434782608696 0.10547504025764895 0.019021739130434784
17 0.1280193236714976 0.7540760869565217 0.12077294685990338 0.01992753623188406
17 0.22826086956521738 0.845108695652174 0.32286634460547503 0.019021739130434784
17 0.14090177133655393 0.9379528985507246 0.14653784219001612 0.019021739130434784
17 0.9001610305958132 0.9356884057971014 0.061191626409017714 0.014492753623188406
17 0.8816425120772947 0.8446557971014493 0.0966183574879227 0.016304347826086956
17 0.8836553945249598 0.7531702898550725 0.09581320450885668 0.016304347826086956
17 0.8909017713365539 0.6616847826086957 0.08132045088566828 0.016304347826086956
17 0.8921095008051529 0.5695199275362319 0.07729468599033816 0.017663043478260868
17 0.8824476650563607 0.4782608695652174 0.0966183574879227 0.017210144927536232
17 0.893317230273752 0.3867753623188406 0.071658615136876 0.015398550724637682
17 0.8909017713365539 0.296195652173913 0.07971014492753623 0.017210144927536232
17 0.9017713365539453 0.20425724637681159 0.057971014492753624 0.016304347826086956
