17 0.17834138486312398 0.5022644927536232 0.17310789049919484 0.017210144927536232
17 0.14130434782608695 0.41417572463768115 0.10064412238325282 0.018568840579710144
7 0.500402576489533 0.4164402173913044 0.9009661835748792 0.06838768115942029
7 0.500805152979066 0.5047554347826086 0.9001610305958132 0.06838768115942029
17 0.5 0.182518115942029 0.4251207729468599 0.041666666666666664
17 0.5032206119162641 0.21875 0.18035426731078905 0.00996376811594203
17 0.500805152979066 0.3041213768115942 0.8792270531400966 0.043931159420289856
17 0.500805152979066 0.6141304347826088 0.29790660225442833 0.019021739130434784
17 0.5140901771336553 0.760643115942029 0.6191626409017713 0.014945652173913044
17 0.10064412238325282 0.9907155797101449 0.1143317230273752 0.011322463768115942
17 0.10024154589371981 0.9594655797101449 0.09581320450885668 0.021286231884057972
17 0.3003220611916264 0.9904891304347826 0.08051529790660225 0.010869565217391304
17 0.499194847020934 0.9918478260869565 0.08051529790660225 0.01358695652173913
17 0.6992753623188406 0.9920742753623188 0.0426731078904992 0.013134057971014492
17 0.8993558776167472 0.9907155797101449 0.057971014492753624 0.010416666666666666
8 0.3003220611916264 0.958786231884058 0.08051529790660225 0.028985507246376812
8 0.499194847020934 0.9592391304347826 0.05636070853462158 0.029891304347826088
8 0.6992753623188406 0.9592391304347826 0.04589371980676329 0.03170289855072464
8 0.8993558776167472 0.9592391304347826 0.061191626409017714 0.009057971014492754
18 0.500402576489533 0.6664402173913043 0.9009661835748792 0.05480072463768116
0 0.500402576489533 0.46671195652173914 0.999194847020934 0.932518115942029
20 0.500402576489533 0.011322463768115942 0.999194847020934 0.021739130434782608
