17 0.2809983896940419 0.07269021739130435 0.1932367149758454 0.016757246376811596
17 0.10024154589371981 0.9814311594202899 0.10386473429951691 0.00996376811594203
17 0.3003220611916264 0.9812047101449275 0.07729468599033816 0.010416666666666666
17 0.500402576489533 0.9814311594202899 0.06521739130434782 0.00996376811594203
17 0.7004830917874396 0.9816576086956522 0.07407407407407407 0.010416666666666666
17 0.9001610305958132 0.9814311594202899 0.09339774557165861 0.00996376811594203
8 0.9009661835748792 0.9497282608695652 0.057971014492753624 0.03260869565217391
8 0.7000805152979066 0.9490489130434783 0.05394524959742351 0.029438405797101448
9 0.500402576489533 0.9499547101449275 0.05233494363929146 0.03125
8 0.3007246376811594 0.9504076086956522 0.05877616747181964 0.028532608695652176
8 0.10104669887278583 0.9501811594202899 0.04911433172302738 0.030797101449275364
17 0.5764895330112721 0.8007246376811594 0.12238325281803543 0.010869565217391304
17 0.6759259259259259 0.8254076086956522 0.321256038647343 0.01947463768115942
17 0.6038647342995169 0.8503170289855072 0.1723027375201288 0.017663043478260868
17 0.6324476650563607 0.8765851449275363 0.23107890499194847 0.020380434782608696
17 0.6686795491143317 0.900588768115942 0.026570048309178744 0.012228260869565218
8 0.5797101449275363 0.8996829710144928 0.13043478260869565 0.014039855072463768
8 0.12399355877616747 0.8996829710144928 0.13043478260869565 0.014039855072463768
17 0.21215780998389694 0.900588768115942 0.0249597423510467 0.012228260869565218
17 0.17552334943639292 0.876358695652174 0.23027375201288244 0.01992753623188406
17 0.16626409017713364 0.8498641304347826 0.21336553945249598 0.018568840579710144
17 0.20893719806763286 0.8251811594202899 0.29871175523349436 0.019021739130434784
17 0.11272141706924316 0.8009510869565217 0.10789049919484701 0.010416666666666666
17 0.5768921095008052 0.48211050724637683 0.12318840579710146 0.010416666666666666
17 0.6952495974235104 0.5063405797101449 0.35990338164251207 0.019021739130434784
17 0.605877616747182 0.5289855072463768 0.18115942028985507 0.014492753623188406
17 0.6316425120772947 0.5570652173913043 0.22946859903381642 0.01992753623188406
17 0.6739130434782609 0.5815217391304348 0.037037037037037035 0.01177536231884058
8 0.5805152979066023 0.5801630434782609 0.13043478260869565 0.01358695652173913
8 0.12399355877616747 0.5561594202898551 0.13043478260869565 0.01358695652173913
17 0.21537842190016104 0.5572916666666666 0.03140096618357488 0.012228260869565218
17 0.17592592592592593 0.532608695652174 0.22946859903381642 0.01992753623188406
17 0.24476650563607086 0.5065670289855072 0.37037037037037035 0.01947463768115942
17 0.10628019323671498 0.4818840579710145 0.09339774557165861 0.010869565217391304
8 0.9033816425120773 0.644927536231884 0.040257648953301126 0.01992753623188406
9 0.7282608695652174 0.7047101449275363 0.427536231884058 0.16032608695652173
8 0.4472624798711755 0.644927536231884 0.039452495974235106 0.01992753623188406
9 0.2725442834138486 0.7047101449275363 0.427536231884058 0.16032608695652173
8 0.9033816425120773 0.3256340579710145 0.040257648953301126 0.01992753623188406
9 0.7282608695652174 0.3858695652173913 0.427536231884058 0.16032608695652173
8 0.4472624798711755 0.3256340579710145 0.039452495974235106 0.01992753623188406
9 0.2725442834138486 0.3858695652173913 0.427536231884058 0.16032608695652173
17 0.43196457326892107 0.260643115942029 0.7431561996779388 0.022192028985507248
17 0.39895330112721417 0.21897644927536233 0.6755233494363929 0.03125
18 0.38003220611916266 0.15511775362318841 0.21256038647342995 0.057518115942028984
18 0.1537842190016103 0.15511775362318841 0.1932367149758454 0.057518115942028984
7 0.500805152979066 0.07382246376811594 0.8856682769726248 0.06521739130434782
8 0.12198067632850242 0.07404891304347826 0.021739130434782608 0.022192028985507248
20 0.500402576489533 0.010869565217391304 0.999194847020934 0.020833333333333332
