17 0.3993558776167472 0.07246376811594203 0.43156199677938806 0.017210144927536232
17 0.21739130434782608 0.573822463768116 0.0322061191626409 0.012681159420289856
8 0.12198067632850242 0.07382246376811594 0.023349436392914653 0.022644927536231884
20 0.500402576489533 0.011322463768115942 0.999194847020934 0.021739130434782608
17 0.25201288244766507 0.5024909420289855 0.38486312399355876 0.042119565217391304
17 0.7214170692431562 0.49230072463768115 0.41223832528180354 0.021739130434782608
17 0.10024154589371981 0.9814311594202899 0.10547504025764895 0.010869565217391304
17 0.3003220611916264 0.9814311594202899 0.07890499194847021 0.010869565217391304
17 0.500402576489533 0.9812047101449275 0.06521739130434782 0.011322463768115942
17 0.7000805152979066 0.9814311594202899 0.0748792270531401 0.010869565217391304
17 0.9005636070853462 0.9814311594202899 0.09420289855072464 0.010869565217391304
8 0.4472624798711755 0.15081521739130435 0.04106280193236715 0.020833333333333332
8 0.9037842190016103 0.15081521739130435 0.04106280193236715 0.020833333333333332
8 0.4468599033816425 0.6376811594202899 0.04186795491143317 0.020833333333333332
8 0.8985507246376812 0.8641304347826088 0.12721417069243157 0.07155797101449275
8 0.10185185185185185 0.9501811594202899 0.050724637681159424 0.03170289855072464
8 0.3007246376811594 0.9504076086956522 0.05877616747181964 0.029438405797101448
9 0.500402576489533 0.9495018115942029 0.05233494363929146 0.03215579710144927
8 0.6996779388083736 0.9490489130434783 0.05475040257648953 0.030344202898550724
8 0.9001610305958132 0.9497282608695652 0.05958132045088567 0.03351449275362319
7 0.500805152979066 0.07404891304347826 0.8872785829307568 0.06567028985507246
9 0.2721417069243156 0.29732789855072467 0.428341384863124 0.3365036231884058
9 0.7286634460547504 0.29732789855072467 0.428341384863124 0.3365036231884058
9 0.2725442834138486 0.7681159420289855 0.427536231884058 0.30434782608695654
8 0.12560386473429952 0.5729166666666666 0.1320450885668277 0.014492753623188406
17 0.2246376811594203 0.5461956521739131 0.3285024154589372 0.018115942028985508
17 0.676731078904992 0.5219655797101449 0.321256038647343 0.017663043478260868
