17 0.1838792194041868 0.3030960673363095 0.10249621014492755 0.024659883184523796
17 0.2240063148148148 0.36111170907738094 0.17659727536231884 0.014299665178571428
17 0.5003199798711755 0.19767165755208332 0.2788580064412238 0.02734803013392857
17 0.5000507028985507 0.647625968563988 0.49513883413848636 0.01542055022321427
17 0.5008729943639291 0.5384827113095237 0.03829169726247983 0.009828749255952372
18 0.4996525338164251 0.5871758688616071 0.8257972673107888 0.053694588913690514
18 0.5003702652979066 0.48720228106398805 0.825834314814815 0.053742908110119066
17 0.5003670833333334 0.41261677511160716 0.34949843558776167 0.015408289062500066
7 0.50075386352657 0.36221440624999995 0.8329053679549115 0.04470498214285712
7 0.5007542628824477 0.30421129873511904 0.8329318929146537 0.04474885119047622
17 0.49955158574879227 0.23883920628720237 0.4543709380032207 0.01860103162202383
9 0.500327597020934 0.14113646447172618 0.5557982954911433 0.04973298028273809
