17 0.26247987117552335 0.4370471014492754 0.09178743961352658 0.019021739130434784
17 0.7379227053140096 0.37069746376811596 0.14412238325281804 0.018568840579710144
17 0.26247987117552335 0.8256340579710145 0.18840579710144928 0.019021739130434784
17 0.7375201288244766 0.7590579710144928 0.1320450885668277 0.019021739130434784
8 0.9520933977455717 0.057744565217391304 0.050724637681159424 0.028532608695652176
8 0.43196457326892107 0.1213768115942029 0.04911433172302738 0.026268115942028984
8 0.4307568438003221 0.509963768115942 0.0499194847020934 0.026268115942028984
8 0.9066022544283414 0.4429347826086957 0.0499194847020934 0.026268115942028984
8 0.4307568438003221 0.8980978260869565 0.0499194847020934 0.026268115942028984
8 0.9066022544283414 0.8315217391304348 0.0499194847020934 0.026268115942028984
8 0.12600644122383253 0.9662590579710145 0.07004830917874397 0.03940217391304348
8 0.3756038647342995 0.9662590579710145 0.05877616747181964 0.04030797101449275
8 0.6260064412238325 0.9655797101449275 0.07004830917874397 0.03804347826086957
8 0.8752012882447665 0.9660326086956522 0.06280193236714976 0.009057971014492754
18 0.30112721417069244 0.057744565217391304 0.3993558776167472 0.04121376811594203
18 0.6992753623188406 0.057518115942028984 0.4001610305958132 0.041666666666666664
20 0.500402576489533 0.011096014492753624 0.999194847020934 0.021286231884057972
9 0.26247987117552335 0.27830615942028986 0.4476650563607085 0.37273550724637683
9 0.7383252818035426 0.24298007246376813 0.4476650563607085 0.3111413043478261
9 0.26288244766505636 0.666893115942029 0.44847020933977455 0.37273550724637683
9 0.7383252818035426 0.6003170289855072 0.4476650563607085 0.37273550724637683
9 0.26247987117552335 0.9003623188405797 0.4476650563607085 0.06340579710144928
9 0.7383252818035426 0.8670742753623188 0.4476650563607085 0.129981884057971
