17 0.3726851851851852 0.560200668896321 0.19722222222222224 0.0189520624303233
17 0.3736111111111111 0.4802118171683389 0.20092592592592592 0.018394648829431436
8 0.2101851851851852 0.5593645484949833 0.037037037037037035 0.030657748049052396
8 0.21064814814814817 0.47965440356744704 0.049074074074074076 0.030657748049052396
9 0.500462962962963 0.2165551839464883 0.18425925925925926 0.13210702341137123
7 0.5013888888888889 0.491917502787068 0.7101851851851853 0.05852842809364548
7 0.5013888888888889 0.572742474916388 0.7101851851851853 0.05741360089186176
18 0.500462962962963 0.8316610925306578 0.36574074074074076 0.0758082497212932
17 0.5013888888888889 0.9587513935340022 0.5601851851851852 0.021181716833890748
0 0.500925925925926 0.500278706800446 0.9981481481481482 0.9994425863991081
