9 0.500925925925926 0.17920847268673357 0.6092592592592593 0.35061315496098105
17 0.49953703703703706 0.5019509476031215 0.41203703703703703 0.040691192865105905
7 0.500462962962963 0.5889074693422519 0.7287037037037037 0.05629877369007804
8 0.18888888888888888 0.5760869565217391 0.04814814814814815 0.030657748049052396
7 0.500462962962963 0.6803232998885173 0.7287037037037037 0.05629877369007804
8 0.18888888888888888 0.6675027870680045 0.0462962962962963 0.030657748049052396
5 0.2800925925925926 0.7430323299888517 0.23425925925925928 0.027870680044593088
17 0.3111111111111111 0.7433110367892977 0.17222222222222222 0.013935340022296544
17 0.6814814814814815 0.7449832775919732 0.21481481481481482 0.017279821627647716
18 0.500462962962963 0.8132664437012262 0.7083333333333334 0.0713489409141583
17 0.500925925925926 0.8740245261984392 0.031481481481481485 0.013377926421404682
18 0.2791666666666667 0.9397993311036789 0.437962962962963 0.06688963210702341
18 0.7245370370370371 0.9411928651059086 0.4342592592592593 0.06298773690078038
