17 0.2884259259259259 0.4361761426978818 0.19907407407407407 0.018394648829431436
17 0.29305555555555557 0.5150501672240803 0.2064814814814815 0.0189520624303233
8 0.12546296296296297 0.5144927536231884 0.03981481481481482 0.030100334448160536
8 0.12546296296296297 0.435340022296544 0.05092592592592593 0.026755852842809364
9 0.500462962962963 0.13210702341137123 0.1953703703703704 0.11817168338907469
17 0.4930555555555556 0.221850613154961 0.46574074074074073 0.033444816053511704
7 0.500462962962963 0.44732441471571904 0.8787037037037038 0.05629877369007804
7 0.500462962962963 0.5267558528428093 0.8787037037037038 0.055741360089186176
18 0.7319444444444445 0.882664437012263 0.41574074074074074 0.07302118171683389
18 0.2689814814814815 0.882664437012263 0.41574074074074074 0.07302118171683389
0 0.500462962962963 0.500278706800446 0.9990740740740741 0.9994425863991081
