17 0.23148148148148148 0.6114827201783724 0.1537037037037037 0.017837235228539576
17 0.19583333333333333 0.5150501672240803 0.08425925925925926 0.017837235228539576
8 0.8013888888888889 0.6142697881828316 0.075 0.030100334448160536
17 0.500925925925926 0.23160535117056855 0.29074074074074074 0.038461538461538464
9 0.500462962962963 0.4080267558528428 0.21944444444444444 0.1326644370122631
9 0.4990740740740741 0.21794871794871795 0.9962962962962963 0.3656633221850613
7 0.500462962962963 0.5306577480490524 0.7287037037037037 0.04905239687848383
7 0.500462962962963 0.6273690078037903 0.7287037037037037 0.05629877369007804
17 0.500925925925926 0.8366778149386845 0.29814814814814816 0.016722408026755852
17 0.5018518518518519 0.8645484949832776 0.2351851851851852 0.016722408026755852
18 0.500462962962963 0.75 0.4175925925925926 0.07079152731326645
20 0.500462962962963 0.017837235228539576 0.9990740740740741 0.03455964325529543
