17 0.33287037037037037 0.5674479166666666 0.36574074074074076 0.0203125
17 0.2490740740740741 0.4713541666666667 0.19444444444444445 0.020833333333333332
17 0.20277777777777778 0.37447916666666664 0.10370370370370371 0.020833333333333332
17 0.20972222222222223 0.2786458333333333 0.1175925925925926 0.020833333333333332
17 0.23287037037037037 0.055989583333333336 0.1638888888888889 0.030729166666666665
17 0.500462962962963 0.75546875 0.8083333333333333 0.025520833333333333
17 0.8592592592592593 0.9447916666666667 0.08888888888888889 0.025
8 0.08657407407407408 0.05260416666666667 0.02314814814814815 0.021875
7 0.500925925925926 0.278125 0.8240740740740741 0.065625
7 0.500925925925926 0.37526041666666665 0.8240740740740741 0.06510416666666667
7 0.500925925925926 0.47161458333333334 0.8240740740740741 0.06510416666666667
7 0.500925925925926 0.56796875 0.8240740740740741 0.06510416666666667
18 0.500925925925926 0.67265625 0.8240740740740741 0.06510416666666667
0 0.500462962962963 0.5002604166666667 0.9990740740740741 0.9994791666666667
