20 0.5 0.01796875 0.9990740740740741 0.035416666666666666
9 0.5006944444444444 0.219921875 0.3763888888888889 0.26276041666666666
18 0.2761574074074074 0.3834635416666667 0.4486111111111111 0.06484375
18 0.7243055555555555 0.38359375 0.4467592592592593 0.06458333333333333
8 0.26342592592592595 0.48398437499999997 0.1425925925925926 0.07994791666666666
8 0.5011574074074074 0.48398437499999997 0.14212962962962963 0.07942708333333333
8 0.7384259259259259 0.48411458333333335 0.14166666666666666 0.0796875
17 0.49953703703703706 0.5572916666666666 0.03796296296296296 0.013541666666666667
7 0.4979166666666667 0.6552083333333333 0.7939814814814815 0.034895833333333334
17 0.47870370370370374 0.6451822916666666 0.3685185185185185 0.014322916666666666
7 0.4979166666666667 0.763671875 0.7939814814814815 0.031510416666666666
17 0.48703703703703705 0.7548177083333333 0.13055555555555556 0.013802083333333333
5 0.23819444444444446 0.8084635416666667 0.27361111111111114 0.021614583333333333
17 0.26666666666666666 0.8076822916666666 0.21666666666666667 0.015364583333333333
18 0.4979166666666667 0.8898437499999999 0.7939814814814815 0.06458333333333333
17 0.48564814814814816 0.9578125 0.2555555555555556 0.01875
