20 0.5271111111111111 0.029351395730706074 0.8693333333333334 0.016009852216748766
0 0.5004444444444445 0.5002052545155993 0.9991111111111112 0.9995894909688012
8 0.09244444444444445 0.0841543513957307 0.02666666666666667 0.022167487684729065
17 0.45911111111111114 0.20833333333333331 0.7155555555555556 0.03160919540229885
7 0.5631111111111111 0.43698686371100165 0.8097777777777778 0.02586206896551724
7 0.5631111111111111 0.5511083743842364 0.8097777777777778 0.02586206896551724
8 0.9204444444444445 0.5457717569786535 0.04888888888888889 0.015188834154351395
5 0.5577777777777778 0.6545566502463054 0.784888888888889 0.03160919540229885
17 0.6124444444444445 0.6564039408866995 0.6755555555555556 0.01888341543513957
18 0.8066666666666668 0.7475369458128078 0.38666666666666666 0.06157635467980296
17 0.27422222222222226 0.7485632183908045 0.216 0.017651888341543513
17 0.5 0.8942939244663383 0.6266666666666667 0.018472906403940885
