0 0.500462962962963 0.5002604166666667 0.9990740740740741 0.9994791666666667
17 0.3287037037037037 0.06432291666666666 0.26296296296296295 0.027604166666666666
17 0.20787037037037037 0.2203125 0.20462962962962963 0.0375
7 0.500462962962963 0.3450520833333333 0.7953703703703704 0.08802083333333333
17 0.3351851851851852 0.3450520833333333 0.32962962962962966 0.0171875
7 0.500462962962963 0.46328125 0.7953703703703704 0.08802083333333333
17 0.29814814814814816 0.4661458333333333 0.2537037037037037 0.020833333333333332
5 0.3402777777777778 0.5546875 0.47500000000000003 0.03229166666666666
17 0.3856481481481482 0.55546875 0.3842592592592593 0.022395833333333334
18 0.500462962962963 0.6401041666666667 0.7953703703703704 0.08854166666666667
