17 0.18133333333333335 0.49835796387520526 0.1831111111111111 0.015599343185550082
17 0.20444444444444446 0.40784072249589487 0.20800000000000002 0.014367816091954023
20 0.5271111111111111 0.029351395730706074 0.8693333333333334 0.01683087027914614
9 0.5004444444444445 0.19458128078817732 0.2862222222222222 0.1330049261083744
7 0.41911111111111116 0.41851395730706076 0.6675555555555556 0.036535303776683084
7 0.4991111111111111 0.5096469622331691 0.8168888888888889 0.038177339901477834
17 0.6795555555555556 0.5847701149425287 0.45422222222222225 0.01929392446633826
18 0.5004444444444445 0.7046387520525451 0.8142222222222223 0.06198686371100164
18 0.5004444444444445 0.854679802955665 0.8142222222222223 0.06239737274220033
0 0.5004444444444445 0.5002052545155993 0.9991111111111112 0.9995894909688012
