17 0.23657407407407408 0.63828125 0.17314814814814816 0.0171875
17 0.20046296296296298 0.5361979166666666 0.09907407407407408 0.0171875
8 0.1087962962962963 0.6375 0.030555555555555558 0.022916666666666665
8 0.10925925925925926 0.5380208333333333 0.040740740740740744 0.016666666666666666
20 0.500925925925926 0.019270833333333334 0.9981481481481482 0.0375
17 0.500462962962963 0.08177083333333333 0.325 0.03125
9 0.500462962962963 0.30833333333333335 0.8916666666666667 0.30416666666666664
7 0.500462962962963 0.5447916666666667 0.8231481481481482 0.034375
7 0.500462962962963 0.64453125 0.8231481481481482 0.03802083333333333
17 0.500925925925926 0.7950520833333333 0.04814814814814815 0.015104166666666667
17 0.36574074074074076 0.9270833333333334 0.41111111111111115 0.017708333333333333
17 0.7523148148148149 0.9270833333333334 0.3212962962962963 0.016666666666666666
18 0.500462962962963 0.73359375 0.8231481481481482 0.06302083333333333
18 0.500462962962963 0.85625 0.8231481481481482 0.06354166666666666
