0 0.5003333333333333 0.5001874062968515 0.9993333333333333 0.9996251874062968
9 0.501 0.06709145427286356 0.06466666666666666 0.0457271364317841
8 0.057999999999999996 0.06709145427286356 0.044 0.024737631184407794
17 0.499 0.16904047976011993 0.27266666666666667 0.04047976011994003
17 0.11533333333333333 0.16904047976011993 0.15466666666666667 0.026986506746626684
7 0.5056666666666666 0.31240629685157423 0.8513333333333333 0.04385307346326837
8 0.10033333333333333 0.3030359820089955 0.04066666666666666 0.024362818590704646
17 0.23033333333333333 0.3037856071964018 0.15266666666666667 0.014617691154422787
7 0.5056666666666666 0.4207271364317841 0.8513333333333333 0.038605697151424284
8 0.10166666666666667 0.41173163418290853 0.043333333333333335 0.019865067466266866
17 0.19 0.41173163418290853 0.07066666666666667 0.013118440779610194
7 0.5076666666666666 0.525112443778111 0.8473333333333333 0.04047976011994003
8 0.102 0.5174287856071964 0.036 0.024362818590704646
8 0.8833333333333333 0.517616191904048 0.04533333333333333 0.0239880059970015
17 0.22433333333333333 0.5191154422788605 0.142 0.01424287856071964
8 0.102 0.6229385307346327 0.036 0.024737631184407794
7 0.5076666666666666 0.6309970014992503 0.8473333333333333 0.04085457271364318
8 0.8833333333333333 0.6233133433283358 0.04533333333333333 0.01649175412293853
17 0.29 0.625 0.27199999999999996 0.013868065967016492
7 0.5076666666666666 0.733695652173913 0.8473333333333333 0.04685157421289355
9 0.10233333333333333 0.7258245877061469 0.033999999999999996 0.030359820089955022
17 0.34933333333333333 0.7321964017991004 0.3893333333333333 0.017616191904047975
5 0.5023333333333333 0.7833583208395802 0.49266666666666664 0.025487256371814093
17 0.535 0.7839205397301349 0.42733333333333334 0.01836581709145427
18 0.5003333333333333 0.8778110944527736 0.654 0.07571214392803598
17 0.5003333333333333 0.9565217391304347 0.37666666666666665 0.020989505247376312
