17 0.18755555555555556 0.5970853858784894 0.09955555555555556 0.01683087027914614
17 0.2257777777777778 0.6648193760262725 0.17600000000000002 0.01683087027914614
20 0.5253333333333333 0.02832512315270936 0.8746666666666667 0.017241379310344827
8 0.07822222222222222 0.08169129720853859 0.04977777777777778 0.020525451559934318
13 0.5017777777777778 0.3622742200328407 0.11466666666666667 0.01354679802955665
17 0.4986666666666667 0.45381773399014774 0.64 0.0332512315270936
17 0.5035555555555555 0.5075944170771757 0.4168888888888889 0.020935960591133004
7 0.5004444444444445 0.5987274220032841 0.8408888888888889 0.05459770114942528
7 0.5004444444444445 0.6652298850574713 0.8408888888888889 0.05459770114942528
18 0.5004444444444445 0.7684729064039408 0.8408888888888889 0.05500821018062397
17 0.5031111111111112 0.8608374384236452 0.43733333333333335 0.022988505747126436
17 0.5017777777777778 0.9347290640394088 0.6088888888888889 0.022988505747126436
9 0.5004444444444445 0.19355500821018062 0.9991111111111112 0.3862889983579639
