8 0.104 0.03823088455772114 0.048 0.019490254872563718
17 0.9239999999999999 0.035982008995502246 0.06666666666666667 0.014992503748125937
9 0.5 0.24587706146926536 0.872 0.29985007496251875
9 0.14933333333333332 0.4910044977511244 0.13333333333333333 0.07346326836581708
17 0.35333333333333333 0.46851574212893554 0.22666666666666666 0.022488755622188904
17 0.5786666666666667 0.5314842578710645 0.688 0.06446776611694152
17 0.35466666666666663 0.6184407796101948 0.22933333333333333 0.022488755622188904
17 0.58 0.6799100449775112 0.6853333333333333 0.06446776611694152
9 0.14933333333333332 0.6409295352323838 0.13333333333333333 0.07346326836581708
17 0.35333333333333333 0.7683658170914542 0.22666666666666666 0.022488755622188904
17 0.58 0.8298350824587706 0.6853333333333333 0.06446776611694152
9 0.15066666666666667 0.7901049475262368 0.13066666666666665 0.07196401799100449
13 0.15733333333333333 0.9490254872563718 0.14933333333333332 0.01199400299850075
8 0.9013333333333333 0.9490254872563718 0.048 0.020989505247376312
