17 0.20531400966183574 0.473968017850502 0.13365539452495975 0.010784678319077723
17 0.20933977455716585 0.40089252510226847 0.14492753623188406 0.010412792859799182
7 0.501610305958132 0.4096318333953142 0.7310789049919485 0.027891409445890664
7 0.501610305958132 0.4838229825213834 0.7310789049919485 0.03049460766084046
17 0.7419484702093397 0.5303086649312012 0.24879227053140096 0.014131647452584604
17 0.499597423510467 0.7253625883227965 0.2181964573268921 0.01896615842320565
18 0.500805152979066 0.5970621048716995 0.8051529790660226 0.05838601710673112
17 0.4351851851851852 0.8804388248419487 0.1747181964573269 0.013015991074748977
17 0.5913848631239935 0.8821123094087021 0.11996779388083736 0.017850502045370024
8 0.3711755233494364 0.8170323540349572 0.09822866344605476 0.04537002603198215
8 0.49798711755233493 0.8170323540349572 0.09742351046698873 0.04537002603198215
8 0.6243961352657005 0.8168464113053179 0.09742351046698873 0.044998140572703606
9 0.5028180354267311 0.1909631833395314 0.3309178743961353 0.15358869468203792
