17 0.2918679549114332 0.5612662942271881 0.1747181964573269 0.00968342644320298
17 0.24919484702093397 0.4690875232774674 0.09259259259259259 0.01005586592178771
8 0.1570048309178744 0.5588454376163873 0.0499194847020934 0.02644320297951583
8 0.15136876006441224 0.46890130353817505 0.0499194847020934 0.01713221601489758
17 0.2278582930756844 0.28584729981378026 0.26570048309178745 0.04506517690875233
17 0.40660225442834136 0.33854748603351953 0.605475040257649 0.021601489757914337
17 0.8353462157809984 0.5620111731843576 0.11835748792270531 0.010428305400372439
17 0.5088566827697263 0.9396648044692737 0.5893719806763285 0.018621973929236497
18 0.7089371980676329 0.6679702048417132 0.3808373590982287 0.06666666666666667
7 0.501610305958132 0.47746741154562383 0.8035426731078905 0.035009310986964616
7 0.500402576489533 0.5655493482309124 0.7995169082125604 0.04059590316573557
