17 0.2490740740740741 0.4359375 0.1925925925925926 0.019791666666666666
17 0.25277777777777777 0.34010416666666665 0.20185185185185187 0.020833333333333332
8 0.08657407407407408 0.05260416666666667 0.02314814814814815 0.021875
17 0.23842592592592593 0.055989583333333336 0.19166666666666668 0.030729166666666665
7 0.500925925925926 0.33932291666666664 0.8240740740740741 0.06510416666666667
7 0.500462962962963 0.43671875 0.8231481481481482 0.06510416666666667
18 0.500925925925926 0.56171875 0.8240740740740741 0.06510416666666667
17 0.27175925925925926 0.9450520833333333 0.3601851851851852 0.025520833333333333
17 0.8592592592592593 0.9450520833333333 0.08703703703703704 0.024479166666666666
0 0.500462962962963 0.5002604166666667 0.9990740740740741 0.9994791666666667
