17 0.3037037037037037 0.6643229166666667 0.15925925925925927 0.01614583333333333
17 0.2625 0.5604166666666667 0.07314814814814816 0.016666666666666666
17 0.3476851851851852 0.45651041666666664 0.2490740740740741 0.01614583333333333
17 0.3143518518518519 0.3515625 0.18425925925925926 0.015625
8 0.15601851851851853 0.6638020833333333 0.028703703703703703 0.021354166666666667
8 0.15601851851851853 0.559375 0.03981481481481482 0.01875
9 0.1564814814814815 0.45546875 0.03518518518518519 0.0203125
8 0.15787037037037038 0.35 0.036111111111111115 0.026041666666666668
9 0.500462962962963 0.12682291666666667 0.3175925925925926 0.04739583333333333
17 0.49953703703703706 0.24947916666666667 0.28055555555555556 0.05
7 0.49953703703703706 0.35104166666666664 0.8064814814814815 0.06354166666666666
7 0.49953703703703706 0.4552083333333333 0.8064814814814815 0.06354166666666666
7 0.500925925925926 0.559375 0.8055555555555556 0.06354166666666666
7 0.5 0.6635416666666667 0.8055555555555556 0.06354166666666666
18 0.500925925925926 0.7684895833333333 0.31851851851851853 0.05572916666666666
17 0.5 0.8458333333333333 0.4703703703703704 0.021875
