17 0.2476851851851852 0.7171875 0.1564814814814815 0.017708333333333333
17 0.2574074074074074 0.6151041666666667 0.17592592592592593 0.017708333333333333
17 0.23842592592592593 0.5140625 0.13611111111111113 0.017708333333333333
17 0.21944444444444444 0.41302083333333334 0.1 0.016666666666666666
8 0.6060185185185185 0.24739583333333334 0.06759259259259259 0.03854166666666667
9 0.500462962962963 0.18802083333333333 0.28425925925925927 0.16041666666666665
17 0.500925925925926 0.2934895833333333 0.1925925925925926 0.018229166666666668
17 0.500462962962963 0.9419270833333333 0.5175925925925926 0.019270833333333334
18 0.500462962962963 0.8421875 0.8342592592592593 0.07916666666666666
7 0.500462962962963 0.41302083333333334 0.8342592592592593 0.07916666666666666
7 0.500462962962963 0.5145833333333333 0.8342592592592593 0.07916666666666666
7 0.500462962962963 0.615625 0.8342592592592593 0.07916666666666666
7 0.500462962962963 0.7174479166666666 0.8342592592592593 0.07864583333333333
0 0.500462962962963 0.5005208333333333 0.9990740740740741 1.0
