17 0.2638888888888889 0.5466145833333333 0.21481481481481482 0.019270833333333334
17 0.21851851851851853 0.45390625 0.12407407407407407 0.0203125
9 0.11064814814814815 0.5486979166666667 0.04351851851851852 0.0140625
8 0.8546296296296296 0.54453125 0.040740740740740744 0.011979166666666666
8 0.10648148148148148 0.45651041666666664 0.04259259259259259 0.0171875
9 0.500925925925926 0.21432291666666667 0.6407407407407407 0.28072916666666664
7 0.4986111111111111 0.46171875 0.8268518518518518 0.0359375
7 0.500462962962963 0.5536458333333333 0.8231481481481482 0.03333333333333333
18 0.500462962962963 0.65546875 0.8231481481481482 0.06302083333333333
17 0.500462962962963 0.7263020833333333 0.3564814814814815 0.022395833333333334
17 0.7842592592592593 0.8341145833333333 0.2777777777777778 0.0171875
17 0.38796296296296295 0.83359375 0.46851851851851856 0.018229166666666668
