17 0.13911111111111113 0.43678160919540227 0.16622222222222224 0.014778325123152709
17 0.128 0.29782430213464695 0.14400000000000002 0.014367816091954023
17 0.4862222222222222 0.9610016420361248 0.09244444444444445 0.02134646962233169
17 0.24177777777777779 0.1174055829228243 0.2968888888888889 0.04433497536945813
17 0.8111111111111111 0.11761083743842364 0.3777777777777778 0.044745484400656815
17 0.7906666666666667 0.5272988505747126 0.3155555555555556 0.018472906403940885
18 0.5013333333333334 0.6323891625615763 0.8977777777777778 0.06691297208538588
17 0.5017777777777778 0.7272167487684729 0.39555555555555555 0.01929392446633826
18 0.2568888888888889 0.8456486042692939 0.4088888888888889 0.06403940886699507
18 0.7444444444444445 0.8456486042692939 0.4097777777777778 0.06403940886699507
7 0.5017777777777778 0.30685550082101803 0.896888888888889 0.032430213464696225
7 0.5013333333333334 0.4445812807881773 0.8977777777777778 0.03037766830870279
