17 0.23199999999999998 0.5923645320197044 0.16 0.012315270935960592
17 0.20533333333333334 0.5221674876847291 0.10666666666666666 0.012315270935960592
9 0.5013333333333333 0.12807881773399016 0.9973333333333333 0.2536945812807882
9 0.5013333333333333 0.3411330049261084 0.21866666666666665 0.10344827586206896
17 0.49066666666666664 0.4396551724137931 0.14933333333333332 0.027093596059113302
7 0.5013333333333333 0.5233990147783252 0.8266666666666667 0.054187192118226604
7 0.5013333333333333 0.5942118226600985 0.8266666666666667 0.05541871921182266
17 0.7706666666666666 0.6471674876847291 0.27199999999999996 0.011083743842364532
18 0.5026666666666666 0.7198275862068966 0.8293333333333333 0.05541871921182266
18 0.27599999999999997 0.8282019704433498 0.376 0.05541871921182266
18 0.728 0.8282019704433498 0.37866666666666665 0.05541871921182266
17 0.3933333333333333 0.9396551724137931 0.41866666666666663 0.014778325123152709
17 0.7173333333333333 0.9396551724137931 0.208 0.014778325123152709
