17 0.29533333333333334 0.7852323838080959 0.17466666666666666 0.018740629685157422
17 0.2806666666666667 0.6757871064467766 0.148 0.018740629685157422
17 0.30066666666666664 0.5693403298350824 0.188 0.018740629685157422
8 0.8573333333333333 0.7889805097451275 0.050666666666666665 0.018740629685157422
8 0.12733333333333333 0.7811094452773613 0.04933333333333333 0.035982008995502246
8 0.12733333333333333 0.6754122938530734 0.06 0.0239880059970015
8 0.12733333333333333 0.565592203898051 0.05733333333333333 0.03073463268365817
17 0.5 0.08170914542728636 0.24 0.022488755622188904
8 0.8966666666666666 0.08245877061469264 0.05466666666666666 0.029985007496251874
9 0.5006666666666667 0.2871064467766117 0.364 0.20539730134932532
18 0.5013333333333333 0.9104197901049474 0.8346666666666667 0.08470764617691154
7 0.5 0.7938530734632684 0.8373333333333333 0.06146926536731634
7 0.502 0.6900299850074962 0.8386666666666667 0.05322338830584707
7 0.5026666666666666 0.5790854572713643 0.8373333333333333 0.057721139430284854
0 0.5006666666666667 0.5003748125937031 0.9986666666666666 0.9992503748125937
