17 0.17962962962962964 0.8033854166666666 0.19444444444444445 0.0203125
17 0.16203703703703703 0.7140625 0.16481481481481483 0.020833333333333332
17 0.13333333333333333 0.6200520833333333 0.10370370370370371 0.0203125
17 0.14027777777777778 0.5270833333333333 0.1175925925925926 0.019791666666666666
8 0.5018518518518519 0.1921875 0.2740740740740741 0.15416666666666667
17 0.25 0.42526041666666664 0.15925925925925927 0.0265625
9 0.500462962962963 0.19322916666666667 0.9990740740740741 0.3854166666666667
7 0.5407407407407407 0.5341145833333333 0.9185185185185185 0.033854166666666664
7 0.5407407407407407 0.6263020833333334 0.9185185185185185 0.0328125
7 0.5393518518518519 0.71953125 0.9212962962962963 0.03177083333333333
7 0.5407407407407407 0.8104166666666667 0.9185185185185185 0.034375
18 0.500462962962963 0.9596354166666666 0.9990740740740741 0.08072916666666667
18 0.750462962962963 0.42265625 0.4990740740740741 0.0734375
