17 0.1857777777777778 0.5701970443349753 0.17777777777777778 0.013957307060755337
17 0.14533333333333334 0.4277504105090312 0.09511111111111112 0.014778325123152709
17 0.192 0.2947454844006568 0.18844444444444444 0.013957307060755337
20 0.5271111111111111 0.029351395730706074 0.8693333333333334 0.016009852216748766
8 0.09244444444444445 0.0841543513957307 0.02666666666666667 0.022167487684729065
17 0.25022222222222223 0.16666666666666666 0.30844444444444447 0.03858784893267652
17 0.7706666666666667 0.16666666666666666 0.26133333333333336 0.03858784893267652
17 0.48400000000000004 0.7270114942528736 0.7777777777777778 0.052545155993431854
18 0.5004444444444445 0.939655172413793 0.9991111111111112 0.12068965517241378
7 0.5008888888888889 0.576559934318555 0.8168888888888889 0.027504105090311984
7 0.5013333333333334 0.4353448275862069 0.8160000000000001 0.029967159277504103
7 0.5004444444444445 0.3009031198686371 0.8177777777777778 0.0270935960591133
