17 0.39866666666666667 0.6199400299850075 0.184 0.019490254872563718
17 0.4013333333333333 0.5299850074962519 0.184 0.019490254872563718
17 0.3506666666666667 0.44002998500749624 0.104 0.019490254872563718
17 0.39066666666666666 0.3500749625187406 0.184 0.019490254872563718
8 0.252 0.6206896551724138 0.04533333333333333 0.03298350824587706
9 0.252 0.5314842578710645 0.050666666666666665 0.02848575712143928
8 0.24666666666666665 0.4415292353823088 0.056 0.025487256371814093
8 0.24666666666666665 0.35157421289355323 0.04533333333333333 0.025487256371814093
7 0.52 0.6304347826086957 0.6453333333333333 0.05247376311844078
7 0.52 0.5419790104947526 0.6453333333333333 0.04947526236881559
7 0.512 0.45277361319340326 0.6453333333333333 0.047976011994003
7 0.512 0.36281859070464767 0.6453333333333333 0.047976011994003
17 0.5026666666666666 0.10644677661169415 0.728 0.029985007496251874
17 0.4973333333333333 0.17316341829085458 0.568 0.04947526236881559
8 0.5026666666666666 0.7586206896551724 0.17333333333333334 0.095952023988006
17 0.5013333333333333 0.9377811094452774 0.608 0.025487256371814093
2 0.5013333333333333 0.5194902548725637 0.832 0.48125937031484256
