17 0.3146666666666667 0.4077961019490255 0.16355555555555557 0.01699150424787606
17 0.3497777777777778 0.3088455772113943 0.23555555555555557 0.01699150424787606
8 0.16977777777777778 0.40879560219890054 0.035555555555555556 0.025987006496751622
8 0.16844444444444445 0.3098450774612694 0.043555555555555556 0.019990004997501247
17 0.7057777777777778 0.1504247876061969 0.12088888888888889 0.022988505747126436
8 0.08355555555555556 0.07071464267866066 0.03911111111111111 0.022488755622188904
17 0.42044444444444445 0.15092453773113443 0.3537777777777778 0.03698150924537731
7 0.5004444444444445 0.31059470264867567 0.8408888888888889 0.07546226886556721
7 0.5004444444444445 0.40954522738630683 0.8408888888888889 0.07546226886556721
18 0.5031111111111112 0.5534732633683158 0.44622222222222224 0.07246376811594203
17 0.5004444444444445 0.6751624187906047 0.3324444444444445 0.020989505247376312
18 0.5013333333333334 0.8245877061469266 0.8426666666666667 0.07296351824087956
18 0.5017777777777778 0.9190404797601199 0.8435555555555556 0.07296351824087956
9 0.5004444444444445 0.3735632183908046 0.9991111111111112 0.7461269365317341
