17 0.29555555555555557 0.420039980009995 0.16444444444444445 0.017491254372813594
17 0.332 0.3210894552723638 0.23555555555555557 0.01649175412293853
8 0.1511111111111111 0.4192903548225887 0.035555555555555556 0.025987006496751622
8 0.1497777777777778 0.32158920539730135 0.043555555555555556 0.019490254872563718
17 0.7057777777777778 0.16541729135432284 0.12088888888888889 0.022988505747126436
17 0.42044444444444445 0.16591704147926037 0.3537777777777778 0.03698150924537731
17 0.5013333333333334 0.6884057971014492 0.5973333333333334 0.02148925537231384
7 0.5004444444444445 0.3210894552723638 0.8408888888888889 0.09645177411294352
7 0.5004444444444445 0.420039980009995 0.8408888888888889 0.09645177411294352
18 0.5017777777777778 0.5729635182408795 0.8435555555555556 0.07246376811594203
18 0.5017777777777778 0.8245877061469266 0.8435555555555556 0.07296351824087956
18 0.5017777777777778 0.9190404797601199 0.8435555555555556 0.07296351824087956
0 0.5004444444444445 0.5002498750624688 0.9991111111111112 0.9995002498750625
