17 0.12952646239554316 0.4546875 0.09749303621169916 0.018750000000000003
17 0.16852367688022285 0.5296875 0.17548746518105848 0.018750000000000003
8 0.8941504178272981 0.52890625 0.055710306406685235 0.0234375
20 0.5013927576601671 0.017968750000000002 0.9972144846796658 0.0328125
9 0.18105849582172703 0.16953125000000002 0.24512534818941503 0.1390625
17 0.18662952646239556 0.28515625 0.233983286908078 0.029687500000000002
17 0.23537604456824512 0.32109375 0.33147632311977715 0.0234375
7 0.5027855153203342 0.46171875 0.871866295264624 0.0328125
7 0.5027855153203342 0.53515625 0.871866295264624 0.035937500000000004
18 0.5027855153203342 0.6296875000000001 0.8941504178272981 0.06875
17 0.5027855153203342 0.7093750000000001 0.30362116991643456 0.015625
18 0.5027855153203342 0.7937500000000001 0.871866295264624 0.05625
17 0.6824512534818942 0.8546875 0.116991643454039 0.021875000000000002
17 0.4233983286908078 0.853125 0.36211699164345407 0.018750000000000003
