17 0.324 0.30134932533733133 0.18933333333333333 0.020989505247376312
17 0.2813333333333333 0.21739130434782608 0.104 0.020989505247376312
7 0.5066666666666666 0.23463268365817092 0.72 0.05547226386806597
8 0.172 0.21889055472263869 0.050666666666666665 0.0239880059970015
8 0.17733333333333332 0.2991004497751124 0.04 0.037481259370314844
7 0.508 0.3110944527736132 0.7173333333333333 0.06146926536731634
17 0.5026666666666666 0.07946026986506746 0.14133333333333334 0.029985007496251874
8 0.06933333333333333 0.06146926536731634 0.03733333333333333 0.029985007496251874
18 0.504 0.4235382308845577 0.816 0.07646176911544228
17 0.5066666666666666 0.525487256371814 0.37866666666666665 0.022488755622188904
