17 0.5053333333333333 0.05997001499250375 0.248 0.020989505247376312
17 0.4973333333333333 0.1851574212893553 0.27466666666666667 0.025487256371814093
17 0.48266666666666663 0.22188905547226387 0.23466666666666666 0.020989505247376312
17 0.5599999999999999 0.2991004497751124 0.3466666666666667 0.043478260869565216
17 0.5053333333333333 0.4287856071964018 0.2693333333333333 0.0239880059970015
17 0.4573333333333333 0.46401799100449775 0.17866666666666667 0.019490254872563718
17 0.5346666666666666 0.5419790104947526 0.2906666666666667 0.043478260869565216
17 0.48933333333333334 0.671664167916042 0.25866666666666666 0.020989505247376312
17 0.48 0.7053973013493253 0.224 0.01649175412293853
17 0.5586666666666666 0.7833583208395802 0.33866666666666667 0.043478260869565216
8 0.21866666666666665 0.7136431784107946 0.19733333333333333 0.11094452773613193
8 0.21866666666666665 0.4700149925037481 0.20266666666666666 0.10944527736131934
8 0.22 0.22863568215892052 0.19999999999999998 0.10944527736131934
8 0.08133333333333333 0.05922038980509745 0.06666666666666667 0.022488755622188904
8 0.9213333333333333 0.060719640179910044 0.06133333333333333 0.031484257871064465
8 0.36533333333333334 0.2863568215892054 0.021333333333333333 0.017991004497751123
8 0.364 0.5284857571214393 0.024 0.01649175412293853
8 0.36533333333333334 0.7706146926536731 0.021333333333333333 0.014992503748125937
19 0.5013333333333333 0.05397301349325337 0.9973333333333333 0.10494752623688156
