17 0.33066666666666666 0.15442278860569714 0.48 0.0239880059970015
8 0.08 0.05997001499250375 0.064 0.0239880059970015
17 0.8946666666666666 0.06146926536731634 0.104 0.020989505247376312
17 0.5 0.05922038980509745 0.14133333333333334 0.022488755622188904
7 0.504 0.15517241379310345 0.9173333333333333 0.06746626686656672
17 0.10133333333333333 0.21889055472263869 0.10133333333333333 0.020989505247376312
17 0.3853333333333333 0.30134932533733133 0.27999999999999997 0.026986506746626684
17 0.36933333333333335 0.42278860569715143 0.248 0.0239880059970015
17 0.12133333333333333 0.512743628185907 0.14666666666666667 0.017991004497751123
17 0.39599999999999996 0.5997001499250375 0.30666666666666664 0.026986506746626684
17 0.388 0.7233883058470765 0.2853333333333333 0.02848575712143928
17 0.42133333333333334 0.8478260869565217 0.352 0.025487256371814093
17 0.3973333333333333 0.9730134932533733 0.30933333333333335 0.0239880059970015
8 0.124 0.3043478260869565 0.15733333333333333 0.08995502248875561
8 0.124 0.42728635682158916 0.15733333333333333 0.08995502248875561
8 0.12533333333333332 0.603448275862069 0.15466666666666667 0.08845577211394302
8 0.12533333333333332 0.7278860569715142 0.15466666666666667 0.08845577211394302
8 0.12533333333333332 0.8530734632683658 0.16 0.08995502248875561
8 0.124 0.9670164917541229 0.15733333333333333 0.06596701649175413
