8 0.5013333333333333 0.20877061469265368 0.2693333333333333 0.15217391304347824
17 0.8153333333333334 0.18403298350824587 0.16133333333333333 0.017241379310344827
17 0.18533333333333332 0.18553223388305848 0.16 0.021739130434782608
17 0.814 0.22601199400299848 0.076 0.029235382308845575
17 0.18666666666666665 0.2252623688155922 0.07466666666666666 0.029235382308845575
17 0.5013333333333333 0.3444527736131934 0.31466666666666665 0.029235382308845575
18 0.5013333333333333 0.4340329835082459 0.4026666666666667 0.06146926536731634
17 0.32266666666666666 0.5393553223388305 0.216 0.020239880059970013
17 0.9066666666666666 0.5401049475262368 0.10133333333333333 0.020239880059970013
17 0.9039999999999999 0.646551724137931 0.096 0.018740629685157422
17 0.352 0.5768365817091454 0.27466666666666667 0.021739130434782608
17 0.3233333333333333 0.6458020989505248 0.21466666666666667 0.020239880059970013
17 0.5326666666666666 0.7136431784107946 0.6386666666666666 0.08245877061469264
17 0.324 0.8099700149925038 0.216 0.020239880059970013
17 0.896 0.8099700149925038 0.112 0.020239880059970013
17 0.5313333333333333 0.8624437781109445 0.6386666666666666 0.05322338830584707
17 0.32266666666666666 0.9437781109445277 0.216 0.019490254872563718
17 0.8966666666666666 0.9441529235382309 0.11066666666666666 0.018740629685157422
17 0.534 0.9808845577211394 0.636 0.021739130434782608
17 0.49866666666666665 0.05922038980509745 0.13599999999999998 0.026986506746626684
8 0.07333333333333333 0.06409295352323838 0.056 0.023238380809595203
8 0.11333333333333333 0.5550974512743628 0.13599999999999998 0.07721139430284857
8 0.11466666666666667 0.6619190404797601 0.13599999999999998 0.07646176911544228
8 0.11466666666666667 0.8260869565217391 0.13599999999999998 0.07646176911544228
8 0.11333333333333333 0.9602698650674663 0.13599999999999998 0.07646176911544228
