20 0.5006666666666667 0.013493253373313342 0.9986666666666666 0.025487256371814093
17 0.5026666666666666 0.11431784107946026 0.304 0.03523238380809595
8 0.06533333333333333 0.060719640179910044 0.048 0.019490254872563718
8 0.9366666666666666 0.06184407796101949 0.04933333333333333 0.02623688155922039
17 0.18533333333333332 0.22638680659670163 0.13066666666666665 0.01649175412293853
17 0.5006666666666667 0.22601199400299848 0.10533333333333333 0.015742128935532233
17 0.834 0.22601199400299848 0.14533333333333334 0.017241379310344827
17 0.10066666666666667 0.3047226386806597 0.10533333333333333 0.015742128935532233
17 0.30866666666666664 0.30509745127436283 0.188 0.01649175412293853
17 0.44 0.33508245877061466 0.4613333333333333 0.017991004497751123
17 0.8753333333333333 0.32008995502248877 0.16133333333333333 0.04947526236881559
17 0.8786666666666666 0.4257871064467766 0.15733333333333333 0.04947526236881559
17 0.10466666666666666 0.4126686656671664 0.11333333333333333 0.015742128935532233
17 0.346 0.4126686656671664 0.26 0.017241379310344827
17 0.4473333333333333 0.44265367316341825 0.4653333333333333 0.017241379310344827
17 0.10466666666666666 0.5206146926536731 0.11599999999999999 0.015742128935532233
17 0.31 0.52023988005997 0.19066666666666665 0.01649175412293853
17 0.442 0.5502248875562219 0.4573333333333333 0.017991004497751123
17 0.8733333333333333 0.5337331334332833 0.16799999999999998 0.050974512743628186
17 0.10533333333333333 0.6285607196401799 0.11733333333333333 0.015742128935532233
17 0.346 0.628935532233883 0.26 0.01649175412293853
17 0.4453333333333333 0.6585457271364318 0.4613333333333333 0.015742128935532233
17 0.88 0.6413043478260869 0.15466666666666667 0.05172413793103448
17 0.8713333333333333 0.7492503748125937 0.164 0.05022488755622189
17 0.8793333333333333 0.8571964017991004 0.156 0.05172413793103448
17 0.106 0.7368815592203898 0.11599999999999999 0.01649175412293853
17 0.30933333333333335 0.7368815592203898 0.18666666666666665 0.01649175412293853
17 0.442 0.7664917541229385 0.45466666666666666 0.017241379310344827
17 0.346 0.8440779610194902 0.26 0.01649175412293853
17 0.44466666666666665 0.8740629685157421 0.45999999999999996 0.01649175412293853
17 0.10333333333333333 0.8444527736131934 0.11066666666666666 0.015742128935532233
8 0.12533333333333332 0.962143928035982 0.064 0.03523238380809595
8 0.6273333333333333 0.962143928035982 0.06533333333333333 0.03673163418290854
8 0.8746666666666666 0.9625187406296851 0.06666666666666667 0.037481259370314844
8 0.3773333333333333 0.962143928035982 0.06666666666666667 0.03673163418290854
1 0.5006666666666667 0.9625187406296851 0.9986666666666666 0.07496251874062969
12 0.5006666666666667 0.22788605697151423 0.9986666666666666 0.06296851574212893
