20 0.528 0.02832512315270936 0.8746666666666666 0.017241379310344827
17 0.5 0.12438423645320197 0.6053333333333333 0.08620689655172414
17 0.29466666666666663 0.3811576354679803 0.15733333333333333 0.04802955665024631
17 0.704 0.38238916256157635 0.224 0.05295566502463054
17 0.29333333333333333 0.5991379310344828 0.22933333333333333 0.05295566502463054
17 0.7066666666666667 0.5966748768472906 0.14933333333333332 0.04802955665024631
17 0.292 0.8152709359605912 0.22666666666666666 0.054187192118226604
17 0.7053333333333333 0.8158866995073891 0.22133333333333333 0.05295566502463054
13 0.5026666666666666 0.9094827586206896 0.22666666666666666 0.013546798029556651
9 0.296 0.2801724137931034 0.23466666666666666 0.10960591133004927
9 0.708 0.2801724137931034 0.2373333333333333 0.10960591133004927
9 0.296 0.49630541871921185 0.23466666666666666 0.11083743842364532
9 0.708 0.49692118226600984 0.2373333333333333 0.10960591133004927
9 0.296 0.7136699507389163 0.23466666666666666 0.10960591133004927
9 0.708 0.7136699507389163 0.2373333333333333 0.10960591133004927
