17 0.5026666666666666 0.05997001499250375 0.23199999999999998 0.0239880059970015
8 0.9186666666666666 0.05697151424287856 0.04533333333333333 0.03298350824587706
8 0.08 0.05997001499250375 0.064 0.0239880059970015
8 0.9039999999999999 0.15217391304347824 0.07466666666666666 0.037481259370314844
8 0.9013333333333333 0.4512743628185907 0.07466666666666666 0.038980509745127435
8 0.9026666666666666 0.7518740629685157 0.07733333333333334 0.04047976011994003
17 0.2786666666666667 0.944527736131934 0.20533333333333334 0.0239880059970015
17 0.2786666666666667 0.643928035982009 0.20533333333333334 0.022488755622188904
17 0.27999999999999997 0.34557721139430286 0.20266666666666666 0.022488755622188904
9 0.5013333333333333 0.252623688155922 0.9973333333333333 0.29235382308845576
8 0.096 0.3500749625187406 0.10133333333333333 0.05847076461769115
8 0.096 0.6484257871064467 0.10666666666666666 0.05847076461769115
9 0.5013333333333333 0.5509745127436282 0.9973333333333333 0.29535232383808097
9 0.5013333333333333 0.8500749625187406 0.9973333333333333 0.29685157421289354
8 0.096 0.9475262368815592 0.10133333333333333 0.05697151424287856
19 0.5013333333333333 0.05172413793103448 0.9973333333333333 0.10044977511244378
