5 0.4199438202247191 0.5896551724137931 0.17134831460674158 0.01793103448275862
5 0.18820224719101122 0.5896551724137931 0.1292134831460674 0.01793103448275862
17 0.44662921348314605 0.5889655172413792 0.11797752808988764 0.01655172413793103
17 0.21348314606741572 0.5889655172413792 0.07865168539325842 0.01655172413793103
8 0.12219101123595505 0.1606896551724138 0.05898876404494382 0.02896551724137931
8 0.5 0.26620689655172414 0.28651685393258425 0.15448275862068964
17 0.8314606741573034 0.1586206896551724 0.11797752808988764 0.019310344827586205
17 0.27247191011235955 0.1593103448275862 0.14606741573033707 0.020689655172413793
17 0.2247191011235955 0.3758620689655172 0.21348314606741572 0.01793103448275862
17 0.17696629213483145 0.46137931034482754 0.11797752808988764 0.020689655172413793
7 0.4199438202247191 0.4089655172413793 0.6095505617977528 0.037241379310344824
7 0.42134831460674155 0.4951724137931034 0.6123595505617977 0.03862068965517241
7 0.42134831460674155 0.6634482758620689 0.6123595505617977 0.03862068965517241
7 0.3848314606741573 0.7337931034482758 0.5393258426966292 0.03586206896551724
7 0.4831460674157303 0.8455172413793103 0.7303370786516854 0.07448275862068965
17 0.199438202247191 0.556551724137931 0.16292134831460675 0.01793103448275862
17 0.1853932584269663 0.6289655172413793 0.1348314606741573 0.019310344827586205
17 0.25280898876404495 0.6986206896551723 0.2696629213483146 0.020689655172413793
17 0.20646067415730338 0.7917241379310345 0.17696629213483145 0.01655172413793103
8 0.7036516853932584 0.7337931034482758 0.0646067415730337 0.03310344827586206
