8 0.07333333333333333 0.06446776611694152 0.050666666666666665 0.019490254872563718
9 0.26066666666666666 0.23800599700149924 0.27066666666666667 0.15217391304347824
9 0.7466666666666666 0.5149925037481259 0.2693333333333333 0.15142428785607195
9 0.2593333333333333 0.7916041979010494 0.27066666666666667 0.15142428785607195
8 0.9273333333333333 0.06371814092953523 0.04933333333333333 0.026986506746626684
17 0.4993333333333333 0.062218890554722635 0.15066666666666667 0.026986506746626684
17 0.6626666666666666 0.16079460269865067 0.26666666666666666 0.024737631184407794
17 0.71 0.2368815592203898 0.364 0.043478260869565216
17 0.622 0.31634182908545727 0.18533333333333332 0.031484257871064465
17 0.346 0.4389055472263868 0.268 0.024737631184407794
17 0.298 0.5149925037481259 0.36933333333333335 0.04497751124437781
17 0.3893333333333333 0.591079460269865 0.176 0.03073463268365817
17 0.6633333333333333 0.7158920539730135 0.2653333333333333 0.025487256371814093
17 0.7106666666666667 0.7916041979010494 0.36533333333333334 0.04497751124437781
17 0.622 0.8703148425787106 0.18533333333333332 0.031484257871064465
2 0.5 0.5149925037481259 0.976 0.272863568215892
2 0.5006666666666667 0.7919790104947526 0.9773333333333333 0.27211394302848574
2 0.5006666666666667 0.2383808095952024 0.9746666666666667 0.27136431784107945
