8 0.11599999999999999 0.9786356821589205 0.13066666666666665 0.04272863568215892
8 0.07333333333333333 0.06409295352323838 0.050666666666666665 0.018740629685157422
8 0.9273333333333333 0.06371814092953523 0.04933333333333333 0.026986506746626684
8 0.08066666666666666 0.23425787106446777 0.05466666666666666 0.027736131934032984
8 0.33999999999999997 0.23425787106446777 0.056 0.03073463268365817
17 0.5 0.06034482758620689 0.104 0.023238380809595203
17 0.3233333333333333 0.13680659670164916 0.21466666666666667 0.020239880059970013
17 0.354 0.17391304347826086 0.27599999999999997 0.020989505247376312
17 0.9053333333333333 0.13755622188905547 0.09333333333333332 0.017241379310344827
17 0.5066666666666666 0.23575712143928035 0.24533333333333332 0.020239880059970013
17 0.158 0.23463268365817092 0.06266666666666666 0.01649175412293853
17 0.9053333333333333 0.3065967016491754 0.096 0.017991004497751123
17 0.3233333333333333 0.3058470764617691 0.21466666666666667 0.019490254872563718
17 0.5326666666666666 0.3729385307346327 0.636 0.08170914542728636
17 0.15866666666666665 0.46664167916041976 0.064 0.017241379310344827
17 0.5073333333333333 0.46814092953523234 0.244 0.020239880059970013
17 0.8966666666666666 0.5318590704647675 0.108 0.017241379310344827
17 0.3233333333333333 0.530359820089955 0.21466666666666667 0.020239880059970013
17 0.532 0.5978260869565217 0.64 0.08020989505247376
17 0.5073333333333333 0.9175412293853074 0.244 0.019490254872563718
17 0.15866666666666665 0.9164167916041979 0.06666666666666667 0.017241379310344827
17 0.3233333333333333 0.9782608695652174 0.21733333333333332 0.019490254872563718
17 0.896 0.9790104947526237 0.11466666666666667 0.019490254872563718
8 0.3393333333333333 0.9167916041979011 0.05466666666666666 0.031484257871064465
8 0.07933333333333333 0.9160419790104948 0.05466666666666666 0.02848575712143928
9 0.58 0.7589955022488756 0.7333333333333333 0.22563718140929534
8 0.11533333333333333 0.5464767616191903 0.132 0.07496251874062969
8 0.11599999999999999 0.15254872563718141 0.13333333333333333 0.07571214392803598
8 0.07933333333333333 0.4662668665667166 0.05466666666666666 0.026986506746626684
8 0.33999999999999997 0.4662668665667166 0.056 0.029985007496251874
8 0.11399999999999999 0.32158920539730135 0.13466666666666666 0.07496251874062969
2 0.5 0.1866566716641679 0.976 0.1634182908545727
2 0.5 0.7196401799100449 0.976 0.4422788605697151
2 0.506 0.38530734632683655 0.9746666666666667 0.21739130434782608
