8 0.07333333333333333 0.06446776611694152 0.050666666666666665 0.019490254872563718
8 0.9273333333333333 0.06409295352323838 0.04933333333333333 0.027736131934032984
9 0.7526666666666666 0.23913043478260868 0.30533333333333335 0.17391304347826086
9 0.266 0.23875562218890553 0.30533333333333335 0.17316341829085458
17 0.502 0.05922038980509745 0.11866666666666666 0.017991004497751123
17 0.174 0.40554722638680657 0.24933333333333332 0.0239880059970015
17 0.6693333333333333 0.40554722638680657 0.25066666666666665 0.0239880059970015
17 0.7226666666666667 0.45202398800599697 0.36533333333333334 0.04497751124437781
17 0.22999999999999998 0.4523988005997001 0.36666666666666664 0.04422788605697151
17 0.17466666666666666 0.8482008995502248 0.25066666666666665 0.023238380809595203
17 0.19333333333333333 0.8826836581709145 0.29333333333333333 0.021739130434782608
17 0.6666666666666666 0.8478260869565217 0.25066666666666665 0.022488755622188904
17 0.6866666666666666 0.8830584707646176 0.29333333333333333 0.022488755622188904
9 0.2633333333333333 0.6802848575712144 0.30533333333333335 0.17466266866566715
9 0.7553333333333333 0.6799100449775112 0.30533333333333335 0.17391304347826086
