20 0.5253333333333333 0.02894088669950739 0.88 0.01847290640394089
9 0.208 0.8731527093596059 0.176 0.05172413793103448
17 0.14133333333333334 0.08066502463054187 0.08533333333333333 0.01847290640394089
17 0.432 0.08066502463054187 0.10133333333333333 0.01847290640394089
17 0.48266666666666663 0.18842364532019704 0.224 0.024630541871921183
17 0.4533333333333333 0.22229064039408866 0.16533333333333333 0.013546798029556651
17 0.4533333333333333 0.3602216748768473 0.16 0.023399014778325122
17 0.45199999999999996 0.3922413793103448 0.16799999999999998 0.01600985221674877
17 0.47733333333333333 0.5307881773399015 0.21333333333333332 0.024630541871921183
17 0.4573333333333333 0.5634236453201971 0.17333333333333334 0.01600985221674877
17 0.45599999999999996 0.7013546798029556 0.17066666666666666 0.023399014778325122
17 0.45199999999999996 0.7346059113300493 0.16799999999999998 0.01600985221674877
17 0.488 0.8713054187192119 0.24 0.02586206896551724
17 0.5053333333333333 0.9476600985221675 0.08266666666666667 0.01600985221674877
17 0.6746666666666666 0.9482758620689655 0.08 0.014778325123152709
17 0.8733333333333333 0.9476600985221675 0.07733333333333334 0.013546798029556651
17 0.2533333333333333 0.9476600985221675 0.08 0.01600985221674877
17 0.10133333333333333 0.9476600985221675 0.08533333333333333 0.01600985221674877
8 0.9279999999999999 0.08251231527093596 0.06933333333333333 0.03201970443349754
8 0.06133333333333333 0.08251231527093596 0.03733333333333333 0.027093596059113302
9 0.20666666666666667 0.2038177339901478 0.17333333333333334 0.08251231527093596
9 0.20533333333333334 0.375 0.176 0.08251231527093596
9 0.20666666666666667 0.5467980295566502 0.17333333333333334 0.0812807881773399
9 0.20666666666666667 0.7167487684729064 0.17333333333333334 0.0812807881773399
8 0.10133333333333333 0.9211822660098522 0.06933333333333333 0.03201970443349754
8 0.30266666666666664 0.9211822660098522 0.06666666666666667 0.029556650246305417
8 0.49866666666666665 0.9211822660098522 0.06933333333333333 0.03201970443349754
8 0.6973333333333334 0.9217980295566502 0.06666666666666667 0.02586206896551724
8 0.8986666666666666 0.9224137931034483 0.06933333333333333 0.03201970443349754
2 0.5013333333333333 0.854064039408867 0.9226666666666666 0.0874384236453202
2 0.5013333333333333 0.7173645320197044 0.9226666666666666 0.1539408866995074
2 0.5013333333333333 0.5461822660098522 0.9226666666666666 0.1539408866995074
2 0.5013333333333333 0.375 0.9226666666666666 0.1539408866995074
2 0.5013333333333333 0.2044334975369458 0.9226666666666666 0.15517241379310345
