20 0.5006666666666667 0.012743628185907047 0.9986666666666666 0.0239880059970015
17 0.5 0.05997001499250375 0.24 0.025487256371814093
17 0.3213333333333333 0.13530734632683658 0.21866666666666665 0.024737631184407794
17 0.35 0.17278860569715143 0.2786666666666667 0.024737631184407794
17 0.9039999999999999 0.13755622188905547 0.09866666666666667 0.020239880059970013
17 0.32066666666666666 0.2417541229385307 0.22266666666666665 0.023238380809595203
17 0.9073333333333333 0.24287856071964017 0.09999999999999999 0.020989505247376312
17 0.5306666666666666 0.3088455772113943 0.64 0.08395802098950525
17 0.3213333333333333 0.4051724137931034 0.22133333333333333 0.024737631184407794
17 0.8946666666666666 0.4085457271364318 0.12266666666666666 0.022488755622188904
17 0.528 0.4591454272863568 0.64 0.05172413793103448
17 0.32066666666666666 0.54047976011994 0.21733333333333332 0.022488755622188904
17 0.8953333333333333 0.5416041979010494 0.11599999999999999 0.021739130434782608
17 0.5293333333333333 0.5925787106446776 0.64 0.05172413793103448
17 0.32066666666666666 0.6746626686656672 0.21733333333333332 0.0239880059970015
17 0.8926666666666666 0.6761619190404797 0.12933333333333333 0.019490254872563718
17 0.35 0.7117691154422788 0.2786666666666667 0.023238380809595203
17 0.322 0.780359820089955 0.22 0.022488755622188904
17 0.8933333333333333 0.7811094452773613 0.12 0.022488755622188904
17 0.3506666666666667 0.8182158920539729 0.27999999999999997 0.023238380809595203
7 0.5006666666666667 0.9542728635682158 0.9986666666666666 0.08995502248875561
8 0.07066666666666667 0.06371814092953523 0.029333333333333333 0.022488755622188904
8 0.112 0.15142428785607195 0.13866666666666666 0.07796101949025487
8 0.11399999999999999 0.25824587706146923 0.13733333333333334 0.07871064467766117
8 0.11333333333333333 0.4224137931034483 0.13866666666666666 0.07721139430284857
8 0.11266666666666666 0.5565967016491754 0.13733333333333334 0.07721139430284857
8 0.112 0.691904047976012 0.13866666666666666 0.07496251874062969
8 0.112 0.7976011994002998 0.13866666666666666 0.07646176911544228
