20 0.500462962962963 0.012004989086373557 0.9990740740740741 0.023386342376052385
8 0.7171296296296297 0.5645463049579046 0.09722222222222222 0.03211724352977861
8 0.4277777777777778 0.5647022139070782 0.0962962962962963 0.032429061428125974
8 0.2833333333333333 0.5643903960087309 0.09444444444444444 0.032429061428125974
8 0.08287037037037037 0.04895541004053632 0.058333333333333334 0.019332709697536636
8 0.7837962962962963 0.04973495478640474 0.049074074074074076 0.017149984409105083
8 0.9157407407407407 0.04724041159962582 0.06851851851851852 0.019644527595884004
13 0.500462962962963 0.23027751792952914 0.11388888888888889 0.006548175865294667
9 0.500462962962963 0.14140941690053008 0.9972222222222222 0.2360461490489554
17 0.11203703703703705 0.2832865606485812 0.1537037037037037 0.01278453383224197
17 0.9189814814814815 0.2835983785469286 0.08611111111111111 0.01278453383224197
17 0.3787037037037037 0.3088556283130652 0.15925925925925927 0.009042719052073588
17 0.4949074074074074 0.36373557842220144 0.9212962962962963 0.07764265668849392
8 0.15046296296296297 0.3058933582787652 0.23055555555555557 0.012472715933894605
17 0.4990740740740741 0.4455877767383848 0.14444444444444446 0.010601808543810414
17 0.24027777777777778 0.47879638291237914 0.028703703703703703 0.009666354848768318
8 0.3717592592592593 0.4772372934206423 0.09351851851851853 0.03149360773308388
17 0.5023148148148149 0.47879638291237914 0.02314814814814815 0.009666354848768318
17 0.6328703703703704 0.47879638291237914 0.021296296296296296 0.009666354848768318
17 0.7643518518518518 0.47879638291237914 0.021296296296296296 0.009666354848768318
17 0.4990740740740741 0.532896788275647 0.14444444444444446 0.009978172747115684
8 0.5740740740740741 0.5647022139070782 0.09444444444444444 0.031805425631431246
18 0.7314814814814815 0.627221702525725 0.4277777777777778 0.0339881509198628
18 0.26944444444444443 0.6275335204240723 0.4277777777777778 0.0339881509198628
8 0.1513888888888889 0.6933270969753663 0.23055555555555557 0.01278453383224197
8 0.15092592592592594 0.784377923292797 0.23333333333333334 0.01278453383224197
8 0.15092592592592594 0.859526036794512 0.23333333333333334 0.01278453383224197
17 0.875925925925926 0.6970689117555348 0.17407407407407408 0.01153726223885251
17 0.3962962962962963 0.6970689117555348 0.19074074074074074 0.01153726223885251
17 0.475462962962963 0.729809791082008 0.8824074074074074 0.04334268787028375
17 0.8680555555555556 0.7879638291237917 0.19166666666666668 0.011225444340505144
17 0.3962962962962963 0.7881197380729653 0.19074074074074074 0.01091362644215778
17 0.41712962962962963 0.8141565325849703 0.763888888888889 0.029934518241347054
17 0.39537037037037037 0.8631119426255066 0.1925925925925926 0.011849080137199874
17 0.8930555555555556 0.862956033676333 0.14166666666666666 0.01153726223885251
17 0.49444444444444446 0.8972560024945432 0.9222222222222223 0.04583723105706267
18 0.500925925925926 0.9632054879950108 0.4277777777777778 0.03367633302151543
