20 0.5266666666666666 0.029556650246305417 0.8773333333333333 0.017241379310344827
19 0.5013333333333333 0.07758620689655173 0.9973333333333333 0.05172413793103448
17 0.44266666666666665 0.07881773399014778 0.10666666666666666 0.022167487684729065
17 0.13866666666666666 0.07943349753694581 0.09066666666666666 0.020935960591133004
17 0.49866666666666665 0.3645320197044335 0.528 0.03694581280788178
17 0.5 0.3996305418719212 0.104 0.01847290640394089
17 0.20666666666666667 0.6262315270935961 0.18933333333333333 0.020935960591133004
17 0.49866666666666665 0.6231527093596059 0.11733333333333333 0.017241379310344827
17 0.7933333333333333 0.625615763546798 0.15733333333333333 0.019704433497536946
8 0.9266666666666666 0.08251231527093596 0.072 0.012315270935960592
8 0.5 0.25307881773399016 0.3173333333333333 0.14901477832512317
8 0.20533333333333334 0.5523399014778325 0.224 0.09975369458128079
8 0.5013333333333333 0.5511083743842364 0.21333333333333332 0.09975369458128079
8 0.7933333333333333 0.5504926108374384 0.22133333333333333 0.10098522167487685
8 0.5013333333333333 0.7598522167487685 0.21866666666666665 0.10098522167487685
8 0.06266666666666666 0.08312807881773399 0.04 0.02832512315270936
