17 0.4993333333333333 0.05997001499250375 0.132 0.022488755622188904
8 0.074 0.06446776611694152 0.04933333333333333 0.019490254872563718
9 0.502 0.3785607196401799 0.6679999999999999 0.37631184407796103
17 0.5026666666666666 0.7162668665667166 0.376 0.03523238380809595
17 0.4993333333333333 0.7781109445277361 0.66 0.029985007496251874
17 0.208 0.8819340329835083 0.18133333333333332 0.024737631184407794
17 0.502 0.878935532233883 0.18266666666666667 0.020239880059970013
17 0.7939999999999999 0.8796851574212893 0.10533333333333333 0.020239880059970013
17 0.7933333333333333 0.931784107946027 0.09066666666666666 0.034482758620689655
17 0.5 0.9314092953523239 0.16 0.03523238380809595
17 0.20666666666666667 0.9314092953523239 0.09066666666666666 0.03373313343328336
