17 0.504 0.05997001499250375 0.112 0.020989505247376312
8 0.07066666666666667 0.06371814092953523 0.034666666666666665 0.031484257871064465
8 0.9066666666666666 0.05997001499250375 0.064 0.035982008995502246
17 0.54 0.15442278860569714 0.5626666666666666 0.050974512743628186
17 0.29466666666666663 0.20689655172413793 0.07733333333333334 0.017991004497751123
17 0.9039999999999999 0.22563718140929534 0.13866666666666666 0.019490254872563718
17 0.5653333333333334 0.3035982008995502 0.6186666666666667 0.04947526236881559
17 0.30533333333333335 0.356071964017991 0.09333333333333332 0.01649175412293853
17 0.888 0.3748125937031484 0.13866666666666666 0.014992503748125937
17 0.5213333333333333 0.45202398800599697 0.5253333333333333 0.04947526236881559
17 0.32 0.505247376311844 0.12266666666666666 0.017991004497751123
17 0.888 0.5239880059970015 0.13866666666666666 0.01649175412293853
17 0.54 0.603448275862069 0.568 0.04947526236881559
17 0.3 0.6559220389805097 0.088 0.01649175412293853
17 0.8893333333333333 0.6739130434782609 0.14133333333333334 0.01649175412293853
8 0.12666666666666665 0.17466266866566715 0.17333333333333334 0.09745127436281859
8 0.12933333333333333 0.3275862068965517 0.17333333333333334 0.09745127436281859
8 0.12666666666666665 0.47751124437781106 0.17333333333333334 0.09745127436281859
8 0.128 0.6259370314842578 0.17066666666666666 0.09745127436281859
19 0.5026666666666666 0.05397301349325337 0.9946666666666666 0.10494752623688156
