17 0.5 0.06034482758620689 0.09066666666666666 0.021739130434782608
8 0.9346666666666666 0.0595952023988006 0.072 0.03973013493253373
8 0.07333333333333333 0.06409295352323838 0.021333333333333333 0.017241379310344827
17 0.5 0.12706146926536732 0.30133333333333334 0.027736131934032984
17 0.492 0.1787856071964018 0.16533333333333333 0.027736131934032984
17 0.5006666666666667 0.2571214392803598 0.10266666666666667 0.0239880059970015
17 0.834 0.2544977511244378 0.15066666666666667 0.020239880059970013
17 0.16733333333333333 0.25487256371814093 0.13733333333333334 0.019490254872563718
17 0.4653333333333333 0.32533733133433285 0.20533333333333334 0.019490254872563718
17 0.5066666666666666 0.3748125937031484 0.2906666666666667 0.043478260869565216
17 0.5953333333333333 0.44115442278860567 0.172 0.020239880059970013
17 0.42333333333333334 0.43928035982008995 0.11866666666666666 0.0239880059970015
8 0.94 0.3886806596701649 0.021333333333333333 0.017241379310344827
17 0.4653333333333333 0.5056221889055472 0.20533333333333334 0.018740629685157422
17 0.5073333333333333 0.5543478260869565 0.28933333333333333 0.04272863568215892
17 0.426 0.618815592203898 0.12666666666666665 0.024737631184407794
17 0.5953333333333333 0.6206896551724138 0.172 0.019490254872563718
17 0.4653333333333333 0.6855322338830584 0.20533333333333334 0.018740629685157422
17 0.5066666666666666 0.7342578710644677 0.2906666666666667 0.04272863568215892
17 0.42133333333333334 0.7987256371814093 0.11466666666666667 0.023238380809595203
17 0.5953333333333333 0.8002248875562219 0.172 0.020239880059970013
9 0.18066666666666667 0.3886806596701649 0.23866666666666667 0.13418290854572712
8 0.9406666666666667 0.5685907046476761 0.022666666666666665 0.017241379310344827
9 0.18066666666666667 0.568215892053973 0.23866666666666667 0.13493253373313344
8 0.9406666666666667 0.7481259370314842 0.02 0.01649175412293853
9 0.18133333333333332 0.7485007496251874 0.24 0.13568215892053972
18 0.7666666666666666 0.9437781109445277 0.39999999999999997 0.07496251874062969
8 0.46066666666666667 0.9437781109445277 0.13466666666666666 0.07496251874062969
8 0.102 0.9437781109445277 0.13466666666666666 0.07496251874062969
17 0.27999999999999997 0.9437781109445277 0.03733333333333333 0.026986506746626684
